0 0
0 0
0 0
0 0
2337.84 0
0 0
0 0
3209.77 0
743.411 0
0 0
0 0
0 0
0 0
0 0
0 0
0 0
0 0
0 0
0 0
0 0
755.12 0
0 0
0 0
0 0
0 0
12930.5 0
0 0
0 0
0 0
0 0
0 0
0 0
0 0
0 0
0 0
0 0
0 0
0 0
0 0
0 0
0 0
664.756 0
0 0
0 0
0 0
0 0
12109.5 0
0 0
0 0
0 0
0 0
0 0
0 0
0 0
82.668 0
0 0
0 0
0 0
0 0
0 0
70.2652 0
73.7889 0
64.2148 0
0 0
0 0
0 0
0 0
1243.25 0
0 0
0 0
0 0
0 0
0 0
0 0
152.392 0
0 0
0 0
651405 0
0 0
1.71491e+06 0
0 0
22.9079 0
0 0
0 0
0 0
0 0
31.7401 0
0 0
0 0
0 0
0 0
0 0
0 0
0 0
0 0
48.3221 0
0 0
0 0
998.567 0
0 0
0 0
1132.02 0
0 0
0 0
2509.38 0
0 0
0 0
0 0
0 0
0 0
3369.25 0
0 0
0 0
3255.11 0
0 0
0 0
0 0
0 0
0 0
0 0
0 0
0 0
0 0
0 0
0 0
0 0
0 0
0 0
0 0
0 0
0 0
0 0
0 0
0 0
0 0
2317.75 0
0 0
0 0
0 0
0 0
0 0
0 0
101.659 0
384.915 0
0 0
0 0
0 0
0 0
0 0
0 0
0 0
0 0
331.5 0
0 0
0 0
0 0
0 0
0 0
817.482 0
0 0
0 0
0 0
0 0
0 0
0 0
0 0
0 0
1370.76 0
0 0
0 0
0 0
0 0
0 0
1903.01 0
0 0
0 0
0 0
0 0
0 0
0 0
0 0
5312.41 0
0 0
0 0
0 0
0 0
1113.52 0
0 0
0 0
0 0
0 0
1503.3 0
0 0
0 0
3918.55 0
0 0
0 0
0 0
0 0
0 0
0 0
0 0
0 0
0 0
0 0
0 0
0 0
0 0
0 0
4119.54 0
0 0
0 0
0 0
0 0
5715.87 0
0 0
0 0
0 0
0 0
0 0
5651.56 0
0 0
0 0
5588.37 0
0 0
0 0
5526.26 0
170.013 0
0 0
5345.75 0
0 0
0 0
0 0
82.5721 0
16.127 0
361.141 0
0 0
0 0
469.989 0
0 0
0 0
0 0
0 0
0 0
591.703 0
0 0
0 0
0 0
0 0
0 0
725.926 0
0 0
0 0
0 0
0 0
0 0
0 0
78.6685 0
0 0
0 0
0 0
0 0
1861.67 0
0 0
0 0
2098.81 0
0 0
0 0
2886.81 0
0 0
0 0
0 0
0 0
0 0
0 0
50.8289 0
0 0
4275.07 0
0 0
0 0
4787.21 0
0 0
0 0
0 0
0 0
0 0
5505.18 0
246.056 0
6.12046 0
6.06845 0
0 0
0 0
11.6644 0
0 0
0 0
0 0
0 0
220.695 0
0 0
0 0
527.968 0
0 0
0 0
883.535 0
0 0
0 0
0 0
0 0
0 0
0 0
0 0
0 0
0 0
0 0
0 0
1481.86 0
0 0
0 0
0 0
0 0
0 0
0 0
0 0
0 0
1921.51 0
0 0
0 0
0 0
88.4204 0
0 0
4305.07 0
0 0
38.0752 0
0 0
0 0
0 0
25.5236 0
0 0
0 0
0 0
0 0
0 0
0 0
0 0
0 0
0 0
0 0
0 0
0 0
0 0
0 0
0 0
16.0334 0
0 0
0 0
0 0
0 0
0 0
0 0
0 0
0 0
0 0
22.4507 0
0 0
0 0
0 0
5.01512 0
0 0
0 0
0 0
0 0
142.126 0
0 0
0 0
1766.84 0
0 0
0 0
1735.73 0
0 0
0 0
0 0
181.248 0
0 0
0 0
0 0
0 0
7412.98 0
0 0
779.069 0
0 0
0 0
0 0
393.691 0
42.7518 0
0 0
0 0
0 0
7.59734 0
0 0
132.535 0
13.5245 0
0 0
0 0
0 0
0 0
176.716 0
0 0
0 0
0 0
0 0
0 0
226.914 0
23.8195 0
0 0
660.994 0
0 0
0 0
0 0
0 0
0 0
0 0
0 0
0 0
0 0
93.5109 0
0 0
1597.32 0
26.5519 0
179.261 0
0 0
0 0
0 0
0 0
408.931 0
0 0
6.16373 0
0 0
0 0
0 0
0 0
0 0
0 0
0 0
0 0
0 0
0 0
0 0
0 0
3.96265 0
0 0
0 0
0 0
31.5997 0
0 0
0 0
0 0
0 0
0 0
2729.24 0
335.912 0
0 0
0 0
0 0
0 0
6345.63 0
280.957 0
0 0
0 0
0 0
0 0
5908.69 0
0 0
0 0
0 0
0 0
0 0
0 0
375.889 0
10.7048 0
0 0
143.479 0
0 0
0 0
0 0
263.496 0
0 0
56.5563 0
17.5333 0
0 0
0 0
0 0
0 0
47.9349 0
0 0
0 0
0 0
0 0
21.1348 0
0 0
0 0
0 0
0 0
0 0
0 0
0 0
0 0
0 0
3.34724 0
0 0
0 0
6.09173 0
0 0
0 0
0 0
0 0
0 0
0 0
0 0
0 0
0 0
0 0
113.69 0
7.44934 0
0 0
206.91 0
0 0
2.61749 0
0 0
0 0
0 0
4.16259 0
0 0
39.1644 0
0 0
75.3706 0
0 0
0 0
98.8249 0
0 0
276.023 0
0 0
0 0
343.111 0
0 0
0 0
0 0
0 0
73.934 0
7.67595 0
0 0
140.117 0
15.19 0
0 0
0 0
18.5245 0
0 0
0 0
0 0
0 0
0 0
0 0
0 0
0 0
0 0
0 0
0 0
0 0
0 0
0 0
0 0
5.46656 0
0 0
0 0
0 0
0 0
0 0
29.9663 0
0 0
81.0578 0
0 0
56.2743 0
0 0
12.2402 0
0 0
18.6744 0
0 0
23.8464 0
0 0
0 0
36.6039 0
0 0
0 0
0 0
0 0
0 0
0 0
0 0
0 0
0 0
0 0
0 0
0 0
0 0
0 0
0 0
0 0
0 0
0 0
0 0
0 0
0 0
0 0
0 0
0 0
0 0
0 0
0 0
5.92664 0
0 0
0 0
0 0
0 0
0 0
0 0
0 0
0 0
6.73104 0
5.03358 0
3.29396 0
0 0
0 0
3.25749 0
0 0
0 0
0 0
0 0
0 0
6.57755 0
0 0
0 0
0 0
0 0
0 0
0 0
0 0
165.534 0
0 0
0 0
0 0
0 0
0 0
180.395 0
0 0
0 0
0 0
0 0
0 0
0 0
0 0
0 0
0 0
0 0
0 0
0 0
13.8251 0
0 0
0 0
0 0
0 0
0 0
0 0
0 0
312.843 0
0 0
0 0
0 0
0 0
0 0
280.62 0
203.754 0
24.5561 0
0 0
0 0
0 0
766.206 0
154.009 0
0 0
0 0
185.467 0
0 0
1401.79 0
56.3565 0
0 0
1340.59 0
0 0
0 0
1728.43 0
0 0
0 0
0 0
0 0
13.0775 0
0 0
0 0
0 0
0 0
0 0
0 0
0 0
0 0
0 0
8.96426 0
0.989668 0
0 0
13.2978 0
0 0
0 0
0 0
0 0
1.6832 0
28.3946 0
0 0
41.7968 0
0 0
0 0
0 0
0 0
0 0
0 0
0 0
0 0
0 0
6.88782 0
1.7096 0
0 0
20.4974 0
3.35793 0
0 0
115.48 0
9.91592 0
0 0
226.918 0
0 0
0 0
0 0
0 0
0 0
197.688 0
0 0
0 0
234.336 0
46.5946 0
0 0
0 0
0 0
0 0
815.52 0
0 0
0 0
933.689 0
0 0
4.27671 0
0 0
0 0
0 0
0 0
0 0
0 0
0 0
0 0
7.59033 0
0 0
0 0
0 0
0 0
15.8086 0
0 0
30.7826 0
0 0
95.8606 0
8.30104 0
0 0
128.803 0
0 0
0 0
0 0
0 0
0 0
0 0
0 0
0 0
0 0
0 0
0 0
0 0
0 0
0 0
0 0
0 0
0 0
0 0
0 0
0 0
0 0
205.066 0
0 0
0 0
0 0
88.4093 0
0 0
0 0
0 0
7.81782 0
0 0
0 0
0 0
0 0
172.429 0
12.3555 0
0 0
0 0
0 0
0 0
0 0
0 0
0.726079 0
0 0
0 0
0 0
0 0
0 0
0 0
0 0
0 0
2.88315 0
0 0
0 0
0 0
0 0
0 0
0 0
0 0
0 0
0 0
0 0
0 0
0 0
0 0
0 0
0 0
0 0
0 0
0 0
0 0
96.7779 0
0 0
0 0
0 0
0 0
163.426 0
0 0
0 0
0 0
0 0
8.03165 0
31.3162 0
0 0
0 0
0 0
7.02522 0
1.32449 0
0 0
0 0
0 0
0 0
0 0
0 0
0 0
0 0
0 0
0 0
93.8576 0
0 0
218.117 0
0 0
0 0
0 0
0 0
0 0
383.743 0
0 0
0 0
0 0
20.9797 0
0 0
0 0
0 0
1.70061 0
0 0
25.4969 0
0 0
0 0
39.836 0
0 0
115.278 0
0 0
0 0
0 0
0 0
1.71604 0
0 0
11.3144 0
0 0
30.1706 0
0 0
0 0
0 0
0 0
0 0
0 0
0 0
0 0
0 0
0 0
5.71967 0
0 0
0 0
0 0
0 0
0 0
0 0
0 0
0 0
10.1566 0
0 0
0 0
0 0
0 0
5.07409 0
0 0
0 0
8.885 0
0 0
0 0
0 0
0 0
0 0
0 0
0 0
0 0
0 0
0 0
0 0
0 0
0 0
0 0
0 0
0 0
0 0
0 0
39.9221 0
0 0
0 0
0 0
0 0
145.638 0
0 0
0 0
0 0
0 0
0 0
0 0
0 0
7.91699 0
0 0
10.4817 0
0 0
0 0
0 0
0 0
0 0
0 0
1.49882 0
0 0
0 0
0 0
0 0
0 0
0 0
0 0
38.5193 0
0 0
0 0
0 0
0 0
0 0
47.989 0
0 0
0 0
0 0
0 0
0 0
0 0
6.02687 0
0.606735 0
1.06815 0
0 0
0 0
0 0
0 0
3.34011 0
0 0
0 0
0 0
0 0
0 0
10.434 0
0 0
0 0
0 0
3.50456 0
0 0
0 0
0 0
0 0
13.2302 0
0 0
0 0
0 0
0 0
0 0
0 0
0 0
0 0
0 0
0 0
0 0
0 0
0 0
0 0
0 0
0 0
0 0
0 0
0 0
0 0
0 0
0 0
0 0
18.8282 0
0 0
0 0
0 0
2.79647 0
0 0
42.3424 0
0 0
0 0
0 0
0 0
0 0
62.4307 0
0 0
0 0
0 0
0 0
18.003 0
2.71046 0
0 0
0 0
2.68345 0
584462 1
0 0
2.30497e+06 0
2117.96 0
0 0
0 0
4200.41 0
0 0
0 0
4010.53 0
0 0
0 0
0 0
0 0
0 0
0 0
1.59915 0
0 0
8.97606 0
0 0
0 0
0 0
0 0
0 0
0 0
0 0
0 0
0 0
0 0
2.80993 0
493.402 0
0 0
0 0
0 0
0 0
0 0
0 0
0 0
0 0
508.104 0
0 0
0 0
522.992 0
16.517 0
0 0
0 0
0 0
0 0
0 0
0 0
0 0
0 0
0 0
0 0
1219.08 0
0 0
0 0
0 0
8.77889 0
0 0
0 0
0 0
0 0
0 0
0 0
0.507553 0
0 0
0 0
0 0
0 0
0 0
0 0
0 0
0 0
0 0
0 0
2.62911 0
0 0
0 0
0 0
0 0
0 0
8.60686 0
0 0
0 0
12.933 0
0 0
0 0
0 0
0 0
0 0
0 0
2.80638 0
0 0
0 0
0 0
1.41132 0
0.503769 0
0 0
0 0
0 0
0 0
17.2603 0
0 0
0 0
0 0
0 0
0 0
0 0
0 0
0 0
0 0
0 0
0 0
23.2405 0
0 0
0 0
0 0
19.2897 0
0 0
0 0
20.7528 0
0 0
0 0
25.1788 0
0 0
0 0
0 0
0 0
0 0
0 0
8.47481 0
0 0
0 0
0 0
0 0
532.13 0
0 0
0 0
0 0
0 0
241.793 0
0 0
6.82402 0
0 0
0 0
0 0
0 0
0 0
0 0
0 0
0 0
0 0
0.988695 0
0 0
16.8581 0
0 0
6.57827 0
0 0
0 0
10.0228 0
0 0
0 0
0 0
0 0
0 0
0 0
0 0
0 0
0 0
0 0
0 0
0 0
1.6221 0
1.00983 0
0 0
0 0
0 0
0 0
0 0
0 0
0.666886 0
0.270274 0
0 0
0.879678 0
0 0
0 0
1.09396 0
0 0
0 0
0 0
0 0
0 0
7.35777 0
0 0
0 0
0 0
0 0
0 0
0 0
0 0
0 0
0 0
0 0
0 0
0 0
0 0
0 0
0 0
0 0
0 0
15.4095 0
0 0
31.2273 0
1.58991 0
0 0
0 0
0 0
0 0
55.5689 0
40.2774 0
0 0
76.4025 0
0 0
0 0
85.6547 0
6.44446 0
0.610857 0
0 0
0 0
0 0
0 0
0 0
0 0
1.96207 0
0 0
0 0
0 0
0.739822 0
0 0
0 0
0 0
0 0
0 0
0 0
0 0
0 0
0 0
0 0
0 0
0 0
0 0
18.8071 0
0 0
0 0
0 0
0 0
0 0
0 0
0 0
0 0
0 0
0 0
0 0
37.1702 0
0 0
0 0
0 0
0 0
0 0
0 0
0 0
12.9634 0
0 0
0 0
0 0
0 0
3.37463 0
0 0
0 0
4.9845 0
0 0
0 0
0 0
0.514488 0
0.407922 0
0 0
0 0
0 0
0 0
0 0
0 0
0 0
0 0
12.011 0
0 0
0 0
0 0
0 0
0 0
0 0
0 0
26.122 0
0 0
0 0
0 0
0 0
0.761443 0
0 0
0 0
0 0
0.198713 0
0 0
0 0
0.399561 0
0.963198 0
0 0
3.31348 0
0 0
0 0
0 0
0 0
0 0
0 0
0.52396 0
0 0
0 0
0 0
59.3719 0
5.01731 0
17.4469 0
0 0
0 0
17.1975 0
0 0
0 0
0 0
0 0
0 0
0 0
3.44325 0
0 0
53.3182 0
0 0
0 0
50.6384 0
0 0
0 0
0 0
5.61987 0
0 0
0 0
5.52901 0
0 0
0 0
0 0
0 0
87.1079 0
0 0
0 0
0 0
0 0
19.6078 0
0 0
19.4343 0
0 0
0 0
24.6219 0
0 0
0 0
0 0
0 0
0 0
0 0
0 0
0 0
0 0
3.29926 0
0 0
0 0
4.64563 0
0 0
77.3499 0
0 0
0 0
0 0
0 0
0 0
0 0
0 0
0 0
0 0
0 0
0 0
0 0
58.838 0
0 0
175.732 0
0 0
6.98237 0
1.58221 0
0 0
0 0
0 0
1.51619 0
0 0
0 0
0 0
0 0
0 0
0 0
0 0
0 0
10.5393 0
0 0
0 0
1.49886 0
1.975 0
80.4519 0
0 0
0 0
89.2355 0
7.33381 0
0 0
0 0
0 0
0 0
0 0
0 0
0 0
0 0
11.3275 0
0 0
0 0
0 0
0 0
0 0
20.2209 0
0 0
0 0
18.3538 0
1.60661 0
0 0
0 0
1.61411 0
1.17044 0
0 0
0 0
0 0
6.66884 0
20.7341 0
0 0
0 0
0 0
0 0
0 0
0 0
0 0
0 0
0 0
0 0
126.122 0
0 0
0 0
0 0
0 0
0.280837 0
0 0
0 0
0 0
0 0
14.4981 0
0 0
28.4194 0
0 0
0 0
428.258 0
23.0457 0
0 0
0 0
26.9513 0
0 0
0 0
0 0
0 0
0 0
0 0
1.03423 0
0.290692 0
0 0
0 0
0 0
0 0
0 0
0 0
0 0
2.5339 0
0.322003 0
0 0
0 0
0.493754 0
0 0
0 0
0 0
0 0
0 0
0 0
2.58127 0
0 0
130.177 0
0 0
0 0
0 0
0 0
0 0
0 0
17.3407 0
0 0
0 0
0 0
97752.5 0
0 0
0 0
0 0
0 0
0 0
0 0
76.6572 0
0 0
0 0
0 0
0.137835 0
0 0
0 0
1.22019 0
133.39 0
0 0
0 0
0 0
0 0
0 0
0 0
0 0
0 0
0 0
10.0598 0
0 0
0 0
15.6724 0
0 0
603.499 0
0 0
0 0
0 0
0 0
6.4932 0
1.11047 0
0.363465 0
0 0
0 0
0 0
0 0
0 0
0 0
0 0
0 0
678.991 0
4.25803 0
1.30057 0
0 0
0 0
2.42368 0
0 0
0 0
0 0
3.53958 0
0 0
0 0
0 0
0 0
32.5299 0
1.47597 0
0 0
0 0
0 0
0 0
0 0
0 0
0.0732276 0
0 0
0 0
0 0
0 0
0 0
0 0
0 0
0 0
0 0
0 0
0 0
0 0
0.123672 0
0 0
0 0
0 0
29.2511 0
0 0
59.4175 0
4.82066 0
0 0
57.7774 0
2.18895 0
0 0
0 0
2.19038 0
0.233997 0
0 0
0 0
0 0
0 0
1.7109 0
0 0
0 0
0 0
80.1048 0
0 0
0 0
76.6956 0
0 0
202.308 0
5.31153 0
0 0
0 0
0 0
0.0688105 0
0 0
0 0
0 0
0 0
0 0
0 0
0 0
0 0
0 0
0 0
1.23983 0
0.40567 0
0 0
0 0
0 0
0 0
0 0
1.23438 0
0 0
0 0
0 0
0.450829 0
0 0
0 0
0 0
0 0
5.25008 0
0 0
0 0
12.1216 0
0 0
0 0
0 0
1.35904 0
0 0
0 0
0 0
0 0
0 0
0 0
0 0
0 0
0 0
0 0
0 0
0 0
0 0
0 0
0 0
0 0
0 0
0 0
0 0
0 0
0 0
0.731153 0
0 0
0 0
0 0
474.916 0
0 0
1474.04 0
0 0
0 0
0 0
3.53925 0
0 0
0 0
0 0
0 0
0 0
0 0
0 0
1470.97 0
0 0
0.226716 0
4.49647 0
0 0
0 0
0 0
0 0
0 0
0 0
0 0
17.9921 0
0 0
0 0
14.3824 0
0 0
0 0
0 0
0 0
0 0
31.3049 0
9.12538 0
1.52924 0
0 0
0 0
0 0
0 0
37.3807 0
1.47879 0
0 0
0 0
5.63434 0
0 0
0 0
0 0
0 0
0 0
0 0
15.4609 0
0 0
0 0
0 0
0 0
0 0
0 0
0 0
0 0
0 0
0 0
0 0
0 0
0 0
0 0
0 0
0 0
0 0
0 0
0 0
155.985 0
0 0
0 0
0 0
0 0
0 0
0 0
0 0
0 0
0 0
0 0
0 0
0 0
0 0
0 0
0 0
36.2097 0
0 0
141.625 0
3.01355 0
0 0
0 0
0 0
0 0
155.74 0
0 0
0 0
160.524 0
0 0
0 0
180.559 0
0 0
0 0
996.788 0
0 0
531 0
0 0
0 0
745.349 0
2.48634 0
0 0
0 0
0 0
0 0
0 0
0 0
0.182832 0
0 0
0 0
0 0
0 0
1.48488 0
0 0
0 0
0 0
0 0
0 0
0 0
0.23176 0
0 0
4.4963 0
0 0
0 0
10.7928 0
0 0
3.02864 0
81.9796 0
0 0
0 0
0 0
0 0
0 0
0 0
0 0
0 0
0 0
3.04468 0
0 0
0 0
0 0
0 0
0 0
0 0
0 0
0 0
7.9327 0
0.21544 0
0 0
0 0
0.32298 0
0 0
0 0
0 0
0 0
0 0
0 0
0.0589324 0
22.5037 0
0 0
0 0
0 0
0 0
0 0
0 0
0 0
0 0
22.3622 0
0 0
0 0
0 0
0 0
0 0
0 0
0 0
0 0
0 0
0 0
0 0
0 0
0 0
0 0
0 0
0 0
70.7422 0
0 0
0.0990702 0
0 0
1.54229 0
0 0
7.94121 0
0 0
0 0
0 0
0 0
0 0
0 0
0 0
0 0
0 0
0 0
0 0
0 0
0 0
0 0
8.00383 0
0 0
5.68793 0
0 0
0.430095 0
0 0
0 0
0 0
1.13858 0
0.974032 0
0 0
2.86686 0
0.184589 0
0 0
0 0
0 0
0 0
0 0
0 0
0 0
7.25947 0
0 0
0 0
0 0
0.320982 0
4.33967 0
0 0
0 0
4.20693 0
0 0
0 0
0 0
0 0
0 0
4.11899 0
0 0
7.92259 0
2.04418 0
0 0
0 0
0 0
0.138565 0
0 0
2.24965 0
0.531152 0
2.65722 0
0 0
0 0
3.25185 0
0 0
0 0
0 0
0 0
0 0
0 0
0 0
0 0
55.0054 0
0 0
177.462 0
5.71717 0
0 0
0 0
0 0
0.230256 0
0.148703 0
0 0
0 0
0 0
0 0
0 0
0 0
0.0858329 0
0 0
0.48722 0
0 0
0 0
0 0
0 0
0.15514 0
0.617376 0
0 0
0 0
2.05359 0
0 0
0 0
1.72678 0
0 0
0 0
0 0
0 0
0 0
0 0
0 0
0 0
0 0
0 0
0 0
0 0
0 0
0 0
5.17569 0
0 0
0 0
0 0
0 0
16.7769 0
0 0
0 0
0 0
2.43003 0
0 0
0 0
0 0
0 0
3.28415e+11 1
0 0
0 0
0 0
0 0
3.89298e+11 0
0 0
0 0
2.21355e+11 0
0 0
0 0
0 0
0 0
19405.5 0
0 0
0 0
0 0
5545.92 0
19014.5 0
0 0
0 0
0 0
2389.17 0
0 0
0 0
0 0
0 0
0 0
0 0
0 0
0 0
0 0
0 0
0 0
0 0
0 0
0 0
3360.68 0
3944.23 0
0 0
0 0
0 0
0 0
0 0
0 0
0 0
38469.4 0
0 0
0 0
0 0
0 0
0 0
0 0
0 0
32391.6 0
862.247 0
0 0
53914.5 0
0 0
0 0
74353.8 0
0 0
60866.9 0
0 0
0 0
0 0
0 0
0 0
0 0
0 0
0 0
129267 0
9773.69 0
0 0
0 0
0 0
7329.57 0
0 0
0 0
0 0
0 0
0 0
0 0
8062.62 0
0 0
0 0
9603.96 0
0 0
0 0
0 0
0 0
25506.8 0
0 0
0 0
0 0
0 0
0 0
0 0
0 0
0 0
0 0
0 0
0 0
0 0
0 0
0 0
0 0
0 0
0 0
0 0
0 0
0 0
0 0
0 0
22087.6 0
0 0
17981.1 0
0 0
0 0
0 0
0 0
13468.2 0
0 0
18450 0
0 0
0 0
0 0
9540.66 0
5355.02 0
0 0
0 0
0 0
0 0
0 0
0 0
0 0
40843.9 0
0 0
0 0
0 0
0 0
0 0
0 0
1918.16 0
0 0
0 0
6400.02 0
0 0
0 0
0 0
0 0
0 0
0 0
0 0
92701 0
0 0
0 0
0 0
0 0
260786 0
0 0
0 0
0 0
0 0
0 0
0 0
22614.2 0
0 0
0 0
0 0
0 0
0 0
0 0
0 0
0 0
0 0
0 0
0 0
26543.3 0
0 0
0 0
0 0
0 0
0 0
0 0
7259.01 0
0 0
0 0
0 0
0 0
27034.7 0
0 0
0 0
68104.6 0
0 0
0 0
0 0
1727.84 0
0 0
347581 0
19264 0
0 0
0 0
0 0
0 0
0 0
0 0
0 0
0 0
21242.8 0
0 0
0 0
0 0
0 0
502482 0
0 0
0 0
0 0
0 0
0 0
0 0
0 0
0 0
0 0
0 0
13270.7 0
4217.46 0
0 0
0 0
0 0
0 0
0 0
0 0
0 0
0 0
0 0
0 0
0 0
0 0
4631.16 0
0 0
0 0
8320.5 0
0 0
37942.3 0
0 0
40210.2 0
0 0
0 0
61100.9 0
0 0
59104.8 0
12023.8 0
0 0
0 0
15884.2 0
0 0
0 0
0 0
0 0
0 0
0 0
0 0
0 0
0 0
2076.77 0
0 0
0 0
0 0
0 0
0 0
0 0
0 0
0 0
5638.99 0
0 0
0 0
0 0
7437.74 0
0 0
0 0
15579.9 0
0 0
0 0
0 0
0 0
0 0
0 0
0 0
122118 0
0 0
0 0
133203 0
0 0
0 0
0 0
0 0
0 0
0 0
0 0
0 0
0 0
0 0
0 0
0 0
0 0
0 0
0 0
0 0
0 0
0 0
0 0
0 0
2.82091e+09 1
4.99785e+07 0
0 0
0 0
0 0
0 0
0 0
5.67933e+07 0
5330.36 0
0 0
112767 0
0 0
0 0
0 0
0 0
0 0
0 0
6564.73 0
0 0
0 0
4494 0
0 0
0 0
0 0
0 0
0 0
0 0
0 0
0 0
0 0
0 0
0 0
0 0
1320.63 0
0 0
0 0
0 0
4119.22 0
0 0
0 0
0 0
7169.52 0
0 0
0 0
0 0
0 0
175765 0
0 0
0 0
0 0
0 0
0 0
0 0
0 0
286239 0
0 0
0 0
0 0
0 0
0 0
0 0
0 0
34933.4 0
0 0
0 0
0 0
0 0
0 0
0 0
0 0
0 0
39071.3 0
0 0
60867.7 0
0 0
9269.8 0
0 0
0 0
0 0
2997.79 0
0 0
0 0
0 0
0 0
0 0
5817.3 0
3165.2 0
5281.94 0
0 0
0 0
6409.78 0
0 0
0 0
0 0
0 0
0 0
0 0
5217.62 0
0 0
0 0
0 0
0 0
0 0
0 0
0 0
0 0
0 0
0 0
0 0
0 0
0 0
0 0
0 0
0 0
0 0
21439.1 0
0 0
0 0
25164.1 0
0 0
0 0
0 0
887.36 0
0 0
39975.7 0
0 0
5732.31 0
0 0
0 0
0 0
0 0
0 0
0 0
0 0
0 0
0 0
4272.52 0
0 0
0 0
0 0
0 0
0 0
0 0
0 0
0 0
0 0
20389 0
0 0
0 0
0 0
5692.78 0
0 0
63071.3 0
0 0
0 0
72232.9 0
0 0
0 0
81945.4 0
0 0
0 0
0 0
0 0
9808.33 0
3763.91 0
0 0
0 0
0 0
0 0
0 0
0 0
0 0
0 0
0 0
10892.6 0
2444.8 0
0 0
0 0
3183.53 0
0 0
0 0
7114.51 0
0 0
0 0
59466.4 0
5470.17 0
0 0
129438 0
0 0
0 0
0 0
0 0
0 0
0 0
5740.2 0
0 0
0 0
6729.08 0
0 0
0 0
0 0
3663.16 0
0 0
0 0
0 0
0 0
15736.3 0
0 0
0 0
16629.5 0
1627.02 0
0 0
0 0
0 0
4510.91 0
0 0
7490.69 0
0 0
0 0
0 0
3640.89 0
0 0
18390 0
0 0
0 0
0 0
0 0
20140.8 0
8.88071e+10 0
9.77333e+07 0
0 0
0 0
8.19279e+07 0
0 0
0 0
0 0
0 0
0 0
0 0
0 0
0 0
0 0
3175.33 0
0 0
0 0
0 0
0 0
0 0
0 0
0 0
3059.1 0
3131.92 0
0 0
0 0
0 0
0 0
3100.74 0
0 0
0 0
0 0
0 0
0 0
0 0
0 0
3038.08 0
0 0
0 0
3040.44 0
0 0
2991.84 0
0 0
2991.28 0
2974.9 0
0 0
0 0
2974.97 0
0 0
0 0
0 0
0 0
0 0
2977.34 0
0 0
3006.38 0
0 0
0 0
0 0
0 0
0 0
0 0
4324.27 0
0 0
0 0
0 0
0 0
0 0
0 0
0 0
5871.24 0
0 0
0 0
0 0
0 0
0 0
0 0
0 0
0 0
0 0
0 0
0 0
5871.21 0
0 0
2968.95 0
0 0
0 0
2975.94 0
0 0
2990 0
0 0
2991.81 0
0 0
0 0
0 0
0 0
0 0
0 0
0 0
0 0
0 0
0 0
0 0
0 0
0 0
0 0
0 0
0 0
0 0
0 0
0 0
0 0
0 0
0 0
0 0
0 0
2943.06 0
0 0
0 0
0 0
0 0
0 0
0 0
2948.75 0
0 0
0 0
0 0
0 0
0 0
0 0
0 0
0 0
0 0
0 0
0 0
0 0
0 0
0 0
0 0
0 0
0 0
0 0
0 0
0 0
0 0
0 0
0 0
0 0
0 0
0 0
0 0
0 0
0 0
0 0
0 0
0 0
2964.91 0
0 0
0 0
0 0
0 0
3012.15 0
0 0
0 0
3019.2 0
0 0
0 0
3021.64 0
0 0
0 0
0 0
0 0
3003.29 0
2923.1 0
2950.45 0
0 0
2961.34 0
0 0
2938.96 0
0 0
2936.86 0
0 0
2934.77 0
0 0
2932.67 0
0 0
0 0
0 0
0 0
0 0
0 0
2949.65 0
2918.7 0
0 0
0 0
0 0
0 0
0 0
0 0
0 0
0 0
0 0
0 0
0 0
0 0
0 0
2975.01 0
3922.2 0
0 0
0 0
0 0
0 0
0 0
0 0
0 0
0 0
0 0
2854.24 0
0 0
3223.01 0
0 0
2927.66 0
0 0
2929.09 0
2909.45 0
3149.85 0
0 0
0 0
0 0
0 0
0 0
3154.98 0
0 0
2942.1 0
3137.17 0
0 0
0 0
3176.54 0
2907.9 0
0 0
0 0
0 0
0 0
3097.5 0
0 0
0 0
0 0
0 0
0 0
0 0
0 0
0 0
0 0
0 0
2903.72 0
0 0
2918.27 0
0 0
0 0
0 0
0 0
0 0
0 0
0 0
0 0
0 0
0 0
0 0
0 0
0 0
0 0
0 0
2879.96 0
0 0
0 0
2886.94 0
0 0
2935.98 0
0 0
2934.23 0
0 0
0 0
0 0
0 0
2953.08 0
0 0
0 0
0 0
3078 0
0 0
0 0
0 0
0 0
0 0
0 0
0 0
0 0
0 0
0 0
3052.6 0
3510.56 0
2884.71 0
0 0
2904.51 0
0 0
0 0
0 0
0 0
0 0
2904.77 0
2854.09 0
2867.87 0
0 0
0 0
0 0
0 0
0 0
0 0
0 0
2876.24 0
0 0
0 0
0 0
0 0
0 0
2896.68 0
0 0
2903.44 0
0 0
0 0
0 0
0 0
2876.03 0
0 0
0 0
0 0
0 0
2857.67 0
0 0
0 0
0 0
0 0
0 0
0 0
0 0
0 0
0 0
0 0
2855.14 0
0 0
0 0
0 0
2853.03 0
0 0
0 0
0 0
2846.06 0
0 0
0 0
0 0
0 0
0 0
0 0
0 0
2861.28 0
0 0
0 0
2863.82 0
0 0
0 0
0 0
0 0
2848.96 0
0 0
0 0
2855.95 0
0 0
0 0
0 0
0 0
0 0
0 0
0 0
0 0
2896.47 0
0 0
0 0
0 0
0 0
2905.03 0
0 0
2854.05 0
0 0
0 0
0 0
0 0
2855.75 0
0 0
0 0
0 0
0 0
0 0
0 0
0 0
0 0
0 0
0 0
0 0
2862.76 0
2821.05 0
0 0
0 0
0 0
0 0
0 0
0 0
0 0
2877.17 0
0 0
0 0
0 0
2813.73 0
0 0
0 0
0 0
0 0
0 0
0 0
0 0
0 0
0 0
0 0
0 0
0 0
0 0
0 0
2816.29 0
0 0
0 0
2832.11 0
2812.94 0
2817.05 0
0 0
0 0
0 0
0 0
0 0
0 0
0 0
0 0
0 0
2815.21 0
2813.36 0
0 0
0 0
0 0
0 0
0 0
2813.73 0
0 0
2839.74 0
2799.78 0
0 0
0 0
0 0
0 0
2856.91 0
0 0
2814.36 0
2807.18 0
0 0
0 0
0 0
2798.75 0
0 0
0 0
0 0
2798.71 0
0 0
2829.13 0
0 0
2853.62 0
0 0
0 0
0 0
0 0
0 0
2860.64 0
0 0
0 0
2863.23 0
2776.8 0
0 0
2894.72 0
0 0
2792.71 0
0 0
0 0
0 0
2791.75 0
2777.81 0
0 0
0 0
0 0
0 0
0 0
0 0
0 0
0 0
0 0
0 0
0 0
0 0
2785.55 0
0 0
2846.77 0
0 0
0 0
2849.36 0
0 0
0 0
0 0
2768.54 0
2767.54 0
2774.41 0
0 0
0 0
0 0
0 0
0 0
2774.82 0
0 0
0 0
0 0
0 0
0 0
0 0
0 0
0 0
2781.8 0
0 0
2807.87 0
0 0
0 0
0 0
3344.56 0
0 0
2852.66 0
0 0
0 0
0 0
0 0
0 0
0 0
0 0
2786.11 0
0 0
0 0
2791.62 0
0 0
0 0
0 0
2746.76 0
2756.37 0
2806.45 0
0 0
0 0
0 0
0 0
0 0
0 0
2744.72 0
0 0
0 0
0 0
0 0
0 0
0 0
0 0
0 0
0 0
0 0
2835.75 0
0 0
0 0
2838.38 0
2773.83 0
0 0
0 0
2774.26 0
0 0
2912.7 0
0 0
0 0
0 0
0 0
0 0
0 0
0 0
0 0
0 0
0 0
0 0
2913.11 0
2893.6 0
0 0
0 0
0 0
0 0
0 0
0 0
0 0
0 0
0 0
0 0
0 0
2894.09 0
0 0
2924.23 0
0 0
0 0
0 0
0 0
0 0
0 0
2886.94 0
2731.06 0
0 0
0 0
0 0
0 0
0 0
2733.69 0
0 0
0 0
0 0
0 0
0 0
2736.33 0
0 0
0 0
2736.8 0
0 0
0 0
0 0
0 0
2749.63 0
0 0
0 0
0 0
2720.11 0
0 0
0 0
0 0
0 0
0 0
0 0
2731.74 0
0 0
0 0
2734.38 0
0 0
0 0
0 0
0 0
0 0
0 0
2864.48 0
0 0
0 0
0 0
0 0
0 0
0 0
0 0
2772.11 0
0 0
0 0
0 0
2835.19 0
0 0
0 0
0 0
0 0
0 0
2837.95 0
0 0
0 0
0 0
0 0
0 0
0 0
0 0
2788.61 0
0 0
0 0
0 0
0 0
0 0
2789.1 0
0 0
0 0
2791.77 0
2815.93 0
0 0
0 0
0 0
0 0
0 0
2836.66 0
2837.12 0
0 0
0 0
0 0
3188.08 0
0 0
0 0
0 0
0 0
0 0
0 0
0 0
0 0
3214.07 0
0 0
0 0
0 0
0 0
0 0
3252.9 0
0 0
0 0
0 0
0 0
3223.28 0
0 0
0 0
3223.82 0
0 0
0 0
0 0
3146.39 0
0 0
0 0
0 0
0 0
0 0
0 0
0 0
0 0
0 0
0 0
3247.84 0
0 0
0 0
0 0
0 0
0 0
0 0
0 0
2702.55 0
0 0
2704.24 0
0 0
0 0
0 0
0 0
0 0
0 0
0 0
0 0
2718.03 0
0 0
0 0
0 0
0 0
2813.11 0
0 0
0 0
0 0
0 0
0 0
0 0
0 0
0 0
0 0
0 0
0 0
2815.89 0
0 0
0 0
0 0
6083.37 0
0 0
0 0
0 0
2138.07 0
2698.68 0
0 0
0 0
0 0
2670.65 0
0 0
0 0
0 0
0 0
0 0
0 0
0 0
0 0
0 0
0 0
0 0
0 0
2698.34 0
0 0
0 0
0 0
0 0
2711 0
0 0
0 0
0 0
0 0
0 0
0 0
0 0
0 0
0 0
2666.32 0
0 0
0 0
0 0
0 0
0 0
0 0
0 0
0 0
0 0
0 0
0 0
0 0
0 0
0 0
0 0
2680.45 0
2668.27 0
0 0
0 0
2683.44 0
2660.82 0
0 0
0 0
0 0
0 0
0 0
0 0
0 0
0 0
2661.36 0
0 0
2705.72 0
0 0
2679.78 0
0 0
0 0
0 0
0 0
0 0
2956.22 0
3509.29 0
0 0
0 0
0 0
0 0
3184.73 0
0 0
0 0
0 0
0 0
0 0
0 0
0 0
0 0
3197.15 0
0 0
0 0
0 0
3505.34 0
0 0
0 0
3508.8 0
0 0
0 0
0 0
0 0
0 0
0 0
0 0
0 0
0 0
0 0
3220.87 0
0 0
0 0
0 0
0 0
0 0
0 0
3513.18 0
0 0
0 0
3516.65 0
3017.87 0
0 0
0 0
0 0
0 0
0 0
0 0
0 0
0 0
3020.87 0
2647.61 0
0 0
0 0
0 0
0 0
0 0
0 0
0 0
2667.61 0
2663.81 0
0 0
0 0
2672.67 0
0 0
0 0
2681.54 0
0 0
0 0
2692.51 0
0 0
0 0
0 0
0 0
0 0
0 0
0 0
0 0
2695.14 0
2618.45 0
0 0
0 0
0 0
2687.24 0
0 0
2650.24 0
0 0
0 0
0 0
0 0
0 0
0 0
0 0
0 0
0 0
0 0
0 0
0 0
0 0
0 0
2661.19 0
2680.32 0
0 0
0 0
0 0
0 0
0 0
2862.01 0
0 0
2906.74 0
0 0
0 0
0 0
0 0
0 0
0 0
0 0
0 0
0 0
0 0
0 0
0 0
2818.51 0
0 0
0 0
0 0
0 0
0 0
0 0
0 0
0 0
0 0
0 0
0 0
0 0
2630.43 0
0 0
0 0
0 0
0 0
0 0
2633.08 0
0 0
0 0
0 0
2615.38 0
0 0
0 0
0 0
0 0
0 0
0 0
0 0
0 0
0 0
0 0
0 0
0 0
0 0
3640.81 0
0 0
3928.94 0
2760.6 0
2621.1 0
0 0
0 0
0 0
0 0
0 0
0 0
0 0
0 0
0 0
0 0
0 0
0 0
0 0
0 0
0 0
0 0
0 0
0 0
2608.76 0
2611.55 0
0 0
0 0
0 0
2627.88 0
0 0
2650.67 0
0 0
0 0
2663.55 0
0 0
0 0
0 0
0 0
0 0
0 0
2590.6 0
0 0
0 0
0 0
2618.56 0
0 0
0 0
0 0
0 0
0 0
0 0
0 0
0 0
0 0
0 0
0 0
0 0
0 0
0 0
0 0
0 0
0 0
0 0
0 0
0 0
0 0
2594.48 0
0 0
0 0
2690.17 0
0 0
0 0
0 0
0 0
0 0
0 0
0 0
0 0
0 0
3660.13 0
0 0
0 0
0 0
0 0
0 0
0 0
0 0
2907.38 0
3665.13 0
0 0
0 0
0 0
0 0
0 0
0 0
2589.05 0
0 0
0 0
2593.72 0
0 0
0 0
2594.34 0
2585.93 0
0 0
0 0
0 0
0 0
0 0
0 0
0 0
2604.71 0
0 0
0 0
2617.52 0
0 0
2611.65 0
0 0
0 0
0 0
0 0
0 0
0 0
0 0
0 0
0 0
2582.58 0
0 0
0 0
0 0
0 0
0 0
0 0
2581.51 0
2581.21 0
2583.86 0
0 0
0 0
0 0
2575.33 0
0 0
0 0
0 0
0 0
0 0
2580 0
0 0
0 0
0 0
0 0
0 0
0 0
0 0
0 0
0 0
0 0
0 0
2587.88 0
0 0
2663.79 0
0 0
0 0
2664.43 0
0 0
2588.53 0
0 0
0 0
0 0
0 0
0 0
0 0
0 0
0 0
0 0
0 0
2571.79 0
0 0
0 0
2572.43 0
0 0
0 0
0 0
0 0
0 0
0 0
0 0
0 0
0 0
0 0
2602.47 0
0 0
2613.39 0
0 0
0 0
0 0
0 0
0 0
2620.12 0
0 0
2611.14 0
0 0
2601.44 0
0 0
2566.78 0
0 0
0 0
2567.43 0
0 0
0 0
0 0
0 0
0 0
0 0
0 0
0 0
2570.1 0
0 0
2741.12 0
3350.51 0
2552.77 0
2578.6 0
2546.14 0
0 0
0 0
0 0
0 0
0 0
2546.8 0
0 0
2662.99 0
0 0
0 0
0 0
0 0
0 0
0 0
2517.65 0
0 0
2776.53 0
0 0
0 0
2777.15 0
0 0
2662.57 0
0 0
0 0
0 0
0 0
0 0
2669.34 0
2529.27 0
0 0
0 0
0 0
0 0
0 0
0 0
0 0
2707.67 0
0 0
0 0
0 0
2502.16 0
0 0
0 0
0 0
0 0
0 0
0 0
0 0
0 0
0 0
2534.31 0
0 0
0 0
9348.71 0
0 0
0 0
0 0
3988.93 0
0 0
0 0
0 0
0 0
0 0
0 0
0 0
16443.4 0
0 0
0 0
16455.1 0
0 0
2538.81 0
0 0
0 0
0 0
0 0
0 0
0 0
0 0
0 0
2539.49 0
0 0
0 0
0 0
0 0
2531.14 0
2529.15 0
0 0
0 0
0 0
0 0
0 0
0 0
0 0
0 0
2567.67 0
0 0
0 0
0 0
0 0
2607.66 0
0 0
0 0
0 0
0 0
0 0
0 0
0 0
0 0
0 0
0 0
0 0
0 0
0 0
0 0
2608.34 0
0 0
0 0
0 0
0 0
0 0
0 0
0 0
0 0
2611.06 0
0 0
2528.35 0
0 0
0 0
0 0
0 0
0 0
2531.03 0
0 0
0 0
0 0
0 0
0 0
0 0
0 0
0 0
2533.72 0
0 0
0 0
0 0
0 0
0 0
0 0
2523.49 0
0 0
0 0
2524.19 0
0 0
0 0
0 0
0 0
2587.25 0
0 0
0 0
2599.97 0
0 0
2567.32 0
0 0
0 0
0 0
0 0
0 0
0 0
0 0
0 0
0 0
0 0
2512.51 0
0 0
0 0
0 0
0 0
0 0
0 0
0 0
0 0
0 0
0 0
0 0
0 0
0 0
2513.76 0
0 0
0 0
0 0
2505.35 0
0 0
2531.18 0
2511.84 0
0 0
0 0
0 0
0 0
0 0
0 0
0 0
0 0
0 0
2496.95 0
0 0
0 0
0 0
0 0
0 0
0 0
0 0
0 0
0 0
0 0
2565.28 0
0 0
0 0
0 0
0 0
0 0
0 0
0 0
2553.98 0
0 0
0 0
0 0
2499.51 0
0 0
0 0
0 0
0 0
0 0
0 0
0 0
2584.76 0
5442.37 0
0 0
0 0
0 0
4469.31 0
0 0
0 0
4513.96 0
2481.44 0
2493.21 0
0 0
0 0
0 0
2591.41 0
0 0
0 0
0 0
0 0
0 0
0 0
0 0
2541.26 0
2575.91 0
0 0
2559.36 0
0 0
0 0
0 0
0 0
0 0
0 0
0 0
0 0
0 0
0 0
0 0
0 0
0 0
0 0
2560.06 0
0 0
0 0
2578.5 0
0 0
0 0
0 0
0 0
0 0
0 0
0 0
2523.56 0
2476.36 0
0 0
0 0
0 0
0 0
0 0
0 0
0 0
0 0
0 0
0 0
0 0
0 0
0 0
0 0
0 0
0 0
0 0
0 0
0 0
0 0
2479.02 0
0 0
0 0
0 0
0 0
0 0
0 0
0 0
0 0
0 0
0 0
0 0
0 0
0 0
0 0
0 0
0 0
2553.63 0
0 0
0 0
0 0
0 0
0 0
2556.32 0
0 0
0 0
2562.93 0
0 0
0 0
0 0
0 0
0 0
0 0
2456 0
0 0
2580.81 0
0 0
0 0
0 0
0 0
0 0
0 0
0 0
0 0
0 0
0 0
2499.26 0
0 0
0 0
0 0
0 0
0 0
2517.5 0
0 0
0 0
0 0
0 0
0 0
2520.18 0
0 0
0 0
0 0
0 0
2528.45 0
0 0
0 0
0 0
0 0
0 0
2564.43 0
0 0
0 0
0 0
0 0
0 0
0 0
0 0
2544.1 0
0 0
0 0
0 0
0 0
0 0
0 0
0 0
0 0
0 0
0 0
0 0
2552.66 0
0 0
0 0
0 0
2448.55 0
0 0
0 0
0 0
0 0
0 0
0 0
2469.95 0
0 0
0 0
0 0
0 0
3961.8 1
0 0
0 0
0 0
0 0
0 0
0 0
0 0
5317.77 0
0 0
0 0
0 0
0 0
0 0
0 0
2376.55 0
0 0
0 0
2377.29 0
0 0
0 0
0 0
0 0
5361.57 0
0 0
0 0
5419.79 0
2356.46 0
0 0
0 0
2362.78 0
0 0
0 0
0 0
2451.62 0
2450.24 0
0 0
2471.5 0
0 0
0 0
0 0
356235 1
0 0
0 0
0 0
0 0
825422 0
0 0
0 0
0 0
0 0
0 0
0 0
0 0
0 0
765064 0
0 0
0 0
0 0
82074.2 0
0 0
0 0
0 0
0 0
0 0
0 0
2439.13 0
0 0
2484.22 0
2427.99 0
0 0
2728.25 0
0 0
0 0
2734.71 0
0 0
0 0
0 0
2361.55 0
2451.77 0
0 0
0 0
0 0
2431.35 0
2434.19 0
0 0
0 0
0 0
0 0
0 0
2436.74 0
0 0
0 0
0 0
0 0
0 0
0 0
2429.08 0
0 0
0 0
0 0
0 0
0 0
0 0
0 0
0 0
0 0
0 0
0 0
0 0
2429.43 0
0 0
0 0
0 0
2428.3 0
0 0
0 0
2429.02 0
2427.39 0
2424.42 0
0 0
0 0
0 0
2421.95 0
2423.16 0
0 0
2427.7 0
0 0
2423.74 0
2422.47 0
0 0
2437.36 0
0 0
0 0
0 0
0 0
2439.78 0
0 0
2440.28 0
0 0
0 0
0 0
0 0
0 0
2446.54 0
0 0
0 0
2456.5 0
0 0
0 0
0 0
0 0
0 0
0 0
0 0
0 0
0 0
0 0
2448.96 0
2869.99 0
0 0
0 0
0 0
2410.32 0
0 0
0 0
0 0
0 0
0 0
0 0
4.76058e+06 1
0 0
0 0
0 0
0 0
0 0
0 0
172126 0
0 0
9.56858e+06 0
0 0
0 0
0 0
0 0
0 0
0 0
0 0
2409.98 0
0 0
0 0
0 0
0 0
0 0
0 0
0 0
2421.72 0
2393.86 0
2412.17 0
0 0
0 0
0 0
0 0
0 0
0 0
0 0
0 0
2412.66 0
2393.01 0
0 0
2441.96 0
0 0
0 0
0 0
0 0
0 0
0 0
0 0
0 0
0 0
2382.42 0
0 0
0 0
0 0
2403.5 0
0 0
0 0
0 0
0 0
0 0
0 0
0 0
2411.44 0
0 0
0 0
0 0
2387.56 0
0 0
2418.92 0
0 0
0 0
0 0
0 0
0 0
0 0
0 0
0 0
0 0
0 0
0 0
0 0
0 0
0 0
0 0
2386.42 0
0 0
0 0
0 0
0 0
0 0
0 0
0 0
0 0
0 0
0 0
0 0
0 0
0 0
0 0
2388.5 0
0 0
0 0
0 0
2418.62 0
0 0
0 0
0 0
2377.06 0
0 0
2436.14 0
0 0
0 0
0 0
0 0
0 0
0 0
0 0
0 0
2444.62 0
0 0
0 0
2446.72 0
0 0
0 0
2452.01 0
0 0
0 0
0 0
0 0
0 0
0 0
0 0
0 0
0 0
0 0
0 0
0 0
0 0
0 0
0 0
0 0
0 0
2468.51 0
0 0
0 0
0 0
0 0
0 0
0 0
0 0
0 0
0 0
0 0
0 0
0 0
0 0
0 0
0 0
2368.56 0
0 0
0 0
2369.08 0
2453.62 0
0 0
0 0
2454.12 0
0 0
0 0
0 0
0 0
0 0
0 0
0 0
0 0
0 0
0 0
2504.78 0
0 0
2736.58 0
0 0
0 0
0 0
0 0
3175.38 0
0 0
0 0
3180.26 0
0 0
0 0
3180.93 0
0 0
0 0
0 0
3375.34 0
0 0
0 0
0 0
0 0
0 0
3398.49 0
0 0
0 0
0 0
0 0
0 0
0 0
0 0
0 0
0 0
0 0
0 0
0 0
0 0
0 0
3401.46 0
0 0
3221.2 0
0 0
2386.35 0
0 0
0 0
0 0
0 0
0 0
0 0
0 0
0 0
0 0
0 0
0 0
0 0
2359.69 0
2363.72 0
2362.69 0
0 0
2379.88 0
0 0
2378.96 0
2355.79 0
0 0
0 0
0 0
0 0
0 0
0 0
0 0
0 0
0 0
0 0
0 0
0 0
2360.11 0
0 0
0 0
0 0
0 0
2368.31 0
0 0
0 0
0 0
0 0
0 0
0 0
2352.82 0
2362.15 0
0 0
0 0
0 0
0 0
0 0
0 0
0 0
0 0
2378.37 0
0 0
0 0
2386.76 0
0 0
0 0
0 0
2342 0
2351.79 0
0 0
0 0
0 0
0 0
0 0
2352.33 0
0 0
0 0
0 0
0 0
2356.54 0
2350.18 0
0 0
0 0
0 0
2352.7 0
0 0
0 0
0 0
0 0
0 0
2361.06 0
2353.54 0
0 0
0 0
0 0
0 0
0 0
0 0
0 0
0 0
2365.02 0
0 0
0 0
0 0
0 0
0 0
0 0
2334.98 0
0 0
0 0
0 0
0 0
2387.08 0
0 0
0 0
0 0
0 0
2355.5 0
0 0
0 0
2356.05 0
0 0
0 0
2356.6 0
0 0
0 0
0 0
2334.43 0
2401.88 0
2339.73 0
2337.47 0
0 0
0 0
0 0
0 0
0 0
2400.54 0
2535.96 0
0 0
2465.89 0
0 0
0 0
2466.44 0
0 0
0 0
0 0
0 0
0 0
0 0
0 0
0 0
0 0
0 0
0 0
0 0
2523.4 0
0 0
2470.63 0
0 0
0 0
2471.18 0
0 0
0 0
0 0
0 0
2383.34 0
0 0
0 0
0 0
0 0
0 0
0 0
2314.64 0
2324.33 0
0 0
0 0
0 0
2336.57 0
2319.85 0
0 0
0 0
0 0
0 0
2440.64 0
0 0
0 0
0 0
0 0
0 0
0 0
0 0
0 0
0 0
0 0
0 0
0 0
0 0
0 0
0 0
2515.82 0
2319.8 0
0 0
0 0
0 0
0 0
0 0
2325.01 0
0 0
0 0
0 0
0 0
0 0
0 0
0 0
0 0
0 0
2315.06 0
0 0
2330.31 0
0 0
0 0
0 0
0 0
2320.64 0
0 0
0 0
0 0
0 0
0 0
0 0
0 0
0 0
0 0
0 0
0 0
0 0
0 0
0 0
0 0
0 0
0 0
2341.33 0
0 0
0 0
0 0
0 0
0 0
0 0
0 0
0 0
0 0
0 0
0 0
0 0
2309.27 0
2312.99 0
0 0
0 0
2325.91 0
0 0
0 0
0 0
0 0
0 0
0 0
2307.74 0
0 0
2335.75 0
0 0
0 0
0 0
0 0
0 0
0 0
0 0
0 0
0 0
0 0
0 0
0 0
0 0
0 0
0 0
0 0
0 0
2367.37 0
0 0
0 0
0 0
0 0
2369.09 0
0 0
0 0
0 0
2293.89 0
2309.72 0
0 0
0 0
0 0
0 0
2324.41 0
2300.6 0
0 0
0 0
2301.18 0
0 0
2333 0
0 0
2306.6 0
0 0
2330.28 0
0 0
0 0
0 0
0 0
0 0
0 0
0 0
0 0
2332.41 0
0 0
2360.64 0
0 0
2336.3 0
2287.31 0
0 0
0 0
0 0
0 0
0 0
0 0
0 0
0 0
0 0
0 0
0 0
0 0
0 0
0 0
0 0
0 0
0 0
0 0
0 0
2340.39 0
0 0
0 0
0 0
0 0
0 0
0 0
0 0
0 0
0 0
0 0
2297.97 0
0 0
2297.44 0
0 0
0 0
2305.7 0
0 0
0 0
0 0
0 0
0 0
0 0
0 0
2314.51 0
0 0
0 0
0 0
2317.14 0
0 0
2361.76 0
0 0
0 0
0 0
2322.74 0
0 0
0 0
0 0
2290.03 0
2285.34 0
0 0
0 0
2287.46 0
0 0
0 0
2289.58 0
0 0
0 0
2307.02 0
0 0
0 0
2316.81 0
2273.99 0
0 0
0 0
0 0
0 0
2333.55 0
0 0
0 0
0 0
0 0
0 0
2335.68 0
0 0
0 0
2336.28 0
0 0
0 0
0 0
0 0
2291.33 0
0 0
2291.1 0
0 0
0 0
0 0
0 0
0 0
0 0
0 0
0 0
0 0
0 0
0 0
2297.82 0
2270.08 0
0 0
0 0
2275.25 0
0 0
0 0
0 0
0 0
2340.04 0
0 0
0 0
0 0
0 0
0 0
0 0
0 0
0 0
0 0
0 0
0 0
0 0
0 0
0 0
0 0
0 0
0 0
2345.27 0
0 0
0 0
0 0
0 0
0 0
2367.97 0
0 0
0 0
0 0
0 0
0 0
0 0
0 0
0 0
0 0
0 0
0 0
0 0
2434.63 0
0 0
2386.51 0
2433.55 0
0 0
0 0
0 0
0 0
0 0
0 0
0 0
0 0
0 0
0 0
2624.09 0
0 0
0 0
0 0
2687.28 0
0 0
0 0
0 0
0 0
0 0
0 0
0 0
0 0
0 0
0 0
0 0
2688.01 0
0 0
0 0
0 0
0 0
0 0
0 0
0 0
0 0
2690.54 0
0 0
2962.05 0
0 0
0 0
0 0
0 0
0 0
0 0
2673.45 0
0 0
0 0
2679.58 0
2296.93 0
2529.34 0
0 0
0 0
2531.73 0
0 0
0 0
0 0
0 0
0 0
0 0
0 0
0 0
0 0
0 0
0 0
0 0
0 0
0 0
0 0
0 0
0 0
2534.11 0
0 0
0 0
0 0
2265.89 0
0 0
0 0
0 0
0 0
2290.03 0
2252.46 0
0 0
0 0
0 0
0 0
0 0
2254.59 0
0 0
0 0
2261.26 0
0 0
0 0
0 0
0 0
0 0
0 0
0 0
0 0
0 0
0 0
0 0
0 0
2251.54 0
0 0
0 0
2252.17 0
2255.65 0
0 0
2278.55 0
2243.65 0
0 0
0 0
0 0
2311.5 0
0 0
0 0
0 0
0 0
0 0
2315.64 0
2233.69 0
0 0
0 0
0 0
2249.92 0
2246.02 0
0 0
0 0
0 0
0 0
2262.8 0
0 0
0 0
0 0
2420.18 0
0 0
0 0
2422.48 0
0 0
0 0
2428.02 0
0 0
0 0
0 0
0 0
2300.42 0
0 0
0 0
2301.05 0
0 0
0 0
0 0
0 0
0 0
0 0
0 0
0 0
2303.2 0
0 0
2264.69 0
2397.22 0
0 0
0 0
0 0
0 0
0 0
0 0
0 0
2283.38 0
0 0
0 0
0 0
2379.94 0
0 0
2288.92 0
0 0
0 0
0 0
2398.92 0
0 0
0 0
0 0
0 0
0 0
0 0
0 0
2377.27 0
0 0
0 0
2385.61 0
3064.06 0
0 0
2419.67 0
0 0
0 0
2424.97 0
3155.53 0
0 0
0 0
0 0
0 0
0 0
0 0
0 0
0 0
3156.38 0
0 0
2543.69 0
0 0
0 0
0 0
3005.04 0
0 0
0 0
0 0
0 0
0 0
0 0
0 0
0 0
0 0
0 0
0 0
0 0
0 0
2670.47 0
0 0
0 0
0 0
0 0
0 0
0 0
0 0
0 0
0 0
0 0
0 0
0 0
2958.97 0
2224.89 0
0 0
0 0
0 0
0 0
0 0
2235.99 0
0 0
0 0
0 0
0 0
0 0
2238.13 0
2221.3 0
0 0
0 0
0 0
2222.17 0
2220.23 0
0 0
0 0
0 0
0 0
0 0
0 0
0 0
0 0
2234.31 0
2213.44 0
0 0
0 0
0 0
0 0
0 0
0 0
0 0
0 0
0 0
0 0
0 0
0 0
0 0
0 0
2214.09 0
0 0
0 0
0 0
2229.18 0
0 0
0 0
2231.32 0
0 0
2242.9 0
0 0
0 0
0 0
0 0
0 0
0 0
0 0
2222.28 0
2251.07 0
0 0
0 0
0 0
0 0
0 0
0 0
0 0
0 0
0 0
0 0
0 0
2251.72 0
0 0
2279.54 0
0 0
0 0
2284.71 0
2199.35 0
0 0
0 0
0 0
0 0
0 0
0 0
0 0
2298.06 0
0 0
0 0
2300.22 0
0 0
0 0
2302.38 0
2381.89 0
0 0
2730.97 0
0 0
2208.11 0
0 0
0 0
2211.73 0
0 0
0 0
2212.38 0
0 0
2215.03 0
0 0
2211.99 0
0 0
2216.21 0
0 0
0 0
2230.25 0
0 0
0 0
2244.33 0
2330.32 0
0 0
2285.77 0
2320.92 0
0 0
0 0
0 0
0 0
0 0
0 0
0 0
0 0
0 0
0 0
0 0
2326.32 0
2208.68 0
0 0
0 0
0 0
0 0
2233.8 0
0 0
0 0
2294.3 0
2166.93 0
0 0
0 0
0 0
0 0
0 0
0 0
0 0
2314.86 0
2223.25 0
0 0
0 0
0 0
0 0
0 0
0 0
0 0
0 0
0 0
0 0
0 0
0 0
0 0
0 0
0 0
2175.07 0
0 0
0 0
2180.13 0
0 0
0 0
0 0
0 0
0 0
0 0
0 0
0 0
0 0
0 0
0 0
2202.83 0
0 0
0 0
2206.43 0
2178.17 0
0 0
0 0
0 0
2185 0
2184.59 0
0 0
0 0
0 0
0 0
2195.27 0
2184.61 0
0 0
0 0
0 0
0 0
0 0
0 0
0 0
2204.99 0
0 0
0 0
2205.65 0
0 0
0 0
0 0
0 0
0 0
0 0
0 0
0 0
2216.66 0
0 0
2200.28 0
2196.61 0
0 0
2252.21 0
0 0
0 0
0 0
0 0
0 0
2297.78 0
2322.2 0
0 0
0 0
2326.03 0
0 0
2458.77 0
0 0
2182.59 0
0 0
0 0
2184.72 0
0 0
0 0
0 0
0 0
2186.97 0
0 0
0 0
0 0
0 0
2179.11 0
0 0
0 0
0 0
2182.48 0
0 0
0 0
2183.15 0
0 0
2203.89 0
0 0
2176.31 0
0 0
0 0
0 0
2166.12 0
0 0
2179.9 0
2164.82 0
2164.92 0
0 0
0 0
0 0
0 0
0 0
0 0
0 0
2171.95 0
2162.17 0
0 0
0 0
2195.03 0
2153.13 0
0 0
2233.38 0
0 0
0 0
0 0
2151.36 0
0 0
2251.77 0
0 0
0 0
0 0
0 0
0 0
0 0
2181.92 0
2155.55 0
0 0
0 0
2156.22 0
0 0
0 0
2171.44 0
0 0
0 0
0 0
0 0
2250.63 0
2136.54 0
0 0
0 0
0 0
0 0
0 0
0 0
0 0
0 0
0 0
0 0
0 0
2138.66 0
0 0
0 0
0 0
0 0
2258.45 0
0 0
0 0
0 0
0 0
0 0
0 0
2132.25 0
0 0
0 0
2143.03 0
0 0
0 0
0 0
0 0
2278.34 0
0 0
4378.78 0
0 0
6650.17 0
0 0
0 0
0 0
0 0
0 0
0 0
0 0
2152.46 0
0 0
0 0
0 0
0 0
0 0
0 0
0 0
0 0
0 0
2147.23 0
2148.69 0
0 0
0 0
0 0
0 0
0 0
0 0
0 0
0 0
0 0
0 0
0 0
0 0
0 0
0 0
0 0
0 0
0 0
0 0
0 0
0 0
0 0
0 0
0 0
0 0
2147.53 0
0 0
2154.9 0
0 0
2153.35 0
0 0
0 0
0 0
0 0
0 0
0 0
0 0
2173.72 0
0 0
0 0
0 0
0 0
0 0
0 0
0 0
0 0
0 0
2138.89 0
0 0
2185.48 0
0 0
0 0
0 0
2132.91 0
0 0
0 0
2135.04 0
0 0
0 0
0 0
0 0
0 0
0 0
2139.56 0
2145.37 0
0 0
0 0
0 0
0 0
2151.68 0
0 0
0 0
2153.82 0
0 0
0 0
0 0
0 0
2145.03 0
0 0
0 0
2157.31 0
0 0
0 0
0 0
0 0
2158.89 0
0 0
0 0
0 0
0 0
0 0
0 0
2325.18 0
0 0
0 0
0 0
0 0
0 0
2327.5 0
2133.01 0
0 0
2163.77 0
0 0
0 0
2164.46 0
0 0
2156.94 0
0 0
0 0
0 0
0 0
0 0
2159.08 0
0 0
0 0
0 0
0 0
0 0
0 0
0 0
0 0
0 0
2123.53 0
2136.19 0
0 0
0 0
0 0
0 0
0 0
0 0
0 0
0 0
0 0
0 0
0 0
0 0
0 0
0 0
0 0
2134.94 0
2136.69 0
2125.08 0
0 0
2147.97 0
0 0
0 0
0 0
0 0
0 0
0 0
0 0
2133.61 0
0 0
0 0
0 0
0 0
2132.19 0
0 0
2125.96 0
2122.62 0
0 0
0 0
0 0
0 0
2142.55 0
0 0
0 0
0 0
0 0
2146.36 0
0 0
2128.46 0
0 0
0 0
0 0
2118.49 0
0 0
0 0
0 0
0 0
2140.73 0
0 0
0 0
0 0
0 0
0 0
2142.87 0
2269.71 0
0 0
0 0
2272 0
0 0
0 0
0 0
0 0
0 0
0 0
0 0
0 0
0 0
0 0
0 0
0 0
0 0
0 0
2278.91 0
0 0
0 0
0 0
0 0
0 0
0 0
0 0
0 0
0 0
0 0
2163.01 0
0 0
0 0
0 0
0 0
0 0
0 0
0 0
0 0
0 0
2264.05 0
0 0
0 0
0 0
0 0
2208.67 0
0 0
0 0
2213.76 0
2306.35 0
0 0
0 0
0 0
0 0
0 0
0 0
0 0
2290.97 0
0 0
0 0
0 0
0 0
0 0
0 0
0 0
0 0
2293.2 0
2296.54 0
0 0
0 0
2317.67 0
2105.02 0
2126.5 0
0 0
0 0
0 0
2258.35 0
0 0
0 0
2262.17 0
0 0
0 0
0 0
2101.79 0
2108.21 0
0 0
0 0
0 0
0 0
0 0
2111.78 0
0 0
2118.43 0
2100.11 0
0 0
0 0
0 0
2112.47 0
0 0
0 0
0 0
0 0
0 0
2117.47 0
0 0
0 0
0 0
2103.93 0
0 0
0 0
0 0
0 0
0 0
0 0
0 0
0 0
0 0
0 0
0 0
0 0
0 0
0 0
2117.49 0
2108.53 0
0 0
0 0
0 0
0 0
2151.83 0
0 0
0 0
2152.54 0
2090.5 0
2100.87 0
2134.24 0
2209.32 0
0 0
0 0
0 0
0 0
0 0
2214.57 0
0 0
2193.09 0
0 0
0 0
0 0
0 0
0 0
0 0
0 0
2096.74 0
0 0
2109.24 0
0 0
0 0
2109.95 0
2128.18 0
0 0
0 0
0 0
2084.16 0
0 0
0 0
0 0
0 0
0 0
0 0
0 0
0 0
0 0
2090.99 0
0 0
0 0
0 0
2089.9 0
0 0
0 0
0 0
0 0
0 0
2090.61 0
0 0
0 0
0 0
0 0
0 0
0 0
2088.1 0
2086.36 0
0 0
0 0
0 0
0 0
0 0
2358.71 0
2017.83 0
0 0
0 0
0 0
0 0
0 0
0 0
0 0
0 0
0 0
0 0
0 0
2022.67 0
0 0
2458.92 0
0 0
0 0
0 0
0 0
0 0
0 0
0 0
0 0
0 0
0 0
2088.15 0
0 0
0 0
0 0
0 0
2089.63 0
0 0
2087.13 0
0 0
0 0
0 0
2084.15 0
2089.1 0
0 0
2118.64 0
0 0
0 0
0 0
2073.01 0
0 0
0 0
0 0
0 0
0 0
0 0
0 0
0 0
0 0
0 0
2132.66 0
0 0
0 0
0 0
0 0
0 0
2133.37 0
0 0
0 0
0 0
0 0
0 0
2177.1 0
0 0
0 0
0 0
2062.08 0
0 0
0 0
0 0
2074.21 0
0 0
0 0
0 0
0 0
0 0
0 0
0 0
2094.47 0
0 0
0 0
0 0
2069.9 0
2074.78 0
0 0
0 0
0 0
0 0
0 0
0 0
0 0
0 0
0 0
0 0
0 0
0 0
0 0
2081.25 0
0 0
0 0
0 0
2126.64 0
0 0
0 0
0 0
2056.18 0
0 0
0 0
2061.09 0
0 0
2154.61 0
0 0
0 0
2155.33 0
2057.38 0
0 0
0 0
2059.5 0
0 0
2171.82 0
0 0
2071.82 0
0 0
0 0
0 0
2066.06 0
0 0
0 0
2066.78 0
2067.87 0
0 0
0 0
0 0
2064.01 0
0 0
0 0
0 0
2064.08 0
0 0
2072.69 0
0 0
0 0
2168.36 0
0 0
2189.47 0
0 0
0 0
2198.84 0
0 0
0 0
0 0
0 0
0 0
0 0
2055.22 0
0 0
2245.69 0
0 0
0 0
2246.41 0
0 0
0 0
2254.41 0
0 0
2083.49 0
0 0
0 0
0 0
0 0
0 0
0 0
0 0
0 0
2123.72 0
0 0
0 0
0 0
0 0
2125.27 0
2040.76 0
0 0
0 0
0 0
0 0
0 0
0 0
0 0
0 0
0 0
0 0
0 0
0 0
0 0
0 0
0 0
0 0
0 0
0 0
0 0
2135.97 0
0 0
0 0
0 0
0 0
0 0
0 0
0 0
0 0
0 0
0 0
0 0
0 0
0 0
2068.88 0
0 0
0 0
0 0
0 0
2204.68 0
0 0
0 0
0 0
0 0
2229.27 0
0 0
0 0
0 0
0 0
0 0
0 0
0 0
2061.85 0
0 0
2063.43 0
0 0
2053.54 0
0 0
0 0
0 0
0 0
0 0
2054.27 0
2048.95 0
0 0
0 0
2053.85 0
0 0
0 0
0 0
0 0
2070.99 0
0 0
2363.98 0
2189.46 0
0 0
0 0
0 0
0 0
0 0
0 0
0 0
0 0
0 0
0 0
0 0
0 0
0 0
0 0
0 0
0 0
0 0
0 0
0 0
0 0
0 0
0 0
0 0
0 0
0 0
0 0
0 0
0 0
0 0
2194.7 0
2046.99 0
0 0
0 0
0 0
2055.41 0
0 0
0 0
0 0
0 0
0 0
0 0
2048.34 0
0 0
0 0
0 0
2041.86 0
2043.07 0
0 0
0 0
0 0
0 0
0 0
2043.8 0
2044.16 0
0 0
0 0
2057.38 0
0 0
2071.19 0
0 0
2069.06 0
0 0
2075.16 0
0 0
0 0
2082.88 0
2091.92 0
0 0
0 0
0 0
2021.4 0
0 0
0 0
0 0
2034.73 0
2038.97 0
0 0
0 0
0 0
0 0
0 0
2041.08 0
0 0
0 0
2045.97 0
0 0
2056.72 0
0 0
0 0
0 0
0 0
0 0
0 0
0 0
0 0
0 0
0 0
2058.99 0
0 0
2068.01 0
0 0
0 0
0 0
0 0
2049.46 0
0 0
0 0
0 0
0 0
2063.95 0
0 0
2080.42 0
0 0
2051.74 0
2024.86 0
0 0
0 0
0 0
0 0
0 0
0 0
2031.42 0
0 0
2039.26 0
0 0
0 0
0 0
0 0
0 0
0 0
0 0
0 0
0 0
2025.15 0
0 0
0 0
2028.64 0
0 0
0 0
0 0
0 0
2048.22 0
0 0
0 0
0 0
2033.38 0
0 0
0 0
0 0
0 0
2069.42 0
0 0
0 0
2085.47 0
0 0
0 0
0 0
0 0
2052.89 0
0 0
0 0
0 0
0 0
0 0
2055.01 0
2013.82 0
0 0
2069.18 0
0 0
0 0
0 0
0 0
0 0
2072.7 0
0 0
0 0
0 0
2097.1 0
0 0
0 0
0 0
0 0
0 0
0 0
0 0
0 0
0 0
0 0
0 0
0 0
0 0
0 0
0 0
2018.91 0
0 0
0 0
0 0
0 0
0 0
0 0
0 0
0 0
0 0
0 0
0 0
0 0
0 0
0 0
0 0
0 0
0 0
0 0
0 0
0 0
0 0
0 0
2031.6 0
0 0
0 0
0 0
2014.43 0
2016.74 0
0 0
0 0
0 0
0 0
0 0
0 0
0 0
2025.46 0
2014.64 0
2015.85 0
0 0
0 0
0 0
2013.85 0
0 0
0 0
0 0
0 0
0 0
0 0
2013.59 0
0 0
2023.67 0
0 0
2035.52 0
0 0
0 0
0 0
0 0
0 0
0 0
0 0
2034.98 0
2005.92 0
0 0
0 0
0 0
0 0
0 0
0 0
0 0
0 0
2008.02 0
0 0
0 0
0 0
0 0
2045.7 0
0 0
2017.88 0
0 0
0 0
0 0
0 0
0 0
0 0
0 0
0 0
0 0
0 0
0 0
0 0
0 0
0 0
0 0
0 0
0 0
0 0
0 0
0 0
0 0
0 0
0 0
0 0
0 0
0 0
0 0
0 0
2016.51 0
2007.47 0
2008.32 0
2083.41 0
0 0
0 0
2085.54 0
0 0
0 0
0 0
0 0
2124.09 0
1998.43 0
0 0
0 0
0 0
0 0
2157.26 0
1971.61 0
0 0
0 0
0 0
2008.38 0
0 0
0 0
0 0
0 0
0 0
0 0
0 0
0 0
2015.95 0
0 0
0 0
0 0
0 0
0 0
2019.43 0
0 0
0 0
0 0
0 0
0 0
0 0
0 0
0 0
0 0
0 0
0 0
0 0
0 0
0 0
0 0
2087.32 0
0 0
0 0
0 0
0 0
0 0
2095.21 0
1998.26 0
0 0
0 0
0 0
0 0
0 0
0 0
0 0
0 0
2004.46 0
0 0
2026.71 0
1996.21 0
0 0
0 0
0 0
0 0
0 0
0 0
1999 0
1996.03 0
0 0
0 0
2044.6 0
1983.73 0
0 0
2064.5 0
0 0
0 0
0 0
1986.45 0
2005.46 0
2004.37 0
0 0
2036.77 0
0 0
0 0
2049.87 0
0 0
2017.15 0
0 0
1994.44 0
0 0
1996.18 0
2038.56 0
0 0
2151.98 0
0 0
0 0
0 0
0 0
0 0
0 0
0 0
0 0
0 0
0 0
1990.27 0
0 0
0 0
0 0
0 0
0 0
0 0
1991.28 0
0 0
2004.46 0
0 0
0 0
2005.21 0
1985.45 0
0 0
0 0
0 0
0 0
0 0
0 0
0 0
0 0
0 0
0 0
0 0
0 0
0 0
0 0
0 0
0 0
0 0
0 0
0 0
0 0
0 0
0 0
0 0
0 0
1990.84 0
1992.21 0
0 0
0 0
0 0
0 0
0 0
1999.74 0
0 0
2033.2 0
0 0
0 0
0 0
0 0
0 0
2036.69 0
1971.13 0
0 0
0 0
0 0
0 0
0 0
1971.88 0
0 0
2048.37 0
0 0
0 0
0 0
1972.9 0
0 0
0 0
0 0
0 0
0 0
0 0
0 0
0 0
0 0
0 0
0 0
1975 0
0 0
0 0
0 0
0 0
0 0
0 0
0 0
2064.34 0
0 0
0 0
0 0
1961.76 0
0 0
0 0
1963.85 0
0 0
0 0
0 0
0 0
0 0
1964.6 0
0 0
2073.13 0
1955.87 0
0 0
0 0
1957.96 0
0 0
0 0
1960.05 0
1974.29 0
0 0
0 0
0 0
0 0
1990.21 0
1970.93 0
0 0
0 0
0 0
0 0
0 0
2001.38 0
0 0
0 0
0 0
0 0
0 0
2006.2 0
0 0
2042.08 0
0 0
0 0
0 0
0 0
0 0
0 0
1960 0
0 0
2063.66 0
0 0
0 0
0 0
0 0
0 0
0 0
1949.38 0
0 0
2082.06 0
0 0
0 0
2082.82 0
2030.7 0
0 0
0 0
0 0
0 0
0 0
0 0
0 0
0 0
0 0
0 0
0 0
0 0
0 0
0 0
0 0
0 0
0 0
0 0
1978.28 0
0 0
0 0
1980.39 0
1963.46 0
0 0
0 0
0 0
0 0
1989.8 0
0 0
0 0
0 0
0 0
0 0
1990.56 0
0 0
1969.45 0
0 0
0 0
0 0
0 0
0 0
1971.55 0
0 0
1971.69 0
0 0
0 0
1973.8 0
0 0
0 0
1974.56 0
0 0
0 0
0 0
0 0
1993.2 0
0 0
0 0
0 0
1952.91 0
0 0
0 0
1953.67 0
0 0
0 0
0 0
0 0
0 0
0 0
0 0
2002.79 0
0 0
0 0
2004.9 0
0 0
0 0
0 0
1955.47 0
0 0
0 0
1997.82 0
0 0
0 0
1998.58 0
1943.1 0
0 0
0 0
1946.52 0
0 0
0 0
0 0
0 0
0 0
0 0
0 0
0 0
0 0
0 0
0 0
0 0
0 0
0 0
1947.28 0
0 0
0 0
1956.04 0
0 0
0 0
0 0
1953.19 0
0 0
0 0
1955.29 0
0 0
0 0
0 0
1951.89 0
0 0
0 0
0 0
1954.09 0
1951.82 0
0 0
1957.06 0
1959.31 0
0 0
0 0
0 0
0 0
1972.55 0
0 0
0 0
0 0
0 0
0 0
0 0
0 0
0 0
1976 0
1944.91 0
0 0
0 0
0 0
0 0
1985.45 0
1941.61 0
1947.25 0
1956.38 0
0 0
0 0
0 0
0 0
0 0
0 0
0 0
0 0
1961.15 0
0 0
1970.99 0
1942.61 0
1944.04 0
0 0
0 0
0 0
0 0
0 0
0 0
0 0
1956.66 0
0 0
1952.44 0
0 0
1949.1 0
0 0
0 0
0 0
0 0
0 0
1951.2 0
0 0
0 0
0 0
1943.77 0
0 0
0 0
1945.87 0
0 0
0 0
0 0
1943 0
1940.49 0
0 0
1956.84 0
0 0
0 0
1988.4 0
0 0
0 0
0 0
0 0
0 0
0 0
0 0
0 0
0 0
0 0
0 0
0 0
0 0
0 0
0 0
1926.03 0
0 0
0 0
0 0
0 0
0 0
0 0
0 0
0 0
0 0
0 0
0 0
1933.42 0
0 0
2012.29 0
0 0
0 0
0 0
0 0
1944.57 0
0 0
0 0
0 0
0 0
1951.38 0
0 0
0 0
0 0
0 0
0 0
0 0
0 0
0 0
2008.4 0
2725.67 0
1950.09 0
0 0
0 0
0 0
0 0
0 0
1952.19 0
0 0
0 0
0 0
0 0
0 0
0 0
0 0
0 0
0 0
1929.47 0
1933.91 0
0 0
0 0
0 0
0 0
0 0
0 0
0 0
0 0
0 0
0 0
0 0
0 0
0 0
0 0
1934.68 0
1932.44 0
0 0
0 0
1979.8 0
1918.86 0
0 0
0 0
0 0
1931.13 0
0 0
0 0
0 0
0 0
0 0
0 0
0 0
1936.69 0
0 0
0 0
0 0
0 0
1935.06 0
0 0
238717 1
0 0
0 0
236524 0
0 0
0 0
0 0
100766 0
1927.77 0
0 0
1932.51 0
1926.57 0
0 0
0 0
0 0
0 0
0 0
0 0
0 0
1964.45 0
0 0
0 0
0 0
0 0
0 0
1965.2 0
0 0
0 0
0 0
1914.89 0
1922.81 0
0 0
0 0
0 0
0 0
0 0
0 0
0 0
0 0
0 0
0 0
0 0
1926.16 0
1921.02 0
0 0
0 0
1923.07 0
0 0
0 0
0 0
0 0
0 0
0 0
0 0
0 0
1925.11 0
0 0
0 0
0 0
0 0
0 0
0 0
1920.33 0
0 0
0 0
0 0
1920.83 0
0 0
0 0
0 0
0 0
1930.16 0
0 0
1949.11 0
1911.89 0
0 0
0 0
1912.64 0
0 0
0 0
0 0
0 0
1961.72 0
0 0
0 0
0 0
0 0
0 0
0 0
0 0
0 0
0 0
0 0
0 0
0 0
0 0
0 0
0 0
0 0
0 0
0 0
0 0
0 0
0 0
0 0
0 0
0 0
1907.24 0
0 0
0 0
0 0
0 0
0 0
0 0
1919.96 0
1915.79 0
0 0
0 0
1920.42 0
1928.24 0
1918.79 0
0 0
0 0
0 0
0 0
0 0
0 0
0 0
0 0
0 0
0 0
0 0
0 0
1932.93 0
0 0
0 0
0 0
0 0
0 0
1970.08 0
0 0
0 0
0 0
0 0
0 0
0 0
1896.35 0
0 0
0 0
0 0
0 0
0 0
1900.95 0
0 0
0 0
1928.71 0
0 0
0 0
1933.33 0
0 0
0 0
0 0
0 0
0 0
0 0
0 0
0 0
0 0
0 0
0 0
1936.66 0
0 0
2083.37 0
0 0
0 0
0 0
0 0
0 0
0 0
0 0
0 0
0 0
1901.92 0
0 0
0 0
1911.72 0
0 0
0 0
1913.77 0
0 0
0 0
0 0
0 0
2116.28 0
0 0
0 0
2121.1 0
0 0
1957.33 0
1893.04 0
0 0
1982.82 0
0 0
1930.82 0
0 0
0 0
1934.16 0
1946.27 0
0 0
1944.09 0
0 0
0 0
0 0
0 0
0 0
0 0
0 0
0 0
0 0
0 0
0 0
0 0
0 0
0 0
9407.07 1
0 0
0 0
9676.21 0
0 0
0 0
0 0
8814.61 0
0 0
0 0
8823.48 0
0 0
24594.2 0
0 0
0 0
0 0
0 0
0 0
24631.9 0
0 0
0 0
0 0
0 0
0 0
0 0
0 0
0 0
0 0
0 0
1918.7 0
0 0
0 0
1927.09 0
0 0
1912.45 0
1900.69 0
1896.46 0
0 0
0 0
0 0
0 0
1910.86 0
0 0
0 0
0 0
0 0
0 0
0 0
0 0
1910.82 0
0 0
0 0
0 0
0 0
0 0
0 0
0 0
0 0
0 0
0 0
0 0
0 0
1936.01 0
0 0
0 0
0 0
0 0
0 0
0 0
0 0
0 0
0 0
1891.72 0
1945.83 0
0 0
0 0
0 0
0 0
1921.12 0
1936.15 0
0 0
0 0
0 0
1891.69 0
1892.19 0
0 0
0 0
0 0
0 0
0 0
0 0
0 0
1905.35 0
0 0
0 0
0 0
0 0
0 0
0 0
0 0
0 0
0 0
1889.02 0
0 0
1911.86 0
0 0
0 0
0 0
0 0
0 0
0 0
0 0
0 0
1918.96 0
0 0
0 0
1924.79 0
0 0
1911.22 0
0 0
0 0
0 0
1885.07 0
1891.49 0
0 0
1898.74 0
1885.9 0
0 0
0 0
0 0
0 0
0 0
0 0
0 0
1902.86 0
0 0
1889.18 0
0 0
0 0
1889.92 0
0 0
0 0
0 0
1890.23 0
0 0
0 0
0 0
1882.74 0
0 0
0 0
1910 0
0 0
0 0
0 0
0 0
0 0
0 0
1884.76 0
0 0
1936.89 0
0 0
0 0
1938.92 0
0 0
0 0
1943.49 0
1874.07 0
0 0
0 0
0 0
0 0
0 0
1889.87 0
0 0
1977.6 0
0 0
0 0
1982.21 0
0 0
1891.37 0
0 0
0 0
0 0
0 0
0 0
0 0
0 0
0 0
1893.38 0
0 0
0 0
1897.91 0
0 0
1899.09 0
0 0
0 0
0 0
0 0
0 0
0 0
0 0
1900.66 0
0 0
0 0
0 0
0 0
0 0
1901.41 0
1870.14 0
0 0
1923.22 0
0 0
0 0
0 0
1865.65 0
0 0
1931.14 0
0 0
0 0
1933.16 0
0 0
0 0
0 0
1872.43 0
1870.12 0
0 0
0 0
0 0
0 0
1890.52 0
1915.59 0
0 0
0 0
0 0
0 0
0 0
1916.36 0
0 0
0 0
0 0
0 0
0 0
0 0
0 0
0 0
0 0
0 0
0 0
0 0
1872.05 0
0 0
0 0
0 0
1872.8 0
1870.71 0
1878.06 0
0 0
0 0
0 0
0 0
1885.38 0
0 0
0 0
0 0
0 0
0 0
0 0
0 0
0 0
0 0
0 0
1871.8 0
1867.45 0
0 0
0 0
1869.45 0
0 0
0 0
0 0
1870.2 0
0 0
0 0
0 0
0 0
1881.84 0
0 0
0 0
0 0
0 0
0 0
0 0
0 0
0 0
0 0
0 0
0 0
0 0
0 0
0 0
1887.62 0
0 0
0 0
0 0
1914.94 0
0 0
0 0
0 0
0 0
0 0
0 0
0 0
1912.98 0
0 0
1875.63 0
1862.68 0
0 0
0 0
0 0
0 0
0 0
0 0
0 0
0 0
0 0
0 0
0 0
1867.18 0
0 0
0 0
0 0
0 0
1899.87 0
0 0
1881.68 0
0 0
0 0
0 0
0 0
0 0
0 0
0 0
0 0
0 0
0 0
0 0
1883.68 0
0 0
0 0
1888.2 0
0 0
0 0
0 0
0 0
0 0
1890.21 0
0 0
1878.08 0
0 0
0 0
0 0
0 0
0 0
0 0
1880.17 0
0 0
0 0
1880.92 0
0 0
0 0
0 0
0 0
1913.3 0
1850.99 0
1879.62 0
0 0
0 0
0 0
0 0
0 0
0 0
0 0
0 0
0 0
0 0
0 0
1886.63 0
1850.39 0
1875.05 0
0 0
0 0
0 0
0 0
0 0
0 0
0 0
1886.3 0
0 0
0 0
1892.08 0
0 0
0 0
0 0
0 0
0 0
0 0
0 0
0 0
1896.6 0
0 0
1901.25 0
0 0
0 0
0 0
1851.53 0
0 0
0 0
0 0
0 0
1923.74 0
0 0
0 0
0 0
1844.72 0
0 0
0 0
0 0
0 0
0 0
0 0
0 0
0 0
0 0
1854.81 0
0 0
0 0
0 0
1852.5 0
0 0
0 0
0 0
0 0
1875.28 0
0 0
1873.06 0
0 0
0 0
0 0
0 0
1857.1 0
0 0
0 0
1859.1 0
0 0
0 0
0 0
0 0
1867.66 0
0 0
0 0
0 0
0 0
0 0
1869.66 0
0 0
0 0
0 0
0 0
0 0
1876.65 0
0 0
0 0
0 0
0 0
0 0
0 0
0 0
0 0
1893.64 0
1837.46 0
1849.55 0
0 0
0 0
0 0
0 0
0 0
0 0
0 0
1855.12 0
0 0
1849.58 0
0 0
0 0
0 0
0 0
0 0
1854.06 0
0 0
0 0
0 0
0 0
0 0
0 0
0 0
0 0
0 0
0 0
0 0
0 0
0 0
0 0
1856.05 0
0 0
0 0
1856.81 0
0 0
0 0
0 0
0 0
0 0
0 0
1878.46 0
0 0
1864.49 0
0 0
0 0
0 0
0 0
0 0
0 0
0 0
0 0
0 0
0 0
0 0
0 0
0 0
0 0
1865.25 0
0 0
1850.59 0
0 0
0 0
0 0
1840.93 0
0 0
0 0
0 0
1845.83 0
0 0
1851.06 0
1847.82 0
0 0
1865.85 0
0 0
0 0
0 0
0 0
0 0
0 0
1837.36 0
0 0
0 0
0 0
0 0
1879.01 0
1831.85 0
0 0
0 0
0 0
0 0
1887.32 0
0 0
1851.99 0
0 0
0 0
1852.75 0
0 0
0 0
0 0
0 0
0 0
0 0
0 0
0 0
1855.98 0
0 0
0 0
0 0
0 0
1857.27 0
0 0
1842.32 0
0 0
1840.95 0
0 0
0 0
0 0
1838.15 0
1837.68 0
0 0
0 0
0 0
0 0
1847.36 0
0 0
0 0
0 0
0 0
1837.16 0
0 0
1838.25 0
0 0
1842.71 0
0 0
0 0
1885.62 0
0 0
1905.82 0
0 0
0 0
0 0
0 0
1851.91 0
0 0
1854.81 0
1825.09 0
0 0
0 0
0 0
0 0
0 0
0 0
0 0
1869.01 0
0 0
1848.77 0
0 0
0 0
0 0
0 0
0 0
0 0
0 0
0 0
1855.71 0
1823.78 0
0 0
0 0
0 0
1839.1 0
0 0
0 0
0 0
0 0
0 0
0 0
0 0
0 0
0 0
0 0
0 0
0 0
1826.15 0
0 0
0 0
0 0
1827.1 0
0 0
1831.97 0
0 0
0 0
0 0
0 0
0 0
0 0
0 0
0 0
0 0
0 0
0 0
0 0
0 0
0 0
0 0
0 0
1830.84 0
0 0
0 0
0 0
0 0
0 0
0 0
0 0
0 0
0 0
1832.4 0
1824.81 0
0 0
0 0
0 0
1826 0
0 0
0 0
0 0
0 0
0 0
0 0
0 0
0 0
1827.08 0
0 0
0 0
0 0
0 0
0 0
0 0
0 0
0 0
0 0
0 0
1866.24 0
0 0
1881.49 0
1810.39 0
0 0
1888.64 0
0 0
0 0
0 0
0 0
0 0
1893.14 0
1806.7 0
0 0
0 0
0 0
0 0
1909.54 0
0 0
0 0
0 0
0 0
0 0
0 0
0 0
0 0
0 0
0 0
0 0
0 0
0 0
0 0
1911.56 0
0 0
0 0
0 0
1801.91 0
0 0
0 0
0 0
0 0
0 0
0 0
0 0
0 0
1802.67 0
1818.87 0
1826.41 0
0 0
1839.96 0
0 0
1832.13 0
0 0
0 0
0 0
0 0
0 0
0 0
0 0
0 0
0 0
0 0
0 0
0 0
0 0
0 0
1841.49 0
1874.1 0
0 0
1848.23 0
0 0
0 0
0 0
0 0
0 0
0 0
1884.79 0
0 0
0 0
0 0
0 0
0 0
0 0
0 0
0 0
1885.58 0
0 0
0 0
0 0
0 0
0 0
0 0
0 0
0 0
0 0
0 0
0 0
1887.63 0
0 0
1876.42 0
0 0
0 0
0 0
0 0
0 0
1878.43 0
0 0
0 0
0 0
0 0
0 0
0 0
0 0
0 0
0 0
0 0
0 0
0 0
1861.18 0
0 0
0 0
1864.48 0
0 0
0 0
1901.73 0
0 0
0 0
0 0
0 0
0 0
0 0
1844.97 0
0 0
0 0
486356 1
0 0
0 0
0 0
25786 0
0 0
0 0
25726.3 0
0 0
0 0
0 0
0 0
0 0
0 0
1812.39 0
0 0
1822.52 0
0 0
1812.15 0
0 0
0 0
0 0
0 0
0 0
0 0
0 0
0 0
1816.03 0
0 0
1817.03 0
0 0
0 0
0 0
1809.55 0
0 0
0 0
0 0
1807.81 0
0 0
0 0
0 0
0 0
0 0
0 0
0 0
0 0
1814.93 0
0 0
0 0
0 0
0 0
0 0
1815.89 0
0 0
1827.52 0
0 0
0 0
0 0
1803.29 0
0 0
0 0
0 0
0 0
0 0
0 0
0 0
0 0
0 0
0 0
0 0
0 0
0 0
0 0
0 0
0 0
0 0
1803.92 0
0 0
1833.36 0
0 0
0 0
0 0
0 0
0 0
1836.17 0
0 0
0 0
0 0
0 0
0 0
0 0
0 0
1809.79 0
0 0
0 0
1811.5 0
0 0
0 0
0 0
0 0
1808.6 0
0 0
1805.71 0
1801.65 0
0 0
1810.8 0
0 0
1807.11 0
1801.89 0
0 0
0 0
0 0
0 0
0 0
0 0
0 0
0 0
0 0
0 0
0 0
0 0
0 0
1812.79 0
0 0
0 0
0 0
0 0
0 0
1814.51 0
0 0
1808.57 0
0 0
0 0
1811.37 0
0 0
1877.09 0
0 0
1887.01 0
0 0
1809.13 0
1813.83 0
0 0
1842.71 0
0 0
0 0
0 0
0 0
1803.56 0
1795.63 0
0 0
0 0
0 0
1795.27 0
0 0
0 0
0 0
1796.2 0
0 0
0 0
0 0
1804.07 0
0 0
1812.01 0
0 0
0 0
0 0
0 0
0 0
1812.64 0
0 0
1802.04 0
0 0
0 0
0 0
0 0
0 0
0 0
0 0
0 0
1803.75 0
0 0
1803.39 0
0 0
0 0
0 0
0 0
0 0
0 0
0 0
0 0
0 0
0 0
0 0
0 0
1792.95 0
0 0
0 0
0 0
0 0
0 0
0 0
0 0
0 0
0 0
0 0
0 0
0 0
0 0
0 0
0 0
0 0
0 0
0 0
0 0
0 0
0 0
1791.81 0
0 0
0 0
0 0
0 0
0 0
1793.53 0
0 0
0 0
0 0
0 0
0 0
0 0
0 0
0 0
0 0
0 0
1803.01 0
0 0
1794.38 0
0 0
0 0
0 0
0 0
0 0
0 0
0 0
1793.95 0
1791.78 0
0 0
0 0
0 0
0 0
1816.34 0
0 0
1810.67 0
1797.44 0
0 0
0 0
0 0
0 0
0 0
0 0
0 0
0 0
0 0
1828.29 0
0 0
1821.8 0
0 0
0 0
1822.76 0
0 0
0 0
0 0
0 0
0 0
0 0
0 0
0 0
0 0
0 0
0 0
0 0
1821.52 0
1785.38 0
1793.02 0
0 0
0 0
0 0
0 0
0 0
0 0
0 0
1801.91 0
0 0
0 0
0 0
1781.99 0
0 0
0 0
0 0
0 0
1807.37 0
0 0
1786.8 0
0 0
0 0
0 0
0 0
0 0
0 0
0 0
0 0
0 0
0 0
0 0
1788.51 0
0 0
1789.44 0
1788.56 0
0 0
1804.62 0
1777.83 0
0 0
0 0
0 0
0 0
1808.72 0
0 0
0 0
1849.34 0
0 0
0 0
0 0
0 0
0 0
0 0
0 0
0 0
0 0
0 0
0 0
0 0
0 0
0 0
1852.15 0
0 0
0 0
0 0
0 0
0 0
0 0
0 0
0 0
0 0
0 0
1842.95 0
0 0
0 0
0 0
0 0
0 0
1845.77 0
0 0
0 0
0 0
0 0
0 0
0 0
0 0
0 0
0 0
1814.82 0
0 0
0 0
0 0
1768.34 0
0 0
1896.39 0
0 0
0 0
1917.89 0
0 0
0 0
0 0
0 0
0 0
1919.63 0
0 0
0 0
1920.27 0
0 0
1874.89 0
0 0
0 0
0 0
0 0
0 0
0 0
1755.14 0
1791.94 0
0 0
0 0
0 0
0 0
0 0
0 0
0 0
0 0
1795.81 0
0 0
0 0
0 0
0 0
0 0
0 0
0 0
0 0
0 0
0 0
0 0
1800.76 0
1777.06 0
0 0
1795.82 0
1780.58 0
0 0
0 0
0 0
0 0
0 0
0 0
0 0
1818.01 0
1766.09 0
1772.41 0
0 0
1781.22 0
0 0
0 0
0 0
1770.42 0
0 0
0 0
0 0
0 0
1785.78 0
0 0
0 0
0 0
1767.38 0
0 0
0 0
1786.08 0
0 0
0 0
0 0
0 0
0 0
0 0
0 0
0 0
0 0
0 0
0 0
0 0
0 0
0 0
0 0
0 0
0 0
0 0
1774.09 0
0 0
0 0
0 0
1769.88 0
0 0
0 0
0 0
0 0
0 0
1770.52 0
0 0
0 0
1772.22 0
0 0
0 0
0 0
0 0
0 0
0 0
0 0
0 0
0 0
0 0
0 0
0 0
1800.35 0
0 0
1781.06 0
1800.53 0
0 0
0 0
0 0
1771.2 0
1772.33 0
0 0
0 0
0 0
0 0
0 0
0 0
0 0
0 0
1777.22 0
0 0
1791.4 0
0 0
0 0
1798.45 0
0 0
0 0
0 0
0 0
0 0
0 0
0 0
0 0
1800.16 0
0 0
0 0
0 0
1800.64 0
0 0
0 0
1811.01 0
0 0
0 0
1811.66 0
0 0
0 0
0 0
0 0
0 0
0 0
0 0
1828.28 0
0 0
0 0
1831.08 0
1785.45 0
0 0
0 0
0 0
0 0
0 0
0 0
0 0
0 0
0 0
0 0
0 0
1786.1 0
0 0
0 0
0 0
1771.35 0
0 0
0 0
0 0
0 0
0 0
0 0
0 0
0 0
0 0
0 0
1783.22 0
0 0
0 0
0 0
1756.75 0
0 0
1805.41 0
0 0
1789.48 0
0 0
1767.6 0
0 0
1761.54 0
0 0
0 0
0 0
0 0
0 0
0 0
0 0
0 0
0 0
0 0
0 0
0 0
0 0
1765.64 0
0 0
0 0
0 0
0 0
0 0
0 0
0 0
0 0
0 0
0 0
0 0
0 0
0 0
0 0
1773.69 0
0 0
0 0
0 0
1755.77 0
0 0
1786.98 0
1751.35 0
1759.29 0
0 0
0 0
0 0
0 0
0 0
0 0
1756.2 0
0 0
0 0
0 0
0 0
0 0
0 0
0 0
0 0
1756.85 0
0 0
0 0
1762.77 0
0 0
1773.53 0
0 0
1759.43 0
0 0
0 0
0 0
1753.88 0
0 0
0 0
1755.58 0
0 0
0 0
1760.44 0
0 0
1772.83 0
0 0
0 0
0 0
1748.09 0
0 0
0 0
0 0
0 0
0 0
0 0
1761.41 0
0 0
0 0
1763.11 0
0 0
0 0
0 0
0 0
0 0
0 0
0 0
0 0
0 0
0 0
0 0
1769.03 0
0 0
0 0
0 0
1786.9 0
0 0
0 0
0 0
0 0
1778.43 0
0 0
0 0
0 0
1783.88 0
0 0
0 0
0 0
0 0
0 0
0 0
0 0
0 0
0 0
0 0
0 0
0 0
0 0
0 0
1785.62 0
0 0
0 0
0 0
0 0
0 0
1787.35 0
0 0
0 0
0 0
0 0
1786.22 0
0 0
0 0
0 0
0 0
0 0
0 0
0 0
0 0
1787.93 0
0 0
1753.5 0
1747.4 0
0 0
0 0
0 0
0 0
0 0
0 0
0 0
1759.86 0
0 0
0 0
1765.03 0
0 0
0 0
0 0
0 0
0 0
0 0
1741.74 0
1745.88 0
1745.48 0
0 0
1748.02 0
0 0
1746.29 0
1747.14 0
0 0
0 0
0 0
0 0
0 0
0 0
0 0
1759.52 0
0 0
0 0
0 0
0 0
0 0
0 0
0 0
0 0
0 0
0 0
0 0
0 0
0 0
1756.52 0
0 0
0 0
0 0
1740.26 0
0 0
0 0
0 0
0 0
0 0
0 0
0 0
1758.96 0
1739.95 0
1744.75 0
0 0
0 0
0 0
0 0
0 0
0 0
0 0
1750.8 0
0 0
0 0
0 0
1742.26 0
0 0
0 0
0 0
1739.85 0
0 0
0 0
0 0
0 0
0 0
1740.5 0
0 0
0 0
1749.54 0
1776.59 0
0 0
0 0
0 0
0 0
0 0
0 0
0 0
1807.45 0
0 0
0 0
0 0
1744.44 0
0 0
0 0
0 0
0 0
0 0
0 0
0 0
0 0
0 0
0 0
0 0
0 0
0 0
3175.85 0
0 0
0 0
0 0
0 0
0 0
3176.45 0
0 0
0 0
0 0
0 0
3551.22 0
0 0
1740.6 0
0 0
0 0
0 0
0 0
0 0
0 0
1737.52 0
0 0
0 0
0 0
0 0
0 0
0 0
0 0
0 0
1739.19 0
0 0
1747.53 0
0 0
0 0
0 0
0 0
0 0
1750.23 0
0 0
0 0
0 0
0 0
1741.24 0
0 0
0 0
1749.08 0
1793.27 0
0 0
0 0
0 0
0 0
0 0
0 0
0 0
0 0
0 0
4723.09 0
0 0
0 0
0 0
0 0
8273.23 0
0 0
0 0
0 0
0 0
0 0
0 0
0 0
0 0
0 0
0 0
0 0
8308.07 0
0 0
0 0
0 0
0 0
0 0
8324.36 0
0 0
0 0
0 0
0 0
0 0
0 0
1961.61 0
1736.38 0
0 0
0 0
0 0
0 0
0 0
0 0
0 0
0 0
0 0
1729.77 0
0 0
0 0
0 0
1748.86 0
1728.99 0
0 0
0 0
0 0
0 0
0 0
0 0
0 0
1739.35 0
1727.67 0
0 0
0 0
0 0
0 0
0 0
0 0
0 0
1748.35 0
0 0
0 0
1770.61 0
1731.24 0
0 0
1797.66 0
0 0
2794.5 0
1469.09 0
0 0
0 0
1470.55 0
0 0
0 0
0 0
0 0
0 0
0 0
0 0
0 0
0 0
0 0
0 0
0 0
0 0
0 0
0 0
1725.89 0
0 0
1738.48 0
0 0
1737.16 0
1723.84 0
1727.63 0
1725.7 0
1723.57 0
0 0
0 0
0 0
0 0
1730.11 0
0 0
0 0
1731.74 0
1721.07 0
0 0
1749.48 0
1715.72 0
0 0
0 0
0 0
1721.81 0
0 0
0 0
0 0
1726.45 0
0 0
0 0
0 0
0 0
0 0
0 0
0 0
0 0
0 0
0 0
1731.24 0
0 0
0 0
0 0
0 0
1723.47 0
0 0
0 0
0 0
0 0
1721.82 0
0 0
0 0
0 0
0 0
0 0
0 0
0 0
0 0
1724.45 0
0 0
1727.89 0
0 0
0 0
0 0
0 0
0 0
1728.51 0
0 0
1725.38 0
0 0
0 0
1734.05 0
1721.22 0
1720.73 0
1720.88 0
0 0
1733.4 0
0 0
0 0
1734.02 0
0 0
0 0
0 0
0 0
0 0
1735.65 0
0 0
0 0
0 0
1712.39 0
0 0
1744.85 0
0 0
1725.84 0
0 0
1733.96 0
0 0
0 0
0 0
0 0
0 0
0 0
0 0
0 0
0 0
0 0
0 0
0 0
0 0
0 0
0 0
0 0
0 0
0 0
0 0
0 0
0 0
0 0
0 0
0 0
0 0
0 0
1734.58 0
0 0
0 0
1736.21 0
1708.77 0
0 0
0 0
0 0
0 0
0 0
0 0
0 0
4999.03 0
0 0
0 0
0 0
0 0
0 0
0 0
8063.04 0
0 0
11780.3 0
0 0
0 0
0 0
0 0
0 0
0 0
0 0
0 0
0 0
0 0
1716.7 0
1711.44 0
0 0
0 0
0 0
0 0
0 0
0 0
0 0
0 0
0 0
0 0
0 0
0 0
0 0
0 0
1712.07 0
0 0
1732.22 0
0 0
0 0
0 0
0 0
0 0
0 0
0 0
0 0
0 0
0 0
0 0
0 0
1706.29 0
0 0
0 0
0 0
0 0
0 0
0 0
0 0
0 0
0 0
0 0
0 0
0 0
0 0
0 0
1712.9 0
0 0
0 0
0 0
1707.5 0
0 0
0 0
1713.11 0
1712.28 0
0 0
0 0
0 0
1708.18 0
0 0
0 0
0 0
0 0
1719.56 0
0 0
0 0
0 0
0 0
0 0
1722.18 0
0 0
1716 0
0 0
0 0
0 0
1707.15 0
0 0
1721.86 0
0 0
0 0
0 0
0 0
1710.08 0
0 0
1714.7 0
0 0
0 0
1717.32 0
0 0
0 0
0 0
0 0
0 0
0 0
0 0
0 0
0 0
1703.22 0
0 0
0 0
1705.83 0
0 0
0 0
0 0
0 0
1729.25 0
0 0
0 0
0 0
1698.7 0
0 0
1782.08 0
0 0
0 0
0 0
0 0
1781.79 0
0 0
0 0
0 0
1685.88 0
0 0
0 0
0 0
0 0
1788.2 0
0 0
0 0
1791.89 0
0 0
0 0
0 0
0 0
0 0
0 0
0 0
0 0
0 0
0 0
0 0
0 0
0 0
0 0
0 0
0 0
0 0
0 0
0 0
0 0
0 0
0 0
0 0
0 0
0 0
0 0
0 0
0 0
1708.38 0
0 0
0 0
1709.01 0
0 0
1705.85 0
0 0
0 0
0 0
1702.61 0
0 0
1716.95 0
0 0
0 0
0 0
0 0
1708.79 0
0 0
0 0
0 0
0 0
0 0
0 0
0 0
0 0
0 0
0 0
1703.38 0
1698.43 0
0 0
1712.4 0
0 0
0 0
0 0
0 0
0 0
0 0
0 0
0 0
0 0
0 0
0 0
0 0
1696.29 0
1698.86 0
0 0
0 0
0 0
0 0
0 0
0 0
1700.48 0
1698.59 0
0 0
0 0
0 0
0 0
0 0
0 0
1702.46 0
0 0
0 0
0 0
0 0
0 0
0 0
0 0
0 0
1704.08 0
0 0
0 0
1705.7 0
0 0
0 0
0 0
0 0
0 0
0 0
0 0
0 0
0 0
0 0
0 0
1711.3 0
0 0
0 0
0 0
0 0
0 0
0 0
0 0
0 0
1712.92 0
0 0
0 0
0 0
0 0
0 0
0 0
1714.91 0
0 0
1733.04 0
0 0
0 0
0 0
0 0
0 0
0 0
0 0
0 0
0 0
0 0
0 0
1734.67 0
0 0
0 0
0 0
0 0
0 0
0 0
0 0
1698.16 0
0 0
0 0
0 0
0 0
0 0
1700.77 0
0 0
0 0
0 0
0 0
0 0
0 0
1694.77 0
1693.22 0
1693.4 0
0 0
0 0
1706.91 0
0 0
0 0
1716.49 0
1684.94 0
0 0
0 0
0 0
0 0
1730.54 0
0 0
0 0
0 0
0 0
0 0
0 0
0 0
0 0
0 0
0 0
0 0
0 0
0 0
0 0
1734.17 0
0 0
1705.32 0
1687.94 0
1689.51 0
1690.41 0
0 0
0 0
0 0
0 0
0 0
0 0
0 0
0 0
1697.96 0
0 0
0 0
0 0
1686.31 0
0 0
1702.42 0
0 0
0 0
0 0
0 0
0 0
0 0
0 0
0 0
0 0
1693.95 0
0 0
0 0
1699.53 0
0 0
0 0
0 0
1685.26 0
1689.34 0
0 0
0 0
1704.81 0
0 0
0 0
0 0
0 0
1716.36 0
1679.48 0
0 0
1719.43 0
0 0
0 0
1723.05 0
0 0
1699.46 0
0 0
0 0
0 0
0 0
0 0
0 0
0 0
0 0
0 0
0 0
1695.67 0
1686.59 0
0 0
0 0
0 0
1693.21 0
0 0
0 0
0 0
0 0
1706.17 0
0 0
0 0
1706.8 0
0 0
0 0
0 0
0 0
0 0
1798.95 0
0 0
0 0
0 0
1680.09 0
0 0
0 0
1681.69 0
0 0
1867.86 0
0 0
0 0
0 0
0 0
0 0
0 0
1643.06 0
1687.44 0
0 0
0 0
0 0
0 0
0 0
0 0
0 0
1708.02 0
2426.88 0
0 0
0 0
0 0
0 0
0 0
0 0
1689.77 0
0 0
0 0
1691.39 0
1680.52 0
0 0
0 0
0 0
1677.38 0
1681.29 0
0 0
0 0
2277.49 0
1789.41 0
1677.47 0
0 0
0 0
0 0
0 0
0 0
0 0
0 0
0 0
0 0
0 0
1685.65 0
0 0
0 0
0 0
0 0
1686.2 0
1674.84 0
0 0
0 0
0 0
0 0
1692.07 0
0 0
1678.27 0
0 0
0 0
0 0
0 0
1679.62 0
0 0
0 0
0 0
0 0
1694.79 0
0 0
1694.66 0
0 0
0 0
0 0
0 0
0 0
1700.21 0
0 0
0 0
0 0
1672.87 0
0 0
0 0
0 0
0 0
0 0
0 0
0 0
0 0
1676.43 0
0 0
1717.5 0
0 0
0 0
0 0
1666.18 0
0 0
0 0
0 0
0 0
0 0
0 0
0 0
1725.86 0
0 0
0 0
1753.35 0
0 0
0 0
1754.99 0
0 0
0 0
0 0
0 0
0 0
1758.61 0
0 0
0 0
0 0
0 0
0 0
0 0
1651.71 0
1670.34 0
0 0
0 0
0 0
0 0
1674.23 0
0 0
0 0
0 0
0 0
0 0
1704.23 0
0 0
5006.61 0
0 0
0 0
0 0
4767.95 0
0 0
0 0
0 0
0 0
0 0
0 0
1668.59 0
0 0
0 0
0 0
0 0
1673.46 0
0 0
1671.87 0
1668.01 0
0 0
0 0
0 0
0 0
0 0
0 0
0 0
0 0
0 0
0 0
1675.16 0
1666.53 0
0 0
0 0
0 0
0 0
0 0
0 0
0 0
0 0
0 0
0 0
0 0
0 0
1670.42 0
0 0
0 0
0 0
0 0
0 0
0 0
0 0
0 0
1671.05 0
0 0
0 0
1671.68 0
0 0
0 0
0 0
0 0
0 0
0 0
0 0
1682.03 0
1674.65 0
0 0
0 0
1676.26 0
0 0
1704.49 0
0 0
0 0
0 0
0 0
0 0
0 0
0 0
0 0
0 0
0 0
0 0
1705.12 0
0 0
0 0
1714.61 0
1671.38 0
0 0
0 0
0 0
0 0
1734.66 0
0 0
1664.48 0
0 0
0 0
0 0
0 0
0 0
0 0
0 0
0 0
0 0
0 0
1664.13 0
1663.01 0
0 0
0 0
0 0
0 0
1674.94 0
1658.48 0
1662.24 0
0 0
0 0
0 0
0 0
0 0
1708.78 0
0 0
0 0
1724.16 0
0 0
0 0
0 0
0 0
0 0
0 0
0 0
0 0
0 0
1819.76 0
0 0
0 0
0 0
1659.12 0
0 0
0 0
0 0
1662.47 0
0 0
0 0
0 0
0 0
1667.58 0
1657.06 0
0 0
0 0
0 0
0 0
0 0
0 0
1658.54 0
1659.17 0
0 0
1666.67 0
1659.31 0
0 0
1677.62 0
0 0
1662.99 0
1657.14 0
0 0
0 0
1657.77 0
0 0
0 0
0 0
1657.95 0
0 0
0 0
0 0
0 0
0 0
0 0
0 0
0 0
1664.39 0
1652.55 0
1657.71 0
0 0
0 0
0 0
0 0
0 0
1665.13 0
0 0
0 0
0 0
0 0
0 0
1670.61 0
0 0
0 0
0 0
0 0
0 0
1672.21 0
0 0
0 0
0 0
1685.06 0
0 0
0 0
0 0
0 0
0 0
1692.61 0
1650.71 0
0 0
0 0
0 0
0 0
0 0
0 0
0 0
0 0
0 0
0 0
0 0
1651.34 0
0 0
1668.8 0
0 0
0 0
1669.43 0
0 0
0 0
0 0
0 0
0 0
0 0
0 0
0 0
1671.03 0
1649.58 0
1652.88 0
0 0
0 0
1656.41 0
0 0
0 0
0 0
0 0
0 0
1658.01 0
0 0
1672.07 0
1644.5 0
0 0
0 0
0 0
0 0
0 0
0 0
1656.82 0
1648.61 0
0 0
1672.13 0
0 0
0 0
0 0
0 0
0 0
0 0
0 0
0 0
1673.02 0
1645.65 0
1649.27 0
0 0
1661.27 0
1663.9 0
0 0
1689.99 0
0 0
0 0
1692.58 0
0 0
0 0
0 0
0 0
0 0
0 0
0 0
0 0
0 0
1638.53 0
1647.52 0
0 0
0 0
0 0
0 0
0 0
0 0
0 0
1656.09 0
0 0
0 0
0 0
0 0
1648.41 0
0 0
0 0
0 0
0 0
0 0
0 0
1644.6 0
0 0
0 0
1646.19 0
0 0
950834 0
231072 0
0 0
0 0
0 0
0 0
0 0
0 0
0 0
0 0
0 0
0 0
0 0
0 0
0 0
0 0
0 0
0 0
0 0
0 0
0 0
0 0
209288 0
0 0
0 0
0 0
1642.41 0
0 0
0 0
0 0
0 0
0 0
0 0
0 0
0 0
0 0
0 0
0 0
0 0
0 0
0 0
0 0
0 0
1646.13 0
0 0
0 0
0 0
0 0
0 0
0 0
0 0
1644.37 0
0 0
0 0
0 0
1652.37 0
0 0
0 0
0 0
1641.13 0
0 0
0 0
0 0
0 0
0 0
0 0
1644.92 0
0 0
0 0
0 0
0 0
1659.49 0
0 0
0 0
0 0
0 0
0 0
0 0
1636.2 0
0 0
0 0
0 0
0 0
0 0
1647.04 0
1637.37 0
0 0
1659.52 0
0 0
0 0
0 0
0 0
0 0
0 0
0 0
1642.58 0
0 0
0 0
0 0
0 0
0 0
0 0
0 0
0 0
0 0
0 0
0 0
0 0
0 0
0 0
0 0
0 0
0 0
1643.19 0
0 0
0 0
0 0
1637.38 0
1640.85 0
1636.98 0
1639.27 0
0 0
1642.26 0
0 0
1639.53 0
0 0
0 0
1644.8 0
0 0
0 0
0 0
0 0
0 0
0 0
0 0
0 0
0 0
0 0
0 0
0 0
0 0
0 0
0 0
0 0
0 0
1649.14 0
1632.32 0
0 0
0 0
0 0
0 0
0 0
0 0
0 0
1653.87 0
0 0
0 0
0 0
0 0
0 0
0 0
0 0
1636.55 0
0 0
0 0
0 0
0 0
0 0
0 0
0 0
0 0
0 0
0 0
0 0
1637.16 0
1785.89 0
0 0
0 0
0 0
0 0
0 0
0 0
1651.86 0
0 0
1651.81 0
1635.33 0
0 0
1661.01 0
0 0
0 0
0 0
0 0
1644.66 0
0 0
0 0
1647.13 0
0 0
0 0
0 0
0 0
0 0
0 0
0 0
0 0
1648.67 0
0 0
0 0
0 0
1629.99 0
0 0
0 0
0 0
0 0
0 0
0 0
0 0
0 0
0 0
0 0
1657.07 0
0 0
0 0
0 0
0 0
0 0
1660.48 0
1625.35 0
0 0
1666.1 0
0 0
0 0
0 0
0 0
0 0
0 0
1622.79 0
1639.23 0
0 0
0 0
0 0
0 0
0 0
0 0
0 0
0 0
0 0
0 0
0 0
1639.84 0
0 0
0 0
0 0
0 0
1646.74 0
0 0
0 0
0 0
1626.17 0
0 0
0 0
0 0
0 0
1656.68 0
0 0
0 0
0 0
0 0
0 0
0 0
0 0
0 0
0 0
0 0
0 0
0 0
1641.57 0
0 0
0 0
0 0
0 0
1685.18 0
0 0
0 0
1687.68 0
1615.6 0
0 0
0 0
0 0
0 0
0 0
0 0
0 0
0 0
0 0
0 0
1691.37 0
1614.21 0
0 0
0 0
1615.74 0
0 0
1696.38 0
0 0
0 0
0 0
0 0
0 0
0 0
1612.01 0
1627.97 0
0 0
1633.36 0
0 0
0 0
0 0
1627.7 0
0 0
0 0
1629.23 0
0 0
0 0
0 0
0 0
0 0
1630.76 0
0 0
0 0
0 0
1622.54 0
0 0
0 0
0 0
0 0
0 0
1623.15 0
0 0
0 0
0 0
1623.65 0
0 0
0 0
0 0
0 0
0 0
0 0
1632.84 0
0 0
0 0
0 0
0 0
0 0
0 0
0 0
1640.22 0
0 0
1625.79 0
1629.07 0
1621.28 0
0 0
0 0
1621.89 0
1630.18 0
0 0
0 0
0 0
0 0
1641.84 0
1616.83 0
1620.73 0
0 0
1626.52 0
0 0
1623.19 0
0 0
0 0
0 0
0 0
0 0
0 0
0 0
0 0
0 0
0 0
0 0
0 0
0 0
0 0
0 0
0 0
0 0
1624.72 0
0 0
1622.56 0
0 0
1626.36 0
0 0
0 0
0 0
1616.18 0
1618.77 0
0 0
0 0
0 0
0 0
0 0
0 0
0 0
0 0
0 0
0 0
0 0
0 0
0 0
0 0
0 0
0 0
0 0
0 0
0 0
0 0
1627.69 0
0 0
0 0
0 0
0 0
0 0
0 0
0 0
1639.2 0
1611.96 0
1620.28 0
0 0
0 0
0 0
0 0
1625.4 0
0 0
0 0
0 0
0 0
0 0
1626.93 0
0 0
0 0
0 0
0 0
0 0
1630.31 0
0 0
0 0
0 0
0 0
0 0
0 0
0 0
0 0
0 0
0 0
0 0
0 0
1617.4 0
0 0
0 0
0 0
0 0
1652.23 0
0 0
0 0
0 0
0 0
0 0
0 0
1658.5 0
0 0
0 0
0 0
1614.41 0
0 0
1620.36 0
0 0
1624.48 0
0 0
1621.65 0
0 0
0 0
0 0
0 0
0 0
1626.87 0
0 0
0 0
1628.41 0
1611.59 0
0 0
0 0
0 0
1616.08 0
1612.52 0
0 0
0 0
0 0
0 0
0 0
1614.05 0
0 0
1624.39 0
0 0
0 0
0 0
0 0
1613.32 0
0 0
0 0
0 0
1611.1 0
0 0
0 0
0 0
0 0
0 0
0 0
0 0
0 0
0 0
0 0
0 0
0 0
0 0
0 0
0 0
0 0
0 0
0 0
0 0
1617.37 0
0 0
1627.37 0
0 0
0 0
1643.69 0
1602.39 0
0 0
0 0
1603 0
0 0
0 0
0 0
0 0
0 0
1603.61 0
0 0
0 0
0 0
0 0
0 0
0 0
0 0
0 0
0 0
0 0
1658.95 0
0 0
0 0
0 0
0 0
1615.37 0
0 0
0 0
1618.74 0
0 0
0 0
0 0
0 0
0 0
0 0
0 0
0 0
0 0
0 0
0 0
0 0
1606.71 0
0 0
1625.02 0
0 0
0 0
0 0
1629.9 0
0 0
0 0
0 0
0 0
0 0
0 0
1600.44 0
0 0
0 0
0 0
0 0
0 0
0 0
0 0
0 0
0 0
0 0
0 0
0 0
0 0
0 0
1605.62 0
1605.25 0
0 0
0 0
0 0
0 0
0 0
0 0
0 0
1619.47 0
0 0
1609.17 0
0 0
0 0
0 0
1605.31 0
0 0
1614.8 0
0 0
0 0
1620.01 0
0 0
0 0
1623.38 0
1599.24 0
0 0
0 0
0 0
0 0
0 0
1614.49 0
0 0
1649.8 0
0 0
0 0
0 0
0 0
0 0
0 0
0 0
0 0
1650.41 0
0 0
0 0
0 0
1593.53 0
0 0
0 0
0 0
0 0
0 0
0 0
0 0
0 0
0 0
0 0
0 0
0 0
0 0
0 0
0 0
0 0
0 0
1596.87 0
0 0
0 0
0 0
1605.42 0
0 0
0 0
0 0
0 0
0 0
0 0
0 0
1616.88 0
0 0
0 0
1618.41 0
0 0
0 0
0 0
0 0
0 0
0 0
0 0
0 0
0 0
1600.22 0
0 0
0 0
0 0
0 0
0 0
0 0
0 0
0 0
1605.4 0
0 0
0 0
0 0
0 0
1631.27 0
1594.6 0
1600.62 0
0 0
0 0
0 0
0 0
0 0
0 0
0 0
0 0
1620.46 0
0 0
0 0
0 0
1599.18 0
1599.4 0
0 0
0 0
0 0
1602.82 0
0 0
0 0
1606.17 0
0 0
0 0
0 0
1595.94 0
1602.41 0
1596.32 0
1597.24 0
0 0
0 0
0 0
0 0
0 0
0 0
0 0
0 0
0 0
1597.86 0
1596.4 0
0 0
0 0
0 0
1596.34 0
1597.87 0
0 0
0 0
1604.86 0
0 0
0 0
1607.3 0
0 0
0 0
0 0
1593.78 0
0 0
0 0
0 0
0 0
1615.7 0
0 0
0 0
0 0
0 0
0 0
1617.23 0
0 0
0 0
0 0
0 0
0 0
0 0
0 0
1604.58 0
1730.38 0
0 0
0 0
0 0
0 0
0 0
1732.03 0
0 0
0 0
0 0
0 0
0 0
0 0
0 0
0 0
0 0
0 0
0 0
1734.66 0
0 0
1630.37 0
0 0
0 0
0 0
0 0
0 0
0 0
1712.25 0
0 0
0 0
0 0
0 0
1633.33 0
0 0
1594.45 0
0 0
1612.64 0
0 0
1620.68 0
0 0
1600.24 0
0 0
1594.65 0
1591.74 0
0 0
1599.59 0
1590.83 0
0 0
0 0
1591.44 0
0 0
0 0
0 0
0 0
0 0
0 0
0 0
0 0
0 0
0 0
1614.1 0
0 0
0 0
0 0
0 0
1803.09 0
0 0
0 0
0 0
0 0
0 0
1810.38 0
0 0
0 0
1810.99 0
0 0
0 0
0 0
0 0
0 0
0 0
0 0
0 0
1811.61 0
1530.26 0
0 0
0 0
0 0
0 0
0 0
1530.86 0
1587.09 0
0 0
0 0
0 0
0 0
0 0
0 0
1587.94 0
0 0
0 0
0 0
0 0
1603.11 0
0 0
1604.84 0
0 0
0 0
1605.45 0
1581.73 0
1585.56 0
0 0
0 0
1587.07 0
1584.48 0
1585.58 0
0 0
0 0
0 0
0 0
0 0
0 0
0 0
0 0
0 0
0 0
0 0
0 0
0 0
1590.77 0
0 0
0 0
1603.16 0
0 0
0 0
0 0
0 0
0 0
0 0
0 0
0 0
0 0
0 0
0 0
1603.77 0
0 0
0 0
0 0
1581.11 0
0 0
1613.35 0
1635.48 0
0 0
0 0
9526.14 1
0 0
0 0
9538.67 0
0 0
0 0
0 0
0 0
0 0
0 0
0 0
0 0
0 0
10826.8 0
0 0
0 0
0 0
0 0
0 0
0 0
0 0
0 0
0 0
0 0
21830.8 0
10810.2 0
0 0
0 0
0 0
1582.16 0
1581.22 0
0 0
0 0
0 0
0 0
0 0
0 0
0 0
1586.45 0
0 0
0 0
0 0
0 0
0 0
0 0
1579.01 0
0 0
0 0
0 0
0 0
1594.45 0
0 0
1614.26 0
0 0
0 0
0 0
0 0
0 0
0 0
0 0
1616.38 0
1573.78 0
0 0
1623.43 0
0 0
0 0
0 0
1569.07 0
0 0
0 0
0 0
0 0
0 0
1583.09 0
0 0
0 0
0 0
0 0
1750.04 0
0 0
0 0
1761.27 0
2285.26 0
0 0
0 0
0 0
1577.04 0
0 0
0 0
0 0
0 0
0 0
0 0
0 0
0 0
0 0
1579.86 0
1596.81 0
0 0
0 0
0 0
0 0
0 0
1599.21 0
0 0
0 0
0 0
1570.49 0
0 0
0 0
1571.98 0
0 0
1611.77 0
0 0
0 0
0 0
1569.07 0
0 0
0 0
0 0
0 0
0 0
1570.57 0
1575.22 0
0 0
0 0
0 0
1576.31 0
0 0
1584.69 0
1572.92 0
1573.66 0
0 0
0 0
0 0
0 0
0 0
0 0
1578.97 0
0 0
0 0
1580.47 0
0 0
0 0
1583.77 0
0 0
0 0
0 0
0 0
0 0
1585.27 0
0 0
0 0
0 0
0 0
0 0
0 0
0 0
0 0
0 0
0 0
0 0
0 0
0 0
0 0
0 0
0 0
1594.29 0
0 0
0 0
0 0
0 0
0 0
0 0
0 0
0 0
0 0
0 0
0 0
0 0
0 0
1576.05 0
0 0
1576.42 0
1578.68 0
0 0
1591.99 0
0 0
0 0
0 0
0 0
0 0
1593.5 0
1565.95 0
1570.45 0
0 0
0 0
0 0
1573.74 0
0 0
0 0
0 0
1568.92 0
0 0
1580.03 0
1567.16 0
0 0
1587.82 0
1598.09 0
0 0
0 0
1598.7 0
0 0
0 0
0 0
0 0
0 0
1600.23 0
0 0
0 0
0 0
0 0
0 0
1600.85 0
1569.73 0
0 0
0 0
0 0
0 0
0 0
1573.01 0
0 0
0 0
0 0
0 0
0 0
1573.61 0
0 0
0 0
0 0
0 0
1590.55 0
0 0
0 0
0 0
0 0
1573.24 0
0 0
0 0
0 0
1577.21 0
0 0
0 0
1577.82 0
0 0
0 0
0 0
0 0
1594.43 0
1593.45 0
0 0
0 0
0 0
0 0
0 0
0 0
0 0
0 0
0 0
0 0
0 0
0 0
0 0
0 0
1594.95 0
0 0
0 0
0 0
0 0
0 0
0 0
0 0
1647.31 0
1544.33 0
0 0
1650.2 0
0 0
0 0
0 0
0 0
0 0
0 0
1543.05 0
0 0
0 0
0 0
0 0
0 0
1544.53 0
0 0
0 0
1546.01 0
0 0
0 0
0 0
0 0
1657.17 0
0 0
1565.5 0
1564.67 0
0 0
1571.94 0
0 0
0 0
1572.55 0
0 0
0 0
1575.83 0
1567.13 0
0 0
1592.99 0
0 0
0 0
1593.6 0
0 0
0 0
0 0
0 0
0 0
0 0
0 0
0 0
0 0
0 0
1565.49 0
0 0
0 0
0 0
1563.68 0
1558.59 0
0 0
0 0
0 0
1559.91 0
0 0
0 0
0 0
0 0
0 0
0 0
0 0
1563.24 0
1560.17 0
0 0
0 0
0 0
1561.9 0
0 0
0 0
0 0
0 0
1573.85 0
0 0
0 0
0 0
0 0
0 0
0 0
0 0
0 0
0 0
0 0
0 0
0 0
0 0
0 0
1574.46 0
0 0
0 0
1577.74 0
0 0
1570.57 0
0 0
0 0
0 0
0 0
0 0
1616.76 0
0 0
1627.86 0
1540.78 0
0 0
0 0
0 0
0 0
0 0
0 0
0 0
0 0
0 0
0 0
0 0
1543.14 0
1562.91 0
0 0
0 0
0 0
1561.21 0
0 0
0 0
0 0
0 0
1577.85 0
1550.97 0
0 0
0 0
0 0
0 0
0 0
0 0
1556.08 0
0 0
1560.12 0
0 0
0 0
0 0
0 0
0 0
0 0
0 0
0 0
1568.7 0
0 0
0 0
0 0
1551.04 0
0 0
0 0
0 0
0 0
1587.26 0
0 0
0 0
0 0
1546.22 0
0 0
0 0
1547.71 0
0 0
0 0
0 0
0 0
0 0
0 0
0 0
0 0
0 0
0 0
0 0
0 0
1551.9 0
1556.75 0
1565.89 0
1547.76 0
0 0
0 0
0 0
0 0
1573.96 0
0 0
1553.71 0
0 0
0 0
0 0
0 0
0 0
1555.2 0
0 0
0 0
0 0
0 0
0 0
0 0
0 0
0 0
1555.8 0
0 0
0 0
1558.18 0
0 0
0 0
0 0
1548.24 0
1549.86 0
1550.46 0
0 0
0 0
0 0
0 0
0 0
0 0
0 0
0 0
0 0
0 0
0 0
1551.07 0
0 0
0 0
0 0
1549.44 0
0 0
0 0
0 0
0 0
0 0
0 0
0 0
0 0
0 0
1566.17 0
0 0
0 0
0 0
0 0
0 0
0 0
0 0
0 0
0 0
0 0
0 0
1569.44 0
1546.05 0
0 0
1581.85 0
0 0
1550.77 0
0 0
1589.91 0
0 0
0 0
1590.52 0
1694.53 0
0 0
1612.26 0
0 0
0 0
0 0
0 0
1557.69 0
0 0
0 0
0 0
0 0
0 0
0 0
0 0
1553.52 0
1544.73 0
0 0
0 0
0 0
0 0
0 0
1549.14 0
0 0
0 0
1554.14 0
0 0
1573 0
1548.11 0
0 0
0 0
0 0
0 0
0 0
0 0
1545.29 0
0 0
0 0
1548.53 0
0 0
0 0
0 0
0 0
0 0
0 0
0 0
0 0
0 0
0 0
1569.3 0
1546.75 0
0 0
0 0
0 0
0 0
0 0
0 0
0 0
0 0
0 0
0 0
1574.13 0
0 0
0 0
0 0
0 0
1547.7 0
1546.19 0
0 0
1561.13 0
0 0
1553.98 0
1539.34 0
1544.29 0
0 0
0 0
0 0
1540.68 0
0 0
0 0
0 0
0 0
0 0
0 0
0 0
1547.79 0
0 0
1545.94 0
0 0
0 0
0 0
0 0
1547.89 0
1543.04 0
0 0
1555.87 0
0 0
0 0
1559.11 0
0 0
0 0
0 0
0 0
1546.17 0
1537.81 0
1538.96 0
0 0
1542.9 0
0 0
0 0
0 0
0 0
0 0
1562.83 0
0 0
0 0
0 0
0 0
1570.02 0
0 0
0 0
0 0
0 0
1542.69 0
0 0
0 0
1544.18 0
0 0
0 0
0 0
0 0
0 0
0 0
1535.79 0
0 0
0 0
0 0
0 0
0 0
0 0
1537.94 0
1540.94 0
0 0
0 0
0 0
0 0
0 0
0 0
0 0
1548.28 0
0 0
0 0
0 0
0 0
0 0
1551.52 0
0 0
1546.87 0
0 0
1539.29 0
0 0
0 0
0 0
0 0
0 0
0 0
1534.76 0
1537.82 0
0 0
0 0
0 0
0 0
1541.58 0
0 0
0 0
0 0
1537.62 0
0 0
1556.08 0
0 0
1546.97 0
0 0
0 0
0 0
0 0
1539.4 0
0 0
0 0
1546.13 0
1531.15 0
0 0
1552.8 0
0 0
1536.34 0
0 0
0 0
0 0
0 0
0 0
0 0
0 0
0 0
0 0
1545.79 0
0 0
0 0
0 0
0 0
1561.96 0
1525.43 0
0 0
0 0
0 0
1534.34 0
0 0
0 0
0 0
0 0
0 0
0 0
0 0
0 0
0 0
0 0
0 0
0 0
0 0
0 0
0 0
1556.1 0
0 0
1569.23 0
0 0
0 0
0 0
0 0
0 0
0 0
0 0
0 0
1573.36 0
0 0
0 0
1574.86 0
0 0
0 0
0 0
0 0
1540.34 0
1607.55 0
0 0
0 0
0 0
0 0
0 0
0 0
0 0
0 0
0 0
0 0
0 0
0 0
0 0
0 0
0 0
0 0
0 0
1610.92 0
0 0
1563.06 0
0 0
0 0
1568.06 0
0 0
0 0
1573.07 0
0 0
0 0
0 0
0 0
0 0
0 0
1588.85 0
0 0
0 0
0 0
0 0
0 0
0 0
0 0
1589.66 0
1584.01 0
0 0
0 0
0 0
0 0
0 0
0 0
0 0
1594 0
0 0
0 0
0 0
0 0
1535.3 0
0 0
0 0
0 0
0 0
0 0
0 0
1538.5 0
0 0
1556.28 0
1528.54 0
0 0
0 0
0 0
0 0
0 0
0 0
1529.79 0
0 0
0 0
1531.26 0
0 0
0 0
0 0
0 0
0 0
1532.74 0
0 0
0 0
0 0
0 0
0 0
0 0
0 0
0 0
0 0
0 0
0 0
0 0
0 0
1551.96 0
0 0
0 0
0 0
0 0
0 0
0 0
0 0
0 0
1555.2 0
1519.7 0
0 0
1559.65 0
0 0
0 0
1560.26 0
0 0
0 0
0 0
0 0
0 0
0 0
1517.98 0
0 0
1563.31 0
0 0
0 0
1578.87 0
1511.44 0
0 0
0 0
0 0
0 0
0 0
0 0
0 0
0 0
0 0
0 0
0 0
0 0
0 0
0 0
0 0
1523.52 0
0 0
0 0
1538.9 0
0 0
1545.3 0
0 0
1524.94 0
0 0
1543.16 0
0 0
0 0
0 0
0 0
0 0
0 0
0 0
0 0
0 0
1517.73 0
0 0
1556.13 0
0 0
0 0
1560.24 0
0 0
1538.35 0
0 0
1526.9 0
0 0
0 0
1534.45 0
0 0
1531.88 0
0 0
0 0
0 0
0 0
1521.72 0
0 0
1537.94 0
0 0
0 0
0 0
1520.41 0
0 0
0 0
0 0
0 0
0 0
0 0
0 0
0 0
1526.2 0
0 0
0 0
0 0
0 0
0 0
1526.81 0
0 0
0 0
1527.41 0
0 0
0 0
1528.89 0
0 0
1569.76 0
0 0
0 0
1574.75 0
0 0
0 0
1579.76 0
0 0
0 0
0 0
0 0
0 0
1580.37 0
0 0
0 0
0 0
0 0
1543.06 0
1524.88 0
1513.54 0
0 0
0 0
0 0
0 0
0 0
0 0
0 0
0 0
0 0
1528.86 0
0 0
0 0
0 0
1520.15 0
0 0
0 0
0 0
0 0
0 0
1541.52 0
0 0
0 0
0 0
0 0
0 0
0 0
1510.92 0
0 0
0 0
0 0
0 0
0 0
0 0
1515.03 0
0 0
1521.17 0
0 0
1525.17 0
0 0
0 0
0 0
0 0
0 0
0 0
0 0
0 0
0 0
0 0
1561.11 0
1505.7 0
0 0
0 0
1510.59 0
0 0
1581.78 0
1532.44 0
0 0
0 0
1533.9 0
0 0
0 0
1538.82 0
0 0
1637.34 0
0 0
1517.48 0
0 0
1671.49 0
0 0
1880.38 0
0 0
0 0
0 0
0 0
0 0
0 0
2456.32 0
0 0
0 0
0 0
0 0
0 0
0 0
0 0
0 0
2460.08 0
0 0
0 0
0 0
0 0
1887.62 0
0 0
0 0
0 0
0 0
0 0
0 0
0 0
0 0
0 0
2460.02 0
0 0
0 0
2467.99 0
0 0
1905.71 0
0 0
0 0
0 0
2446.77 0
0 0
0 0
0 0
0 0
0 0
0 0
0 0
0 0
0 0
0 0
0 0
0 0
0 0
0 0
0 0
0 0
0 0
0 0
1510.34 0
0 0
0 0
0 0
0 0
0 0
0 0
0 0
1513.35 0
0 0
1513.1 0
0 0
0 0
0 0
0 0
0 0
0 0
0 0
0 0
0 0
0 0
1511.98 0
0 0
0 0
1513.45 0
0 0
1513.43 0
1511.33 0
0 0
0 0
0 0
0 0
0 0
0 0
0 0
1519.7 0
0 0
1510.49 0
0 0
0 0
0 0
1507.6 0
0 0
0 0
0 0
0 0
1513.25 0
0 0
1509.96 0
0 0
0 0
0 0
1523.16 0
0 0
0 0
0 0
0 0
0 0
0 0
0 0
1532.39 0
0 0
0 0
0 0
1505.78 0
0 0
0 0
0 0
0 0
0 0
0 0
1507.1 0
1517.84 0
0 0
0 0
0 0
0 0
1530.2 0
0 0
0 0
0 0
0 0
1578.27 0
1487.54 0
0 0
0 0
0 0
0 0
1614.13 0
1484.13 0
0 0
0 0
0 0
0 0
0 0
0 0
1504.93 0
0 0
0 0
0 0
0 0
0 0
0 0
0 0
0 0
0 0
1508.56 0
1505.68 0
0 0
0 0
1513.13 0
0 0
1525.51 0
1508.31 0
0 0
0 0
0 0
0 0
0 0
0 0
0 0
0 0
0 0
0 0
0 0
0 0
1505.01 0
0 0
0 0
1506.47 0
0 0
0 0
0 0
0 0
0 0
0 0
1504.57 0
1505.01 0
0 0
1515.91 0
1526.9 0
0 0
0 0
0 0
1502.88 0
0 0
0 0
0 0
0 0
0 0
0 0
1502.76 0
1500.81 0
0 0
0 0
0 0
0 0
0 0
0 0
0 0
0 0
0 0
0 0
1506.43 0
0 0
1534 0
0 0
1543.6 0
1491.96 0
0 0
0 0
0 0
0 0
196765 0
0 0
0 0
0 0
0 0
0 0
0 0
0 0
0 0
0 0
0 0
0 0
0 0
0 0
531134 0
0 0
0 0
0 0
22152.9 0
1500.94 0
1501.2 0
0 0
0 0
0 0
0 0
0 0
0 0
1546.74 0
0 0
0 0
0 0
1505.04 0
0 0
0 0
0 0
1499.02 0
0 0
0 0
0 0
0 0
0 0
1503.61 0
0 0
0 0
0 0
0 0
1519.03 0
1492.45 0
0 0
1520.59 0
0 0
0 0
1522.78 0
1490.63 0
0 0
0 0
1496.82 0
0 0
1533.01 0
0 0
1497.56 0
1495.64 0
0 0
0 0
1496.2 0
0 0
0 0
0 0
0 0
0 0
0 0
0 0
0 0
0 0
0 0
1502.74 0
0 0
0 0
0 0
1496.82 0
0 0
0 0
0 0
0 0
0 0
0 0
0 0
0 0
1498.19 0
0 0
1562.17 0
1477.51 0
0 0
1578.61 0
0 0
0 0
0 0
1481.16 0
0 0
0 0
0 0
0 0
1591.69 0
0 0
0 0
0 0
1472.86 0
1493.14 0
0 0
1496.6 0
0 0
0 0
1499.57 0
0 0
0 0
0 0
0 0
0 0
0 0
0 0
0 0
0 0
0 0
0 0
0 0
0 0
0 0
0 0
0 0
0 0
1502.55 0
0 0
0 0
0 0
0 0
0 0
0 0
0 0
1500.97 0
0 0
0 0
0 0
0 0
0 0
0 0
0 0
0 0
1501.53 0
0 0
0 0
0 0
0 0
1494.14 0
0 0
0 0
0 0
1492.6 0
0 0
1501.38 0
0 0
0 0
0 0
0 0
0 0
0 0
0 0
0 0
0 0
0 0
0 0
0 0
0 0
0 0
0 0
1496.81 0
0 0
0 0
0 0
1492.54 0
0 0
0 0
0 0
0 0
0 0
0 0
0 0
0 0
0 0
0 0
0 0
0 0
0 0
0 0
0 0
0 0
0 0
0 0
0 0
0 0
0 0
0 0
0 0
1497.12 0
0 0
0 0
0 0
1494.25 0
0 0
1513.9 0
1487.96 0
1496.63 0
0 0
1521.77 0
1485.97 0
1486.34 0
0 0
0 0
0 0
1488.71 0
0 0
0 0
0 0
0 0
0 0
0 0
1488.26 0
0 0
0 0
0 0
0 0
0 0
0 0
0 0
1492.51 0
0 0
0 0
0 0
0 0
0 0
0 0
0 0
0 0
0 0
0 0
0 0
0 0
1486.91 0
0 0
0 0
0 0
0 0
0 0
0 0
0 0
1495.3 0
0 0
1490.34 0
0 0
0 0
0 0
0 0
1491.54 0
0 0
0 0
0 0
0 0
0 0
0 0
0 0
0 0
0 0
0 0
0 0
0 0
1485.94 0
0 0
0 0
0 0
0 0
1494.33 0
1484.82 0
0 0
0 0
0 0
0 0
0 0
1494.47 0
0 0
0 0
0 0
0 0
0 0
1495.83 0
0 0
0 0
0 0
1481.51 0
1485.57 0
0 0
0 0
0 0
0 0
1488.59 0
0 0
0 0
1489.16 0
0 0
0 0
0 0
0 0
0 0
0 0
0 0
0 0
1495.33 0
0 0
0 0
1499.1 0
0 0
1514.55 0
0 0
0 0
0 0
0 0
0 0
0 0
1476.03 0
0 0
0 0
0 0
1483.89 0
0 0
0 0
0 0
0 0
1488.51 0
0 0
0 0
0 0
0 0
1490.08 0
1480.66 0
0 0
0 0
0 0
0 0
0 0
0 0
0 0
1501.32 0
0 0
1498.3 0
0 0
1489.55 0
0 0
0 0
0 0
0 0
0 0
0 0
0 0
0 0
0 0
1483.69 0
0 0
0 0
0 0
0 0
1496.62 0
0 0
0 0
1497.98 0
0 0
0 0
0 0
0 0
0 0
0 0
0 0
1489.54 0
0 0
0 0
0 0
0 0
0 0
1490.1 0
0 0
0 0
1491.47 0
0 0
0 0
0 0
0 0
1495.35 0
1477.11 0
1479.29 0
0 0
1483.31 0
0 0
0 0
0 0
1486.95 0
0 0
0 0
1489.11 0
1479.54 0
0 0
0 0
0 0
0 0
0 0
0 0
1479.63 0
0 0
0 0
1480.99 0
1477.57 0
0 0
1485.91 0
1476.45 0
1481.15 0
0 0
1492.9 0
0 0
0 0
1495.87 0
0 0
0 0
0 0
0 0
0 0
0 0
0 0
0 0
1497.23 0
1471.8 0
0 0
0 0
0 0
1475.73 0
0 0
0 0
1513.06 0
0 0
0 0
0 0
0 0
0 0
0 0
0 0
0 0
0 0
1470.18 0
0 0
0 0
0 0
0 0
0 0
0 0
0 0
0 0
0 0
0 0
0 0
0 0
0 0
1532.25 0
0 0
1477.22 0
0 0
1475.98 0
0 0
0 0
0 0
1475.9 0
0 0
1480.34 0
0 0
0 0
1480.9 0
0 0
0 0
0 0
0 0
0 0
0 0
0 0
0 0
0 0
1525.86 0
0 0
0 0
0 0
0 0
1553.76 0
0 0
0 0
0 0
0 0
0 0
0 0
0 0
0 0
1558.39 0
1457.34 0
0 0
0 0
0 0
0 0
1565.06 0
0 0
1477.81 0
1471.9 0
0 0
0 0
0 0
0 0
0 0
0 0
0 0
0 0
1473.25 0
0 0
0 0
0 0
0 0
0 0
0 0
0 0
0 0
1473.81 0
0 0
0 0
1475.16 0
0 0
0 0
1476.51 0
0 0
0 0
1477.87 0
0 0
0 0
0 0
0 0
0 0
1479.22 0
0 0
0 0
0 0
0 0
0 0
1479.78 0
0 0
0 0
0 0
1631.61 0
0 0
0 0
1632.99 0
0 0
0 0
0 0
0 0
0 0
0 0
0 0
1705.06 0
0 0
0 0
0 0
0 0
1478.01 0
0 0
0 0
1478.57 0
0 0
0 0
0 0
1468.18 0
0 0
0 0
0 0
0 0
1485.29 0
0 0
0 0
0 0
0 0
1477.44 0
0 0
0 0
0 0
0 0
0 0
1478 0
0 0
1474.38 0
0 0
0 0
0 0
0 0
0 0
1474.94 0
1468.79 0
0 0
0 0
0 0
0 0
0 0
0 0
0 0
0 0
1469.35 0
0 0
0 0
5031.59 0
0 0
0 0
5035.78 0
7180.93 0
0 0
0 0
0 0
0 0
0 0
0 0
0 0
0 0
0 0
0 0
12062.5 0
0 0
0 0
0 0
0 0
1470.47 0
0 0
0 0
1486.02 0
0 0
0 0
0 0
0 0
1794.22 0
0 0
0 0
0 0
0 0
0 0
0 0
0 0
0 0
1795.63 0
0 0
0 0
0 0
0 0
1874.27 0
0 0
0 0
0 0
0 0
0 0
0 0
1384.16 0
1465.59 0
0 0
0 0
0 0
1464.58 0
0 0
0 0
0 0
1464.56 0
1479.98 0
0 0
0 0
0 0
0 0
1498 0
0 0
0 0
0 0
0 0
0 0
0 0
1457.66 0
0 0
0 0
0 0
0 0
0 0
0 0
0 0
0 0
0 0
0 0
0 0
0 0
0 0
0 0
0 0
0 0
0 0
0 0
0 0
0 0
0 0
0 0
0 0
0 0
0 0
1505.52 0
0 0
0 0
0 0
0 0
0 0
0 0
0 0
0 0
1506.87 0
0 0
1468.12 0
0 0
0 0
0 0
0 0
0 0
0 0
0 0
0 0
1490.63 0
1458.7 0
0 0
0 0
0 0
0 0
0 0
0 0
0 0
0 0
0 0
0 0
0 0
1459.25 0
0 0
1503.31 0
0 0
1480.42 0
1456.98 0
0 0
1492.1 0
0 0
1471.02 0
0 0
1465.84 0
1460.6 0
0 0
0 0
0 0
0 0
0 0
0 0
0 0
0 0
0 0
0 0
0 0
1462.71 0
0 0
0 0
0 0
0 0
0 0
1463.26 0
0 0
0 0
0 0
1459.92 0
0 0
0 0
0 0
0 0
1468.86 0
0 0
1461.92 0
0 0
0 0
0 0
1462.98 0
0 0
0 0
0 0
0 0
0 0
1463.53 0
0 0
0 0
0 0
0 0
0 0
1465.64 0
0 0
0 0
0 0
0 0
0 0
0 0
0 0
1471.89 0
0 0
0 0
1480.27 0
0 0
0 0
0 0
0 0
0 0
1481.61 0
0 0
0 0
0 0
1461.51 0
1516.46 0
0 0
0 0
1518.62 0
0 0
0 0
0 0
0 0
0 0
0 0
0 0
0 0
0 0
0 0
0 0
0 0
0 0
0 0
0 0
0 0
0 0
0 0
0 0
0 0
0 0
0 0
1524.42 0
0 0
0 0
0 0
0 0
0 0
0 0
0 0
1477.99 0
0 0
0 0
0 0
0 0
0 0
0 0
0 0
0 0
1478.54 0
0 0
0 0
1479.09 0
0 0
0 0
0 0
0 0
0 0
0 0
0 0
0 0
0 0
1460.27 0
0 0
0 0
0 0
1454.8 0
0 0
0 0
0 0
0 0
0 0
0 0
0 0
1480.27 0
0 0
1469.89 0
1453.49 0
1457.53 0
0 0
0 0
0 0
0 0
0 0
1459.63 0
0 0
1464.04 0
0 0
0 0
0 0
0 0
1459.81 0
1454.03 0
1454.98 0
1454.5 0
1453.63 0
1454.38 0
0 0
0 0
0 0
0 0
0 0
0 0
0 0
0 0
0 0
0 0
0 0
0 0
0 0
0 0
0 0
1453.18 0
0 0
1456.32 0
1453.09 0
0 0
0 0
0 0
0 0
1462.71 0
1457.17 0
1451.17 0
0 0
1474.18 0
0 0
0 0
1483.32 0
0 0
0 0
1484.66 0
0 0
1479.98 0
1505.46 0
0 0
0 0
0 0
0 0
0 0
0 0
0 0
1482.71 0
0 0
1455.75 0
1460.83 0
0 0
1475.44 0
0 0
0 0
0 0
0 0
0 0
0 0
0 0
0 0
0 0
0 0
1458.02 0
0 0
0 0
0 0
0 0
0 0
0 0
0 0
0 0
0 0
0 0
0 0
0 0
1448.7 0
0 0
0 0
0 0
0 0
1462.35 0
0 0
0 0
0 0
0 0
1474.79 0
0 0
1482.22 0
0 0
0 0
0 0
0 0
0 0
0 0
0 0
0 0
1482.77 0
0 0
0 0
1483.32 0
0 0
0 0
0 0
0 0
0 0
0 0
1440.98 0
0 0
0 0
0 0
0 0
0 0
0 0
0 0
0 0
1450.78 0
0 0
0 0
0 0
0 0
1499.39 0
1437.77 0
0 0
0 0
0 0
0 0
0 0
0 0
0 0
0 0
0 0
0 0
1502.92 0
0 0
0 0
0 0
0 0
0 0
0 0
0 0
1453.36 0
0 0
0 0
0 0
0 0
0 0
0 0
0 0
1458.62 0
1444.97 0
1447.23 0
0 0
0 0
0 0
0 0
0 0
0 0
0 0
0 0
0 0
0 0
1450.57 0
1450.03 0
0 0
1457.98 0
0 0
0 0
0 0
0 0
0 0
0 0
1444.07 0
0 0
0 0
0 0
0 0
0 0
0 0
0 0
0 0
1444.62 0
0 0
0 0
0 0
0 0
1462.79 0
0 0
1450.58 0
0 0
0 0
0 0
0 0
1449.79 0
0 0
1447.61 0
0 0
0 0
0 0
0 0
0 0
0 0
0 0
0 0
0 0
0 0
0 0
0 0
1453.87 0
0 0
0 0
0 0
1443.86 0
0 0
1464.97 0
1440.02 0
1447.22 0
0 0
0 0
0 0
0 0
0 0
0 0
0 0
0 0
1453.18 0
0 0
1463.66 0
0 0
0 0
0 0
0 0
0 0
0 0
0 0
0 0
0 0
0 0
0 0
0 0
0 0
0 0
0 0
0 0
0 0
0 0
0 0
1486.4 0
0 0
0 0
0 0
0 0
0 0
1489.29 0
1430.5 0
1444.56 0
0 0
0 0
0 0
1445.26 0
0 0
1483.54 0
0 0
1485.37 0
0 0
0 0
1497.75 0
0 0
0 0
0 0
1446.84 0
0 0
0 0
0 0
1440.32 0
0 0
0 0
0 0
0 0
1448.11 0
0 0
0 0
0 0
0 0
1450.76 0
0 0
0 0
0 0
0 0
0 0
0 0
0 0
0 0
0 0
1438.57 0
1441.39 0
0 0
0 0
0 0
1440.2 0
1444.8 0
0 0
1450.13 0
0 0
0 0
1451.45 0
0 0
0 0
0 0
0 0
1443.84 0
0 0
1441.67 0
0 0
0 0
0 0
0 0
1441.46 0
0 0
0 0
0 0
0 0
1440.47 0
0 0
0 0
0 0
0 0
0 0
0 0
0 0
0 0
0 0
0 0
1440.05 0
0 0
0 0
0 0
1438.24 0
1442.06 0
0 0
1448.73 0
0 0
1441.33 0
0 0
0 0
0 0
0 0
0 0
0 0
0 0
0 0
0 0
0 0
0 0
0 0
0 0
61025.9 1
0 0
155775 0
0 0
0 0
0 0
0 0
0 0
0 0
0 0
1441.63 0
0 0
1443.33 0
0 0
0 0
0 0
1437.77 0
0 0
0 0
1439.02 0
1433.89 0
0 0
0 0
1436.59 0
0 0
0 0
0 0
0 0
0 0
0 0
1438.42 0
0 0
0 0
0 0
0 0
0 0
1441.13 0
0 0
0 0
0 0
0 0
0 0
0 0
1436.08 0
0 0
0 0
0 0
0 0
1450.88 0
0 0
0 0
1451.4 0
1430.03 0
0 0
0 0
1432.73 0
0 0
0 0
0 0
0 0
0 0
0 0
0 0
0 0
0 0
1438.37 0
0 0
0 0
0 0
1432.27 0
0 0
0 0
1437.15 0
0 0
0 0
1439.86 0
0 0
1453.8 0
0 0
0 0
0 0
1427.74 0
1441.51 0
0 0
0 0
0 0
0 0
0 0
0 0
0 0
0 0
0 0
1434.37 0
0 0
0 0
0 0
0 0
1453.66 0
1427.42 0
0 0
0 0
0 0
0 0
1457.88 0
0 0
0 0
0 0
0 0
0 0
1462.07 0
0 0
0 0
0 0
0 0
0 0
0 0
1439.22 0
0 0
0 0
0 0
1434.89 0
0 0
1441.55 0
0 0
0 0
0 0
1432.65 0
0 0
0 0
0 0
0 0
0 0
0 0
1464.3 0
0 0
0 0
0 0
0 0
0 0
0 0
0 0
0 0
0 0
0 0
1483.86 0
1420.3 0
0 0
0 0
0 0
1429.38 0
0 0
0 0
0 0
1440.47 0
0 0
0 0
0 0
0 0
0 0
0 0
0 0
0 0
0 0
0 0
0 0
0 0
0 0
0 0
0 0
0 0
0 0
1444.63 0
0 0
0 0
0 0
0 0
0 0
0 0
1429.39 0
0 0
0 0
0 0
0 0
0 0
0 0
0 0
0 0
1429.9 0
0 0
1470.48 0
0 0
0 0
0 0
0 0
0 0
0 0
0 0
0 0
1471 0
0 0
0 0
0 0
0 0
0 0
0 0
0 0
0 0
0 0
1431.75 0
0 0
0 0
0 0
0 0
0 0
1432.98 0
0 0
1502.18 0
0 0
0 0
0 0
0 0
0 0
1532.52 0
0 0
0 0
0 0
1410.92 0
0 0
1566.11 0
0 0
0 0
0 0
0 0
0 0
0 0
0 0
0 0
0 0
0 0
0 0
0 0
0 0
0 0
0 0
1397.36 0
0 0
0 0
0 0
0 0
0 0
0 0
0 0
0 0
1399.29 0
1425.26 0
0 0
1440.26 0
0 0
1454.26 0
0 0
0 0
1455.51 0
0 0
0 0
0 0
0 0
1450.07 0
1446.15 0
0 0
0 0
0 0
1426.21 0
1426.34 0
0 0
0 0
0 0
0 0
0 0
0 0
0 0
0 0
1427.57 0
0 0
1432.6 0
0 0
0 0
0 0
0 0
0 0
1433.84 0
0 0
0 0
0 0
0 0
0 0
0 0
1426.64 0
0 0
1442.83 0
0 0
0 0
1464.51 0
1449.83 0
0 0
1473 0
0 0
0 0
0 0
0 0
0 0
0 0
0 0
0 0
0 0
0 0
0 0
0 0
0 0
0 0
0 0
0 0
0 0
0 0
1450.29 0
0 0
0 0
0 0
0 0
0 0
0 0
0 0
0 0
0 0
0 0
0 0
0 0
1427.65 0
0 0
1436.55 0
0 0
0 0
0 0
1421.09 0
0 0
0 0
0 0
0 0
1441.32 0
1419.7 0
0 0
0 0
0 0
0 0
0 0
0 0
0 0
0 0
0 0
0 0
0 0
0 0
0 0
0 0
0 0
1421.54 0
0 0
1429.06 0
1419.96 0
0 0
1439.95 0
0 0
0 0
0 0
0 0
1436.84 0
0 0
0 0
1440.98 0
1416.03 0
0 0
0 0
0 0
0 0
0 0
0 0
1419.75 0
84797.6 1
0 0
0 0
0 0
0 0
0 0
0 0
0 0
0 0
0 0
0 0
200912 0
0 0
0 0
0 0
0 0
0 0
0 0
0 0
1440.49 0
0 0
0 0
0 0
1415.6 0
0 0
0 0
0 0
1426.12 0
0 0
0 0
0 0
0 0
0 0
0 0
0 0
0 0
0 0
1419.25 0
0 0
0 0
0 0
0 0
0 0
0 0
0 0
0 0
0 0
1421.08 0
0 0
0 0
0 0
0 0
0 0
0 0
0 0
0 0
1422.99 0
0 0
0 0
0 0
0 0
1437.03 0
0 0
0 0
0 0
0 0
0 0
1437.53 0
0 0
0 0
0 0
0 0
0 0
0 0
0 0
1428.24 0
0 0
1419.95 0
0 0
0 0
0 0
0 0
0 0
0 0
0 0
0 0
1426.11 0
0 0
0 0
0 0
1415.29 0
0 0
0 0
0 0
0 0
0 0
0 0
1417.16 0
0 0
0 0
1417.66 0
0 0
0 0
0 0
0 0
0 0
0 0
0 0
0 0
0 0
0 0
0 0
0 0
1417.97 0
0 0
0 0
0 0
0 0
0 0
1419.18 0
0 0
1425.49 0
1414.24 0
0 0
0 0
0 0
0 0
1428.15 0
1412.56 0
0 0
0 0
0 0
0 0
0 0
1413.76 0
0 0
0 0
1414.96 0
0 0
0 0
0 0
0 0
0 0
0 0
0 0
0 0
1415.46 0
0 0
0 0
0 0
1417.67 0
0 0
0 0
0 0
1415.16 0
1413.41 0
0 0
1419.14 0
0 0
1418.36 0
1412.23 0
0 0
0 0
1412.72 0
0 0
0 0
0 0
0 0
0 0
0 0
0 0
0 0
0 0
0 0
0 0
1413.93 0
0 0
0 0
0 0
0 0
1429.14 0
0 0
0 0
1429.64 0
0 0
0 0
0 0
0 0
0 0
0 0
0 0
0 0
0 0
1408.37 0
0 0
0 0
0 0
0 0
0 0
0 0
0 0
0 0
0 0
0 0
0 0
1412.38 0
0 0
1440.25 0
0 0
0 0
0 0
1448.36 0
0 0
1443.83 0
1453.68 0
0 0
1456.59 0
0 0
0 0
0 0
0 0
0 0
0 0
0 0
0 0
0 0
0 0
0 0
0 0
0 0
0 0
1458.52 0
0 0
0 0
0 0
0 0
0 0
0 0
1489.47 0
0 0
0 0
0 0
0 0
0 0
1489.98 0
0 0
0 0
0 0
0 0
1556.38 0
1420.65 0
0 0
1570.27 0
1418.57 0
0 0
0 0
0 0
1409.27 0
0 0
0 0
0 0
0 0
0 0
1410.47 0
0 0
0 0
0 0
1409.37 0
1408.66 0
0 0
0 0
0 0
0 0
0 0
1449.35 0
0 0
0 0
0 0
0 0
0 0
0 0
0 0
0 0
0 0
0 0
0 0
0 0
0 0
0 0
0 0
0 0
0 0
0 0
0 0
0 0
0 0
0 0
0 0
0 0
1397.53 0
0 0
0 0
0 0
0 0
0 0
0 0
0 0
0 0
0 0
1408.24 0
1408.74 0
0 0
0 0
0 0
1408.35 0
0 0
0 0
0 0
1407.44 0
0 0
0 0
0 0
0 0
1410.29 0
1406.67 0
1411.23 0
0 0
0 0
0 0
0 0
0 0
0 0
0 0
0 0
0 0
0 0
1414.13 0
0 0
0 0
1416.03 0
0 0
0 0
0 0
0 0
0 0
0 0
1406.45 0
0 0
0 0
1409.05 0
0 0
0 0
1410.25 0
1405.53 0
0 0
1417.37 0
0 0
1408.59 0
0 0
0 0
0 0
1407.96 0
0 0
0 0
0 0
0 0
0 0
0 0
1406.17 0
0 0
0 0
1406.67 0
0 0
0 0
1411.37 0
0 0
0 0
0 0
0 0
1421.31 0
0 0
1411.18 0
0 0
0 0
0 0
1406.92 0
0 0
1422.6 0
0 0
0 0
1425.21 0
0 0
0 0
0 0
0 0
0 0
1426.41 0
0 0
0 0
0 0
1402.39 0
0 0
0 0
1403.59 0
0 0
1435.62 0
1526.4 0
1403.1 0
0 0
0 0
0 0
0 0
1405.75 0
0 0
0 0
0 0
0 0
0 0
0 0
0 0
0 0
0 0
0 0
0 0
0 0
0 0
0 0
1426.58 0
0 0
0 0
1427.78 0
0 0
0 0
1429.69 0
0 0
0 0
0 0
1398.27 0
0 0
0 0
0 0
0 0
0 0
0 0
1401.47 0
0 0
0 0
0 0
0 0
0 0
1404.06 0
0 0
0 0
0 0
0 0
0 0
1406.66 0
0 0
1422.37 0
0 0
0 0
0 0
0 0
0 0
1425.68 0
0 0
0 0
1445.91 0
1497.13 0
0 0
0 0
0 0
1402.4 0
1400.25 0
0 0
0 0
0 0
0 0
0 0
0 0
0 0
0 0
0 0
0 0
1406.67 0
0 0
0 0
0 0
0 0
0 0
1412.06 0
1396.02 0
0 0
0 0
0 0
0 0
0 0
1397.21 0
1398.24 0
0 0
1404.23 0
0 0
0 0
0 0
0 0
0 0
0 0
0 0
0 0
0 0
0 0
0 0
0 0
0 0
0 0
1413.11 0
0 0
1414.65 0
0 0
1403.44 0
0 0
0 0
0 0
1397.71 0
0 0
0 0
1401.68 0
1397.82 0
0 0
0 0
0 0
0 0
0 0
0 0
1396.47 0
0 0
0 0
0 0
0 0
1404.92 0
0 0
1402.12 0
0 0
0 0
0 0
0 0
0 0
0 0
1396.01 0
0 0
0 0
0 0
0 0
0 0
0 0
1440.8 0
0 0
0 0
0 0
0 0
0 0
1442 0
0 0
0 0
1445.32 0
0 0
0 0
0 0
0 0
1463.2 0
0 0
0 0
0 0
0 0
0 0
0 0
1384.72 0
0 0
0 0
1399.73 0
1390.71 0
0 0
1429.27 0
0 0
0 0
0 0
0 0
0 0
0 0
0 0
0 0
0 0
0 0
0 0
0 0
1388.4 0
0 0
0 0
0 0
0 0
0 0
0 0
0 0
0 0
0 0
0 0
1439.44 0
0 0
0 0
0 0
1385.27 0
1397.34 0
0 0
0 0
0 0
0 0
0 0
0 0
0 0
0 0
1398.54 0
0 0
0 0
0 0
0 0
0 0
1399.03 0
0 0
0 0
1404.39 0
1390.3 0
0 0
1410.53 0
0 0
1397.1 0
1395.92 0
0 0
0 0
0 0
0 0
0 0
0 0
0 0
0 0
0 0
0 0
1405.52 0
0 0
1395.81 0
0 0
0 0
0 0
1391.36 0
0 0
0 0
1391.86 0
0 0
0 0
1406.92 0
0 0
0 0
0 0
0 0
1417.98 0
0 0
0 0
0 0
1385.75 0
0 0
0 0
0 0
0 0
0 0
1386.93 0
0 0
0 0
1388.12 0
0 0
0 0
0 0
0 0
0 0
0 0
0 0
0 0
1388.62 0
0 0
0 0
1389.8 0
1389.74 0
1390.66 0
1390.47 0
0 0
0 0
0 0
0 0
1393.46 0
0 0
1391.33 0
0 0
0 0
0 0
0 0
0 0
0 0
0 0
0 0
0 0
0 0
0 0
0 0
1392.47 0
0 0
0 0
0 0
0 0
0 0
1406.13 0
1387.8 0
0 0
1419.27 0
0 0
0 0
0 0
1385.55 0
0 0
0 0
0 0
0 0
0 0
0 0
0 0
0 0
0 0
1387.48 0
0 0
0 0
0 0
0 0
0 0
0 0
0 0
0 0
0 0
0 0
1400.77 0
0 0
0 0
0 0
0 0
0 0
1401.97 0
0 0
0 0
0 0
0 0
0 0
0 0
0 0
0 0
0 0
0 0
1399.23 0
0 0
1396.48 0
1385.21 0
0 0
0 0
0 0
1391.46 0
0 0
0 0
0 0
0 0
0 0
0 0
0 0
0 0
0 0
1392.71 0
0 0
0 0
0 0
0 0
0 0
0 0
0 0
0 0
0 0
1385.19 0
1403.26 0
0 0
1409.5 0
1384.91 0
1388.61 0
0 0
0 0
0 0
1385.66 0
0 0
0 0
1386.84 0
1389.78 0
0 0
0 0
1390.97 0
0 0
0 0
0 0
0 0
0 0
0 0
0 0
0 0
0 0
0 0
0 0
0 0
1383.46 0
0 0
0 0
0 0
0 0
0 0
1386.71 0
0 0
0 0
0 0
0 0
0 0
0 0
0 0
0 0
0 0
0 0
1401.02 0
1381.72 0
0 0
0 0
0 0
0 0
0 0
0 0
0 0
0 0
0 0
0 0
0 0
0 0
1384.86 0
0 0
0 0
0 0
1383.98 0
0 0
0 0
0 0
0 0
0 0
0 0
1383.97 0
1383.78 0
0 0
1386.21 0
0 0
0 0
0 0
0 0
0 0
0 0
1384.22 0
0 0
0 0
1388.17 0
0 0
0 0
1388.66 0
1381.85 0
0 0
1400.23 0
0 0
0 0
0 0
0 0
0 0
0 0
0 0
0 0
0 0
0 0
0 0
0 0
0 0
0 0
1401.42 0
0 0
0 0
0 0
0 0
0 0
0 0
0 0
0 0
0 0
0 0
0 0
0 0
1378.51 0
0 0
0 0
1382.44 0
0 0
0 0
1383.62 0
0 0
0 0
0 0
0 0
0 0
1391.69 0
1377.62 0
0 0
1402.31 0
0 0
1385.1 0
1390.63 0
1381.77 0
0 0
0 0
0 0
0 0
0 0
0 0
0 0
1402.87 0
0 0
0 0
0 0
0 0
0 0
0 0
0 0
0 0
0 0
1378.85 0
0 0
0 0
0 0
0 0
0 0
0 0
0 0
0 0
1381.4 0
0 0
1413.73 0
0 0
0 0
1416.31 0
1373.58 0
0 0
0 0
1374.08 0
0 0
0 0
0 0
0 0
0 0
0 0
0 0
0 0
0 0
0 0
0 0
0 0
0 0
0 0
1378 0
0 0
0 0
1453.18 0
0 0
0 0
0 0
0 0
0 0
0 0
1357.6 0
1379.14 0
0 0
1397.92 0
1375.34 0
0 0
0 0
1388.85 0
0 0
0 0
1389.34 0
0 0
0 0
0 0
0 0
0 0
0 0
0 0
0 0
0 0
0 0
0 0
0 0
0 0
1425.68 0
0 0
0 0
0 0
0 0
0 0
0 0
0 0
0 0
1426.18 0
0 0
1381.65 0
0 0
0 0
0 0
0 0
0 0
0 0
0 0
0 0
1383.52 0
0 0
0 0
0 0
0 0
0 0
0 0
0 0
0 0
0 0
0 0
0 0
1387.45 0
0 0
0 0
1387.94 0
0 0
0 0
0 0
0 0
1387.17 0
0 0
0 0
0 0
1374.84 0
0 0
1391.47 0
1385.68 0
0 0
0 0
0 0
0 0
0 0
1389.6 0
0 0
1415.79 0
0 0
0 0
0 0
0 0
1378.02 0
0 0
0 0
0 0
1375.37 0
1375.55 0
0 0
0 0
0 0
0 0
0 0
0 0
0 0
1386.04 0
0 0
0 0
1387.91 0
0 0
0 0
0 0
0 0
1387.69 0
1371.54 0
1377.52 0
0 0
0 0
0 0
0 0
0 0
0 0
0 0
0 0
0 0
0 0
0 0
1379.39 0
0 0
0 0
1381.94 0
1371.35 0
0 0
0 0
0 0
0 0
0 0
0 0
0 0
0 0
0 0
1376.77 0
0 0
0 0
0 0
0 0
0 0
1386.85 0
0 0
0 0
0 0
0 0
1392.28 0
0 0
1374.53 0
0 0
0 0
0 0
0 0
1379.99 0
1375.37 0
1371.64 0
1373.91 0
0 0
1377.93 0
0 0
0 0
0 0
0 0
0 0
0 0
0 0
0 0
0 0
0 0
0 0
1378.42 0
0 0
1380.42 0
0 0
0 0
0 0
0 0
0 0
1381.6 0
1369.24 0
0 0
0 0
0 0
0 0
0 0
0 0
0 0
0 0
0 0
0 0
0 0
0 0
0 0
0 0
0 0
0 0
0 0
1373.14 0
1371.51 0
0 0
0 0
1372.69 0
0 0
0 0
0 0
1386.52 0
1366.3 0
1371.18 0
0 0
0 0
0 0
1.04736e+06 1
0 0
2.15887e+06 0
0 0
0 0
0 0
0 0
0 0
1.83038e+06 0
105647 0
0 0
1.58358e+06 0
0 0
0 0
0 0
89986.5 0
0 0
0 0
87951.4 0
0 0
0 0
0 0
0 0
1.38317e+06 0
0 0
0 0
0 0
0 0
0 0
0 0
0 0
0 0
0 0
79194.3 0
0 0
0 0
0 0
0 0
1.26659e+06 0
0 0
0 0
0 0
0 0
0 0
1.24407e+06 1
0 0
0 0
1.17775e+06 0
61004.9 0
0 0
1.12475e+06 0
0 0
0 0
1.07617e+06 0
0 0
0 0
1.03362e+06 0
0 0
1374.21 0
0 0
1369.62 0
0 0
0 0
0 0
0 0
1366.33 0
1365.28 0
0 0
0 0
0 0
0 0
0 0
1365.74 0
1363.44 0
1365.07 0
1363.25 0
1364.7 0
0 0
1369.91 0
0 0
0 0
0 0
0 0
1371.37 0
0 0
0 0
1373.78 0
0 0
1374.29 0
1360.54 0
0 0
0 0
0 0
0 0
1377.91 0
1360.77 0
0 0
0 0
0 0
1362.07 0
0 0
1368.14 0
0 0
1364.85 0
0 0
1363.85 0
0 0
0 0
0 0
0 0
0 0
0 0
0 0
0 0
1370.13 0
0 0
0 0
1370.59 0
0 0
0 0
1371.05 0
0 0
1372.95 0
0 0
0 0
1381.19 0
1355.45 0
0 0
0 0
0 0
0 0
0 0
0 0
0 0
0 0
1356.56 0
1363.54 0
0 0
1365.3 0
0 0
0 0
0 0
1362.32 0
1359.86 0
0 0
0 0
0 0
0 0
0 0
0 0
0 0
0 0
0 0
0 0
1364.58 0
0 0
0 0
0 0
1357.81 0
0 0
1370.25 0
0 0
0 0
1371.36 0
0 0
0 0
0 0
1357.47 0
1358.42 0
0 0
0 0
0 0
0 0
0 0
0 0
1361.16 0
0 0
0 0
0 0
0 0
0 0
0 0
0 0
0 0
0 0
0 0
0 0
0 0
0 0
0 0
0 0
0 0
0 0
0 0
0 0
0 0
0 0
0 0
0 0
1366.13 0
1379.36 0
0 0
0 0
0 0
0 0
0 0
1379.82 0
1352.75 0
0 0
1393.97 0
0 0
0 0
1435.67 0
0 0
0 0
1438.11 0
0 0
0 0
0 0
0 0
0 0
0 0
1345.43 0
0 0
0 0
0 0
0 0
0 0
0 0
0 0
0 0
0 0
0 0
0 0
0 0
1356.15 0
0 0
0 0
0 0
0 0
1375.03 0
0 0
0 0
0 0
0 0
0 0
1376.14 0
0 0
1365.36 0
0 0
0 0
0 0
0 0
0 0
1365.82 0
1357.81 0
0 0
0 0
0 0
0 0
0 0
1361.48 0
0 0
0 0
0 0
0 0
1380.19 0
1350.96 0
1355.78 0
1354.95 0
0 0
0 0
0 0
0 0
0 0
0 0
0 0
1358.72 0
0 0
0 0
1359.82 0
0 0
1356.73 0
0 0
0 0
1357.83 0
0 0
1357.01 0
1356.09 0
0 0
0 0
0 0
0 0
0 0
0 0
0 0
1362.52 0
0 0
0 0
0 0
0 0
0 0
1363.63 0
0 0
0 0
0 0
0 0
0 0
1364.09 0
1354.93 0
1352.11 0
0 0
0 0
0 0
0 0
0 0
0 0
0 0
0 0
0 0
0 0
0 0
0 0
0 0
0 0
0 0
1359.38 0
0 0
0 0
0 0
0 0
0 0
0 0
0 0
0 0
0 0
1351.07 0
1355.17 0
0 0
1359.28 0
0 0
0 0
0 0
0 0
0 0
0 0
1350.88 0
0 0
0 0
0 0
0 0
1363.46 0
0 0
1356.77 0
0 0
0 0
0 0
0 0
1359.15 0
0 0
0 0
0 0
0 0
0 0
0 0
0 0
0 0
0 0
0 0
1358.38 0
0 0
0 0
0 0
0 0
0 0
0 0
0 0
0 0
1358.84 0
0 0
0 0
0 0
1350.91 0
0 0
0 0
0 0
1354.49 0
0 0
0 0
0 0
0 0
0 0
0 0
0 0
0 0
0 0
0 0
0 0
1354.96 0
0 0
1362.84 0
0 0
0 0
0 0
0 0
0 0
0 0
0 0
0 0
0 0
0 0
0 0
1364.58 0
0 0
0 0
0 0
0 0
0 0
0 0
0 0
0 0
0 0
0 0
0 0
0 0
0 0
1355.67 0
1355.57 0
0 0
0 0
0 0
1348.11 0
0 0
0 0
0 0
0 0
1362.32 0
0 0
0 0
1368.56 0
1344.37 0
0 0
0 0
0 0
0 0
0 0
1345.47 0
0 0
0 0
0 0
0 0
0 0
0 0
1348.87 0
0 0
1353.26 0
0 0
1350.65 0
1348.16 0
0 0
0 0
0 0
0 0
0 0
0 0
0 0
0 0
1348.63 0
1347.98 0
1347.98 0
0 0
0 0
0 0
1354.19 0
0 0
0 0
0 0
0 0
0 0
0 0
0 0
0 0
0 0
0 0
1361.89 0
0 0
0 0
1364.28 0
0 0
0 0
0 0
0 0
0 0
0 0
1342.86 0
0 0
0 0
0 0
0 0
0 0
0 0
0 0
0 0
0 0
0 0
0 0
0 0
0 0
0 0
0 0
1349.82 0
1346.23 0
0 0
0 0
0 0
0 0
0 0
0 0
0 0
1355.48 0
0 0
0 0
1358.5 0
1346.19 0
0 0
0 0
0 0
0 0
1366.03 0
0 0
0 0
0 0
0 0
0 0
1367.14 0
1341.41 0
0 0
1370.39 0
0 0
0 0
0 0
0 0
0 0
1370.85 0
0 0
0 0
0 0
0 0
0 0
0 0
0 0
0 0
0 0
0 0
0 0
0 0
0 0
0 0
0 0
1341.93 0
1344 0
1344.51 0
1344.33 0
0 0
0 0
0 0
0 0
0 0
0 0
1430.51 1
0 0
0 0
0 0
0 0
1456.78 0
0 0
1346.21 0
0 0
0 0
0 0
0 0
0 0
0 0
0 0
0 0
0 0
1346.29 0
0 0
0 0
1347.38 0
0 0
0 0
0 0
0 0
0 0
0 0
0 0
0 0
0 0
0 0
0 0
0 0
1342.71 0
0 0
0 0
0 0
0 0
0 0
0 0
0 0
0 0
0 0
1342.92 0
1343.55 0
0 0
0 0
0 0
0 0
0 0
0 0
0 0
0 0
0 0
1343.21 0
0 0
0 0
0 0
0 0
0 0
0 0
0 0
1345.97 0
0 0
0 0
0 0
0 0
0 0
0 0
1392.87 0
0 0
0 0
0 0
0 0
0 0
1393.34 0
0 0
0 0
0 0
1329.01 0
0 0
0 0
1330.09 0
0 0
1411.81 0
0 0
0 0
0 0
0 0
1346.47 0
0 0
1346.98 0
0 0
0 0
0 0
0 0
0 0
1349.35 0
1356.04 0
1340.48 0
0 0
1345.94 0
0 0
0 0
0 0
0 0
1347.03 0
0 0
0 0
0 0
0 0
0 0
0 0
0 0
1345.93 0
0 0
0 0
0 0
0 0
1341.9 0
0 0
0 0
0 0
0 0
0 0
0 0
0 0
0 0
0 0
1340.24 0
1342.14 0
0 0
0 0
0 0
0 0
0 0
0 0
0 0
0 0
0 0
0 0
0 0
1342.6 0
0 0
0 0
0 0
0 0
0 0
0 0
0 0
0 0
0 0
0 0
1349.21 0
0 0
0 0
0 0
0 0
0 0
1350.31 0
0 0
0 0
0 0
0 0
0 0
0 0
0 0
0 0
0 0
0 0
0 0
0 0
0 0
0 0
0 0
0 0
0 0
1351.41 0
1336.65 0
0 0
0 0
0 0
0 0
0 0
0 0
0 0
1356.3 0
0 0
0 0
0 0
0 0
0 0
0 0
0 0
1347.69 0
0 0
1348.45 0
1336.61 0
0 0
0 0
1383.53 0
0 0
0 0
0 0
0 0
0 0
1385.27 0
0 0
0 0
0 0
0 0
0 0
1390.23 0
0 0
0 0
0 0
0 0
0 0
0 0
0 0
1419.53 0
0 0
0 0
0 0
0 0
0 0
0 0
0 0
0 0
1419.99 0
0 0
0 0
1420.46 0
0 0
0 0
1420.93 0
0 0
1340.19 0
0 0
1337.61 0
0 0
0 0
1341.97 0
0 0
0 0
0 0
0 0
0 0
0 0
0 0
0 0
0 0
1350.67 0
0 0
0 0
0 0
0 0
0 0
0 0
0 0
1345.32 0
0 0
1347.05 0
0 0
0 0
0 0
0 0
0 0
1349.41 0
0 0
0 0
0 0
0 0
0 0
1350.51 0
0 0
0 0
0 0
0 0
0 0
0 0
0 0
0 0
0 0
0 0
0 0
0 0
0 0
0 0
0 0
1333.43 0
1335.39 0
1338.08 0
0 0
0 0
0 0
0 0
0 0
0 0
1335.97 0
0 0
0 0
0 0
1334.88 0
0 0
0 0
0 0
1335.04 0
0 0
1339.68 0
0 0
0 0
0 0
0 0
0 0
0 0
0 0
0 0
0 0
0 0
0 0
0 0
0 0
0 0
0 0
0 0
0 0
0 0
0 0
0 0
0 0
0 0
0 0
0 0
0 0
0 0
1342.04 0
0 0
1342.54 0
0 0
0 0
0 0
0 0
0 0
0 0
0 0
0 0
0 0
0 0
1344.22 0
0 0
0 0
0 0
1334.34 0
