0.00100772 0
6.24772e-06 0
0.00128423 0
3.11886e-05 0
2.86312e-08 0
5.54625e-08 0
1.10094e-07 0
0 0
5.18753e-06 0
5.53816e-05 0
0.000695115 0
0.00109432 0
0.00046845 0
0.000230271 0
0.000441566 0
0.0251334 1
0.000117419 0
4.76542e-05 0
0.000451055 0
0.000224471 0
2.21227e-06 0
3.25076e-07 0
1.77307e-07 0
4.59599e-06 0
3.75196e-06 0
1.22466e-08 0
0.000270706 0
6.35932e-06 0
1.22109e-08 0
1.32179e-08 0
2.06659e-08 0
1.36368e-08 0
0 0
0 0
0 0
0 0
0 0
0 0
0 0
0 0
0 0
0 0
0 0
0 0
0 0
0 0
0 0
0 0
0 0
0 0
0 0
0 0
0 0
0 0
0 0
0 0
0 0
0 0
0 0
0 0
0 0
0 0
0 0
0 0
0 0
0 0
0 0
0 0
0 0
0 0
0 0
0 0
0 0
0 0
0 0
0 0
0 0
0 0
0 0
0 0
4.62207e-09 0
1.4836e-05 0
0.000768535 1
0.000500329 0
0.000726045 0
0.000387897 0
0.00038959 0
4.73411e-05 0
1.37285e-05 0
1.8214e-05 0
1.10356e-05 0
3.55532e-06 0
3.70946e-05 1
3.98289e-06 0
5.29323e-08 0
1.87146e-08 0
1.8997e-08 0
1.39374e-05 0
0.00731091 0
1.75365e-05 0
1.83463e-08 0
1.8262e-08 0
4.91639e-11 0
3.86831e-08 0
0 0
0.000377305 0
0.000671172 0
0.00012536 0
0.000300164 0
0.000182179 0
8.98172e-05 0
0.000150461 0
0.000260212 0
0.000282699 0
4.74895e-06 0
3.77159e-06 0
2.9194e-06 0
4.58567e-07 0
9.15022e-07 0
2.87108e-07 0
4.96028e-08 0
4.63113e-08 0
0.000201891 0
4.08836e-06 0
1.24071e-05 0
1.04062e-05 0
1.36898e-07 0
1.13043e-08 0
0 0
0.000161523 0
0.00184872 1
0.00105292 1
9.86319e-06 1
652.769 1
0.410513 1
0.00134324 1
0.000520278 1
0.000637059 1
0.000188609 1
1.14287e-05 1
2.13937e-06 1
1.76242e-05 1
9.46246e-06 1
9.16041e-06 1
6.44875e-07 1
7.19642e-07 1
0.00010327 1
1.26291e-05 1
1.72268e-06 1
2.94947e-07 1
4.36579e-08 1
2.30703e-08 0
0 0
0.00467169 0
0.00146178 0
0.000349137 0
0.000375631 0
0.000444291 0
0.000214506 0
0.000246033 0
873.665 1
52.8637 1
0.000953955 0
3.27588e-06 0
7.28963e-07 0
5.59254e-07 0
9.19713e-08 0
1.7237e-09 0
1.03041e-07 0
4.52892e-07 0
0.000260848 0
2.08362e-05 0
3.56204e-07 0
3.58584e-08 0
1.73594e-09 0
1.63224e-09 0
3.2997e-10 0
0.0346914 0
0.0133507 0
0.00148351 0
0.000575206 0
3.05535e-05 0
4.17091e-05 0
0.000736818 1
0.000597595 0
5.9749e-05 0
4.11838e-05 0
6.77731e-06 0
0.0124113 1
0.00051719 0
2.98499e-07 0
9.16706e-08 0
1.61089e-06 0
1.54417e-06 0
2.94786e-05 0
6.56305e-07 0
1.34247e-09 0
1.38037e-09 0
3.52348e-12 0
2.36906e-09 0
0 0
0 0
0 0
0 0
0 0
0 0
0 0
0 0
0 0
0 0
0 0
0 0
0 0
0 0
0 0
0 0
0 0
0 0
0 0
0 0
0 0
0 0
0 0
0 0
0 0
0 0
0 0
0 0
0 0
0 0
0 0
0 0
0 0
0 0
0 0
0 0
0 0
0 0
0 0
0 0
0 0
0 0
0 0
0 0
0 0
0 0
0 0
0 0
0 0
0.00657176 1
0.00344809 1
0.00282808 1
0.00758764 1
0.00856212 1
0.00454451 1
107.058 1
0.280227 1
0.000919129 1
0.00096196 1
0.00166423 1
0.00108069 1
0.000656944 1
0.00083298 1
0.00184838 1
0.00134924 1
0.000982566 1
0.00434872 1
0 0
0 0
0 0
0 0
0 0
0 0
0.890661 1
0.0113016 1
7.40283e-06 1
7.42589e-06 1
0.00987231 1
0.00274968 1
0.00170545 1
0.00130535 1
0.000559344 1
0.000278617 1
1.44613e-06 1
7.65978e-05 1
0.000946728 1
9.35577e-05 1
3.48903e-07 1
2.02859e-06 1
6.3058e-07 1
1.54106e-05 1
2.06357e-06 1
3.77696e-07 1
2.51124e-07 1
1.9706e-07 1
2.14882e-08 0
0 0
0.00056616 0
0.00142645 1
0.000320909 0
5.23194e-05 0
1.48863e-05 0
3.39055e-06 0
1.77522e-06 0
5.19341e-06 0
0.00131388 1
0.000616362 0
1.54039e-06 0
6.86398e-07 0
1.02768e-05 1
1.01892e-06 0
3.264e-08 0
1.61124e-07 0
1.00685e-07 0
1.54017e-05 0
4.09072e-07 0
8.62358e-10 0
2.88309e-08 0
3.23378e-09 0
0 0
0 0
0.00462245 1
0.00173759 1
2.23477e-05 1
1.80563e-05 1
0.000595217 1
0.000949899 1
0.00205549 1
0.00200764 1
4.6061e-05 1
1.72816e-05 1
1.31964e-05 1
1.13411e-05 1
1.09657e-05 1
8.89939e-06 1
2.83084e-05 1
0.000112977 1
4.64011e-05 1
4.64917e-05 1
3.80707e-05 1
4.69849e-05 1
1.41954e-05 1
7.15997e-06 1
8.66778e-06 0
0 0
0.000783737 1
0.000390879 1
2.1945e-05 1
0.00316609 1
0.00015361 0
2.95721e-06 0
3.63493e-06 0
0.00110022 1
0.000439485 0
6.41594e-05 0
1.35772e-05 0
6.1069e-07 0
3.607e-06 0
3.7733e-06 0
8.8057e-08 0
2.99738e-08 0
9.01601e-08 0
1.2885e-05 0
3.51016e-07 0
7.70515e-10 0
7.17706e-10 0
2.02141e-09 0
0 0
0 0
0 0
0 0
0 0
0 0
0 0
0 0
0 0
0 0
0 0
0 0
0 0
0 0
0 0
0 0
0 0
0 0
0 0
0 0
0 0
0 0
0 0
0 0
0 0
0 0
0 0
0 0
0 0
0 0
0 0
0 0
0 0
0 0
0 0
0 0
0 0
0 0
0 0
0 0
0 0
0 0
0 0
0 0
0 0
0 0
0 0
0 0
0 0
0 0
0.000148509 1
2.89197e-05 0
0.326954 1
0.0650195 0
0.00283797 1
0.00217651 0
0.000661068 0
6.69341 1
0.00251056 0
0 0
0 0
0 0
0 0
0 0
0 0
0 0
0 0
0 0
0 0
0 0
0 0
0 0
0 0
0 0
0.000371402 0
0.000853733 0
0.0129602 1
0.00214945 1
0.00140579 0
0.000335067 0
0.000111468 0
1.2663e-05 0
4.32347e-06 0
7.68083e-05 0
2.0863e-05 0
1.52368e-07 0
6.05349e-05 1
3.8888e-05 1
1.12961e-06 0
1.13043e-08 0
1.0272e-08 0
1.08565e-05 0
5.85029e-07 0
1.96425e-09 0
8.44674e-09 0
0 0
0 0
0 0
0.000277225 0
0.0015086 0
0.000445989 0
0.000152168 0
5.05759e-05 1
4.69659e-05 0
1.31964e-05 0
2.38477e-05 0
3.44295e-05 0
3.7086e-05 0
3.1884e-05 0
6.4255e-06 0
4.21559e-06 0
5.0987e-06 0
8.92606e-06 0
2.64629e-05 1
0.0004717 1
0.00035038 1
0.000125852 0
1.62369e-05 0
0 0
0 0
0 0
0 0
0.0149507 1
0.00197628 1
10.4277 1
0.157678 1
0.145758 1
0 0
0 0
0 0
0 0
0 0
0 0
0 0
0 0
0 0
0 0
0 0
0 0
0 0
0 0
0 0
0 0
0 0
0 0
0 0
0.098776 0
0.0109184 0
4.30401e-05 0
7.20884e-05 0
3.39474e-05 1
1.45148e-05 1
1.54528e-05 1
1.04291e-05 1
1.00491e-05 1
0.792401 1
79.7172 1
0.459698 0
5.79473e-07 0
6.7468e-07 0
2.68021e-06 0
2.16274e-06 0
6.62395e-07 0
1.07201e-05 0
1.10066e-05 0
7.16141e-08 0
5.98382e-06 0
0 0
0 0
0 0
0 0
0 0
0 0
0 0
0 0
0 0
0 0
0 0
0 0
0 0
0 0
0 0
0 0
0 0
0 0
0 0
0 0
0 0
0 0
0 0
0 0
0 0
0 0
0 0
0 0
0 0
0 0
0 0
0 0
0 0
0 0
0 0
0 0
0 0
0 0
0 0
0 0
0 0
0 0
0 0
0 0
0 0
0 0
0 0
0 0
0 0
0 0
0 0
0.000812638 0
0.000272452 0
2.31097e-05 0
3.48677e-05 0
1.43041e-05 0
1.13444e-05 0
8.71259e-06 0
9.80282e-06 0
1.12034e-05 0
4.61518e-05 0
3.74672e-05 0
1.90129e-05 1
8.45757e-06 1
6.35469e-06 0
1.67451e-06 0
2.41029e-06 0
4.22447e-06 1
2.60664e-05 1
1.95985e-05 1
1.30715e-07 1
5.69524e-08 1
1.42569e-06 1
2.73024e-06 0
0 0
0.000441457 1
7.50806e-05 1
1.19259e-05 1
1.10473e-05 1
2.14842e-05 1
0.00335706 1
0.0327044 1
0.00775132 1
8.56476e-06 1
1.52143e-05 1
9.45111e-06 1
9.59923e-06 1
2.69155e-06 1
2.2567e-06 1
2.87932e-07 1
0.000110539 1
2.91531e-05 0
2.18429e-05 0
2.13772e-05 0
5.97176e-06 0
2.70547e-06 0
3.22334e-05 0
0 0
0 0
0.000170802 1
6.49198e-05 0
0.0925709 1
0.306033 1
0.00593251 0
0.0028803 0
0.000840411 1
1.81744e-05 0
1.40212e-05 0
1.12448e-05 0
1.40277e-05 0
9.68754e-06 0
1.12089e-05 0
6.74689e-06 0
5.66161e-06 0
3.08405e-06 0
5.94637e-07 0
1.09962e-05 0
1.38408e-05 0
3.51909e-06 0
3.52631e-06 0
6.39986e-06 0
0 0
0 0
7.78525e-05 1
8.69728e-05 1
0.00370755 1
38.2428 1
4.01217 1
7.14511 1
0.140293 1
0.671763 1
0.00368334 1
0.0201524 1
2.73101e-05 0
0 0
0 0
0 0
0 0
0 0
0 0
0 0
0 0
0 0
0 0
0 0
0 0
0 0
0.00167085 1
0.000130988 1
1.90787e-05 1
0.000130756 0
0.000239322 0
0.000120478 0
1.36027e-05 0
1.43953e-05 0
3.18694e-05 0
0.000217095 0
0.000237799 0
219.698 1
0 0
0 0
0 0
0 0
0 0
0 0
0 0
0 0
0 0
0 0
0 0
0 0
0 0
0 0
0 0
0 0
0 0
0 0
0 0
0 0
0 0
0 0
0 0
0 0
0 0
0 0
0 0
0 0
0 0
0 0
0 0
0 0
0 0
0 0
0 0
0 0
0 0
0 0
0 0
0 0
0 0
0 0
0 0
0 0
0 0
0 0
0 0
0 0
0 0
0 0
0 0
0 0
0 0
0 0
0 0
0 0
0 0
0 0
0 0
0 0
0.0403726 0
2.55924e-06 0
7.1431e-06 0
0.00460728 0
0.00385395 0
0.00142941 0
2.30604e-06 0
1.54282e-06 0
2.63497e-06 0
1.22438e-06 0
1.56472e-06 0
2.28588e-07 0
2.16611e-06 0
2.81883e-07 0
2.04881e-06 0
1.34318e-07 0
1.72326e-06 0
1.13432e-06 0
1.98064e-08 0
4.49226e-11 0
1.52404e-10 0
0 0
0 0
0 0
1.61259e-06 0
1.48358e-06 0
3.33244e-06 0
1.40261e-05 0
1.2667e-05 0
2.41223e-06 1
2.39739e-06 1
2.28766e-06 1
1.82079e-06 1
1.03762e-06 1
9.32154e-07 1
2.01448e-07 1
5.03395e-08 1
6.10428e-07 1
1.32507e-07 1
1.85085e-09 1
1.61382e-09 1
8.10702e-07 1
1.76155e-07 1
8.00143e-08 1
2.24299e-07 1
4.55765e-09 1
3.02765e-08 0
0 0
2.95088e-06 0
0.000222389 0
0.000152868 0
0.0200171 0
0.00376 1
9.70666e-06 0
4.00694e-06 0
3.54559e-06 0
2.63768e-06 0
1.64134e-06 0
8.03186e-06 1
3.49496e-06 1
4.1109e-07 0
1.17697e-06 0
6.89805e-07 0
9.24099e-06 1
2.36761e-06 1
7.75635e-07 1
2.62089e-07 1
1.71675e-09 1
2.14798e-08 1
0 0
0 0
2.14597e-08 0
6.09565e-07 0
3.80374e-06 0
3.44967e-06 0
6.90368e-06 0
0.0106188 0
0.00247389 0
3.07129e-06 0
2.64277e-06 0
1.88872e-06 0
7.58178e-06 1
2.28559e-06 0
8.00839e-07 0
1.73089e-08 0
0.000192912 1
2.43495e-07 0
2.51471e-06 1
2.31312e-08 0
2.94601e-06 0
3.43522e-08 0
3.31065e-11 0
1.35544e-07 0
3.96428e-07 0
1.63336e-08 0
3.29469e-11 0
2.09552e-06 0
0.00146732 1
0.0427847 1
0.0023015 0
9.89655e-06 0
6.17589e-06 0
0.0453804 0
0.00466728 0
4.39353e-06 0
1.55504e-05 1
3.93327e-06 0
8.0071e-07 1
2.47431e-07 1
8.10237e-08 0
4.67727e-07 1
7.07581e-08 1
2.67322e-09 0
5.26036e-06 0
8.52829e-08 0
5.69165e-11 0
6.85051e-11 0
4.05546e-09 0
5.97222e-09 0
2.83319e-11 0
3.40962e-11 0
2.8262e-11 0
2.82273e-11 0
3.40158e-11 0
2.82057e-11 0
5.17295e-15 0
5.16826e-15 0
2.8127e-11 0
2.81038e-11 0
5.1538e-15 0
2.80509e-11 0
5.5152e-11 0
7.017e-11 0
4.86987e-11 0
5.36156e-15 0
3.36461e-11 0
3.35978e-11 0
2.17699e-06 0
2.70937e-08 0
3.34345e-11 0
2.7783e-11 0
6.31639e-11 0
0 0
0 0
0 0
0 0
0 0
0 0
0 0
0 0
0 0
0 0
0 0
0 0
0 0
0 0
0 0
0 0
0 0
0 0
0 0
0 0
0 0
0 0
0 0
0 0
0 0
0 0
1.17295e-06 0
5.51303e-06 0
1.67489e-05 1
6.72263e-06 0
9.27855e-06 0
5.01927e-06 0
2.47671e-06 1
1.78699e-05 0
2.53829e-05 1
3.22305e-06 0
1.07356e-06 0
1.11255e-06 0
2.45918e-06 0
1.96434e-06 0
3.18673e-09 0
1.01822e-07 0
1.04075e-07 0
9.30884e-07 0
9.94237e-07 0
5.47308e-09 0
3.67618e-09 0
4.47428e-09 0
1.24865e-07 0
0 0
0.000597023 1
0.000105337 0
4.10149e-06 1
2.60263e-06 0
4.23123e-06 0
3.3335e-06 0
3.99634e-06 0
3.45135e-06 0
3.23278e-06 0
1.90435e-06 0
0.25251 1
0.059963 1
0.000372081 0
4.74848e-07 0
0 0
0 0
0 0
0 0
0 0
0 0
0 0
0 0
0 0
0 0
1.70793e-05 0
3.53093e-06 0
0.000125971 1
4.31279e-05 1
1.03037e-06 1
2.17086e-06 1
5.52029e-06 1
6.67664e-05 1
5.49468e-05 1
1.52819e-06 1
9.73341e-07 1
1.61727e-06 1
6.68779e-07 1
6.00526e-07 1
7.53565e-07 1
7.67974e-07 1
5.71104e-07 1
7.23655e-07 1
1.82499e-06 1
1.45004e-06 1
3.78129e-07 0
0 0
0 0
0 0
7.64669e-07 0
0.000261546 1
8.51076e-05 1
0.00244086 1
0.00038018 1
1.29517e-05 1
5.2369e-06 1
6.62371e-06 1
6.92615e-06 1
3.42508e-06 1
2.91623e-06 1
1.28501e-06 1
6.83252e-07 1
1.66763e-06 1
0.000104712 1
3.33654e-05 1
5.71708e-07 1
2.05384e-06 1
1.72088e-06 1
0 0
0 0
0 0
0 0
0 0
1.21344e-05 1
0.000404939 1
0.000101435 1
3.75571e-06 1
0.000441197 1
0.000249548 1
4.30631e-06 1
3.716e-06 1
2.04026e-05 1
1.42762e-05 1
2.82967e-06 1
0.000142738 1
0.0265133 1
0.000502003 1
2.59326e-06 1
6.30667e-07 1
7.93873e-07 1
1.71237e-06 1
1.72846e-06 1
1.38511e-08 1
1.03291e-08 1
1.98287e-06 1
0 0
0 0
0 0
0 0
0 0
0 0
0 0
0 0
0 0
0 0
0 0
0 0
0 0
0 0
0 0
0 0
0 0
0 0
0 0
0 0
0 0
0 0
0 0
0 0
0 0
0 0
0 0
0 0
0 0
0 0
0 0
0 0
0 0
0 0
0 0
0 0
0 0
0 0
0 0
0 0
0 0
0 0
0 0
0 0
0 0
0 0
0 0
0 0
0 0
0 0
0.000202323 1
0.000255716 1
0.000857154 1
0.00577908 1
0.00021242 1
2.47585e-06 1
5.88266e-06 1
7.81633e-06 1
6.35249e-06 1
2.35076e-06 1
7.78217e-05 1
5.11926e-05 1
4.58e-07 1
1.44644e-05 1
2.45515e-06 1
0.00221985 1
0.000472174 1
3.35059e-06 1
3.43761e-06 1
9.46876e-09 1
1.88537e-08 1
1.46611e-08 1
4.32167e-07 1
4.18977e-10 0
1.29368e-06 1
8.11944e-07 1
0.000180711 1
0.000503199 1
2.15752e-05 1
1.01933e-05 1
4.49883e-07 1
0.0238065 1
0.000723341 1
1.29979e+06 1
1.27733e+06 1
802376 1
526169 1
9.70843e+07 1
2.82538e+07 1
12062.3 1
6832.26 1
2608.25 1
865.168 1
0 0
0 0
0 0
0 0
0 0
1.57979e+06 1
2.78601e+06 1
291382 1
982785 1
1.13347e+06 1
359675 1
109349 1
83044.1 1
115689 1
135899 1
231973 1
14292.8 1
138687 1
19279.1 1
7689.34 1
9495.2 1
1456.38 1
2910.76 1
1736.71 1
807.798 1
734.996 1
756.717 1
292.781 1
0 0
57585.2 1
5992.05 1
9625.92 1
333.626 1
2785.94 1
480119 1
17093.3 1
3394.17 1
35.1167 1
27.6866 1
103.621 1
17.1258 1
10.2017 1
55.5814 1
24.678 1
33.7696 1
12.0822 1
179.895 1
262.01 1
144.494 1
9.3843 1
3.13679 1
3.7173 1
0 0
1.45702e+06 1
986075 1
5.68331e+07 1
1.56294e+07 1
15402.9 1
87049.2 1
541678 1
208678 1
4.01938e+06 1
1.37828e+08 1
2.57863e+07 1
872763 1
95172.7 1
104424 1
95289.4 1
95174.2 1
95207.1 1
92753.7 1
46976.1 1
93497.9 1
91931.6 1
90867.2 1
