2000,2481,2,0
2000,2481,105,0
2000,2481,124,0
2000,2481,246,0
2000,2481,397,0
2000,2481,406,0
2000,2481,480,0
2000,2481,727,0
2000,2481,749,0
2000,2481,797,0
2000,2481,888,0
2000,2481,993,0
2000,2481,1047,0
2000,2481,1169,0
2000,2481,1242,0
2000,2481,1465,0
2000,2481,1675,0
2000,2481,1676,0
2000,2481,1805,0
2000,2481,1811,0
2000,2481,2024,0
2000,2481,2120,0
2000,2481,2134,0
2000,2481,2163,0
2000,2481,2230,0
2000,2481,2248,0
2000,2481,2272,0
2000,2481,2317,0
2000,2481,2393,0
2000,2481,2420,0
2000,2481,2558,0
2000,2481,2604,0
2000,2481,2637,0
2000,2481,2841,0
2000,2481,2871,0
2000,2481,3044,0
2000,2481,3161,0
2000,2481,3206,0
2000,2481,3278,0
2000,2481,3318,0
2000,2481,3483,0
2000,2481,3489,0
2000,2481,3497,0
2000,2481,3505,0
2000,2481,3632,0
2000,2481,3633,0
2000,2481,3910,0
2000,2481,3921,0
2000,2481,3926,0
2000,2481,3972,0
2000,2481,4002,0
2000,2481,4048,0
2000,2481,4067,0
2000,2481,4148,0
2000,2481,4233,0
2000,2481,4249,0
2000,2481,4292,0
2000,2481,4485,0
2000,2481,4509,0
2000,2481,4598,0
2000,2481,4667,0
2000,2481,4795,0
2504,1998,305,0
2504,1998,378,0
2504,1998,382,0
2504,1998,567,0
2504,1998,796,0
2504,1998,809,0
2504,1998,889,0
2504,1998,967,0
2504,1998,1157,0
2504,1998,1250,0
2504,1998,1333,0
2504,1998,1462,0
2504,1998,1540,0
2504,1998,1722,0
2504,1998,1878,0
2504,1998,1971,0
2504,1998,2127,0
2504,1998,2220,0
2504,1998,2234,0
2504,1998,2266,0
2504,1998,2346,0
2504,1998,2578,0
2504,1998,2604,0
2504,1998,2862,0
2504,1998,2982,0
2504,1998,3308,0
2504,1998,3584,0
2504,1998,3766,0
2504,1998,3769,0
2504,1998,3832,0
2504,1998,3879,0
2504,1998,3977,0
2504,1998,4033,0
2504,1998,4163,0
2504,1998,4261,0
2504,1998,4369,0
2504,1998,4568,0
2504,1998,4730,0
2504,1998,4739,0
2504,1998,4768,0
2504,1998,4835,0
2504,1998,4955,0
4502,4988,0,0
4502,4988,29,0
4502,4988,43,0
4502,4988,45,0
4502,4988,54,0
4502,4988,83,0
4502,4988,97,0
4502,4988,120,0
4502,4988,143,0
4502,4988,158,0
4502,4988,163,0
4502,4988,175,0
4502,4988,187,0
4502,4988,196,0
4502,4988,208,0
4502,4988,209,0
4502,4988,217,0
4502,4988,234,0
4502,4988,248,0
4502,4988,287,0
4502,4988,293,0
4502,4988,348,0
4502,4988,412,0
4502,4988,415,0
4502,4988,439,0
4502,4988,486,0
4502,4988,501,0
4502,4988,553,0
4502,4988,560,0
4502,4988,581,0
4502,4988,615,0
4502,4988,648,0
4502,4988,672,0
4502,4988,698,0
4502,4988,734,0
4502,4988,751,0
4502,4988,763,0
4502,4988,771,0
4502,4988,785,0
4502,4988,793,0
4502,4988,826,0
4502,4988,837,0
4502,4988,906,0
4502,4988,925,0
4502,4988,955,0
4502,4988,978,0
4502,4988,1040,0
4502,4988,1044,0
4502,4988,1069,0
4502,4988,1120,0
4502,4988,1123,0
4502,4988,1136,0
4502,4988,1179,0
4502,4988,1201,0
4502,4988,1234,0
4502,4988,1238,0
4502,4988,1246,0
4502,4988,1354,0
4502,4988,1385,0
4502,4988,1389,0
4502,4988,1405,0
4502,4988,1420,0
4502,4988,1432,0
4502,4988,1462,0
4502,4988,1536,0
4502,4988,1553,0
4502,4988,1576,0
4502,4988,1578,0
4502,4988,1584,0
4502,4988,1613,0
4502,4988,1655,0
4502,4988,1663,0
4502,4988,1669,0
4502,4988,1676,0
4502,4988,1689,0
4502,4988,1721,0
4502,4988,1733,0
4502,4988,1863,0
4502,4988,1866,0
4502,4988,1876,0
4502,4988,1899,0
4502,4988,1923,0
4502,4988,1933,0
4502,4988,1995,0
4502,4988,1998,0
4502,4988,2006,0
4502,4988,2026,0
4502,4988,2039,0
4502,4988,2042,0
4502,4988,2079,0
4502,4988,2081,0
4502,4988,2132,0
4502,4988,2138,0
4502,4988,2155,0
4502,4988,2163,0
4502,4988,2205,0
4502,4988,2249,0
4502,4988,2271,0
4502,4988,2277,0
4502,4988,2290,0
4502,4988,2313,0
4502,4988,2329,0
4502,4988,2332,0
4502,4988,2412,0
4502,4988,2568,0
4502,4988,2574,0
4502,4988,2575,0
4502,4988,2587,0
4502,4988,2605,0
4502,4988,2643,0
4502,4988,2691,0
4502,4988,2697,0
4502,4988,2719,0
4502,4988,2724,0
4502,4988,2727,0
4502,4988,2746,0
4502,4988,2761,0
4502,4988,2810,0
4502,4988,2850,0
4502,4988,2914,0
4502,4988,2955,0
4502,4988,2991,0
4502,4988,2995,0
4502,4988,3003,0
4502,4988,3011,0
4502,4988,3092,0
4502,4988,3172,0
4502,4988,3232,0
4502,4988,3248,0
4502,4988,3307,0
4502,4988,3324,0
4502,4988,3348,0
4502,4988,3365,0
4502,4988,3380,0
4502,4988,3381,0
4502,4988,3389,0
4502,4988,3402,0
4502,4988,3416,0
4502,4988,3418,0
4502,4988,3460,0
4502,4988,3518,0
4502,4988,3574,0
4502,4988,3612,0
4502,4988,3637,0
4502,4988,3687,0
4502,4988,3733,0
4502,4988,3745,0
4502,4988,3750,0
4502,4988,3784,0
4502,4988,3828,0
4502,4988,3858,0
4502,4988,3891,0
4502,4988,3945,0
4502,4988,4041,0
4502,4988,4056,0
4502,4988,4058,0
4502,4988,4075,0
4502,4988,4109,0
4502,4988,4110,0
4502,4988,4217,0
4502,4988,4220,0
4502,4988,4244,0
4502,4988,4254,0
4502,4988,4301,0
4502,4988,4352,0
4502,4988,4359,0
4502,4988,4478,0
4502,4988,4481,0
4502,4988,4505,0
4502,4988,4513,0
4502,4988,4536,0
4502,4988,4556,0
4502,4988,4580,0
4502,4988,4604,0
4502,4988,4680,0
4502,4988,4684,0
4502,4988,4685,0
4502,4988,4697,0
4502,4988,4742,0
4502,4988,4761,0
4502,4988,4797,0
4502,4988,4799,0
4502,4988,4928,0
4502,4988,4929,0
4502,4988,4930,0
4502,4988,4936,0
4502,4988,4937,0
4502,4988,4944,0
4502,4988,4971,0
4502,4988,4989,0
4006,4481,45,0
4006,4481,233,0
4006,4481,615,0
4006,4481,1388,0
4006,4481,1559,0
4006,4481,1878,0
4006,4481,1947,0
4006,4481,1961,0
4006,4481,2280,0
4006,4481,2731,0
4006,4481,3247,0
4006,4481,3301,0
4006,4481,3383,0
4006,4481,3807,0
4006,4481,4618,0
1003,3495,392,0
1003,3495,717,0
1003,3495,1135,0
1003,3495,1334,0
1003,3495,2511,0
1003,3495,2805,0
1003,3495,3558,0
1003,3495,3712,0
1003,3495,3776,0
1003,3495,3943,0
1003,3495,4855,0
3502,1494,91,0
3502,1494,764,0
3502,1494,1292,0
3502,1494,1957,0
3502,1494,2598,0
3502,1494,2896,0
3502,1494,3140,0
3502,1494,3345,0
3502,1494,3424,0
3502,1494,3864,0
3502,1494,4199,0
3502,1494,4999,0
1005,1486,27,0
1005,1486,109,0
1005,1486,209,0
1005,1486,312,0
1005,1486,469,0
1005,1486,544,0
1005,1486,588,0
1005,1486,618,0
1005,1486,738,0
1005,1486,882,0
1005,1486,887,0
1005,1486,897,0
1005,1486,1124,0
1005,1486,1363,0
1005,1486,1390,0
1005,1486,1463,0
1005,1486,1465,0
1005,1486,1550,0
1005,1486,1603,0
1005,1486,1675,0
1005,1486,1718,0
1005,1486,1778,0
1005,1486,1786,0
1005,1486,2029,0
1005,1486,2046,0
1005,1486,2063,0
1005,1486,2129,0
1005,1486,2161,0
1005,1486,2208,0
1005,1486,2306,0
1005,1486,2358,0
1005,1486,2370,0
1005,1486,2490,0
1005,1486,2518,0
1005,1486,2520,0
1005,1486,2568,0
1005,1486,2703,0
1005,1486,2878,0
1005,1486,2976,0
1005,1486,3018,0
1005,1486,3066,0
1005,1486,3125,0
1005,1486,3236,0
1005,1486,3293,0
1005,1486,3296,0
1005,1486,3468,0
1005,1486,3672,0
1005,1486,3794,0
1005,1486,3798,0
1005,1486,3800,0
1005,1486,3871,0
1005,1486,3878,0
1005,1486,3912,0
1005,1486,3975,0
1005,1486,4137,0
1005,1486,4218,0
1005,1486,4260,0
1005,1486,4317,0
1005,1486,4646,0
1005,1486,4780,0
1005,1486,4781,0
1005,1486,4813,0
1005,1486,4821,0
1005,1486,4851,0
1005,1486,4878,0
1005,1486,4936,0
1005,1486,4942,0
1005,1486,4966,0
1005,1486,4992,0
2504,2991,2,0
2504,2991,4,0
2504,2991,20,0
2504,2991,88,0
2504,2991,93,0
2504,2991,96,0
2504,2991,126,0
2504,2991,205,0
2504,2991,245,0
2504,2991,252,0
2504,2991,352,0
2504,2991,375,0
2504,2991,425,0
2504,2991,455,0
2504,2991,523,0
2504,2991,590,0
2504,2991,664,0
2504,2991,668,0
2504,2991,718,0
2504,2991,728,0
2504,2991,736,0
2504,2991,767,0
2504,2991,783,0
2504,2991,787,0
2504,2991,831,0
2504,2991,840,0
2504,2991,933,0
2504,2991,936,0
2504,2991,951,0
2504,2991,978,0
2504,2991,980,0
2504,2991,1010,0
2504,2991,1024,0
2504,2991,1030,0
2504,2991,1051,0
2504,2991,1076,0
2504,2991,1077,0
2504,2991,1091,0
2504,2991,1098,0
2504,2991,1117,0
2504,2991,1119,0
2504,2991,1131,0
2504,2991,1136,0
2504,2991,1142,0
2504,2991,1165,0
2504,2991,1179,0
2504,2991,1186,0
2504,2991,1189,0
2504,2991,1200,0
2504,2991,1231,0
2504,2991,1256,0
2504,2991,1284,0
2504,2991,1305,0
2504,2991,1332,0
2504,2991,1382,0
2504,2991,1384,0
2504,2991,1385,0
2504,2991,1403,0
2504,2991,1404,0
2504,2991,1409,0
2504,2991,1448,0
2504,2991,1452,0
2504,2991,1467,0
2504,2991,1486,0
2504,2991,1553,0
2504,2991,1575,0
2504,2991,1603,0
2504,2991,1604,0
2504,2991,1617,0
2504,2991,1618,0
2504,2991,1667,0
2504,2991,1707,0
2504,2991,1713,0
2504,2991,1714,0
2504,2991,1755,0
2504,2991,1767,0
2504,2991,1777,0
2504,2991,1855,0
2504,2991,1856,0
2504,2991,1912,0
2504,2991,1917,0
2504,2991,1922,0
2504,2991,1928,0
2504,2991,1947,0
2504,2991,1953,0
2504,2991,1973,0
2504,2991,2012,0
2504,2991,2040,0
2504,2991,2041,0
2504,2991,2081,0
2504,2991,2111,0
2504,2991,2112,0
2504,2991,2117,0
2504,2991,2119,0
2504,2991,2140,0
2504,2991,2189,0
2504,2991,2211,0
2504,2991,2223,0
2504,2991,2236,0
2504,2991,2238,0
2504,2991,2254,0
2504,2991,2276,0
2504,2991,2287,0
2504,2991,2313,0
2504,2991,2316,0
2504,2991,2328,0
2504,2991,2354,0
2504,2991,2414,0
2504,2991,2423,0
2504,2991,2443,0
2504,2991,2447,0
2504,2991,2470,0
2504,2991,2482,0
2504,2991,2547,0
2504,2991,2579,0
2504,2991,2609,0
2504,2991,2610,0
2504,2991,2624,0
2504,2991,2626,0
2504,2991,2630,0
2504,2991,2632,0
2504,2991,2675,0
2504,2991,2680,0
2504,2991,2716,0
2504,2991,2737,0
2504,2991,2750,0
2504,2991,2771,0
2504,2991,2776,0
2504,2991,2816,0
2504,2991,2854,0
2504,2991,2929,0
2504,2991,2969,0
2504,2991,2970,0
2504,2991,3032,0
2504,2991,3056,0
2504,2991,3063,0
2504,2991,3078,0
2504,2991,3143,0
2504,2991,3157,0
2504,2991,3162,0
2504,2991,3197,0
2504,2991,3201,0
2504,2991,3232,0
2504,2991,3272,0
2504,2991,3299,0
2504,2991,3338,0
2504,2991,3375,0
2504,2991,3403,0
2504,2991,3417,0
2504,2991,3463,0
2504,2991,3478,0
2504,2991,3493,0
2504,2991,3524,0
2504,2991,3548,0
2504,2991,3582,0
2504,2991,3588,0
2504,2991,3598,0
2504,2991,3611,0
2504,2991,3613,0
2504,2991,3634,0
2504,2991,3635,0
2504,2991,3648,0
2504,2991,3695,0
2504,2991,3724,0
2504,2991,3776,0
2504,2991,3796,0
2504,2991,3822,0
2504,2991,3864,0
2504,2991,3888,0
2504,2991,3908,0
2504,2991,3914,0
2504,2991,3928,0
2504,2991,3954,0
2504,2991,3960,0
2504,2991,3963,0
2504,2991,4003,0
2504,2991,4013,0
2504,2991,4033,0
2504,2991,4046,0
2504,2991,4066,0
2504,2991,4083,0
2504,2991,4113,0
2504,2991,4126,0
2504,2991,4163,0
2504,2991,4168,0
2504,2991,4180,0
2504,2991,4207,0
2504,2991,4224,0
2504,2991,4237,0
2504,2991,4309,0
2504,2991,4317,0
2504,2991,4365,0
2504,2991,4366,0
2504,2991,4389,0
2504,2991,4395,0
2504,2991,4435,0
2504,2991,4440,0
2504,2991,4464,0
2504,2991,4507,0
2504,2991,4530,0
2504,2991,4532,0
2504,2991,4543,0
2504,2991,4575,0
2504,2991,4616,0
2504,2991,4658,0
2504,2991,4662,0
2504,2991,4667,0
2504,2991,4701,0
2504,2991,4704,0
2504,2991,4726,0
2504,2991,4774,0
2504,2991,4781,0
2504,2991,4795,0
2504,2991,4805,0
2504,2991,4820,0
2504,2991,4839,0
2504,2991,4856,0
2504,2991,4882,0
2504,2991,4907,0
2504,2991,4910,0
2504,2991,4935,0
2504,2991,4936,0
2504,2991,4946,0
2504,2991,4980,0
2504,2991,4981,0
2502,996,140,0
2502,996,174,0
2502,996,190,0
2502,996,387,0
2502,996,391,0
2502,996,413,0
2502,996,714,0
2502,996,799,0
2502,996,854,0
2502,996,1210,0
2502,996,1285,0
2502,996,1305,0
2502,996,1509,0
2502,996,1665,0
2502,996,1966,0
2502,996,1989,0
2502,996,2005,0
2502,996,2162,0
2502,996,2733,0
2502,996,2873,0
2502,996,3032,0
2502,996,3082,0
2502,996,3128,0
2502,996,3215,0
2502,996,3819,0
2502,996,4055,0
2502,996,4120,0
2502,996,4157,0
2502,996,4181,0
2502,996,4483,0
2502,996,4542,0
2502,996,4583,0
2502,996,4829,0
3001,2498,7,0
3001,2498,13,0
3001,2498,16,0
3001,2498,33,0
3001,2498,36,0
3001,2498,53,0
3001,2498,68,0
3001,2498,93,0
3001,2498,101,0
3001,2498,109,0
3001,2498,150,0
3001,2498,156,0
3001,2498,169,0
3001,2498,179,0
3001,2498,221,0
3001,2498,235,0
3001,2498,318,0
3001,2498,360,0
3001,2498,382,0
3001,2498,387,0
3001,2498,417,0
3001,2498,427,0
3001,2498,433,0
3001,2498,439,0
3001,2498,443,0
3001,2498,450,0
3001,2498,456,0
3001,2498,460,0
3001,2498,487,0
3001,2498,512,0
3001,2498,518,0
3001,2498,524,0
3001,2498,558,0
3001,2498,584,0
3001,2498,585,0
3001,2498,625,0
3001,2498,632,0
3001,2498,641,0
3001,2498,653,0
3001,2498,682,0
3001,2498,689,0
3001,2498,691,0
3001,2498,692,0
3001,2498,721,0
3001,2498,751,0
3001,2498,754,0
3001,2498,771,0
3001,2498,781,0
3001,2498,791,0
3001,2498,798,0
3001,2498,799,0
3001,2498,804,0
3001,2498,815,0
3001,2498,831,0
3001,2498,861,0
3001,2498,872,0
3001,2498,881,0
3001,2498,897,0
3001,2498,900,0
3001,2498,901,0
3001,2498,910,0
3001,2498,919,0
3001,2498,923,0
3001,2498,928,0
3001,2498,977,0
3001,2498,980,0
3001,2498,1032,0
3001,2498,1041,0
3001,2498,1046,0
3001,2498,1092,0
3001,2498,1099,0
3001,2498,1100,0
3001,2498,1103,0
3001,2498,1123,0
3001,2498,1137,0
3001,2498,1140,0
3001,2498,1156,0
3001,2498,1160,0
3001,2498,1170,0
3001,2498,1176,0
3001,2498,1178,0
3001,2498,1180,0
3001,2498,1185,0
3001,2498,1257,0
3001,2498,1265,0
3001,2498,1268,0
3001,2498,1270,0
3001,2498,1277,0
3001,2498,1293,0
3001,2498,1298,0
3001,2498,1326,0
3001,2498,1341,0
3001,2498,1349,0
3001,2498,1353,0
3001,2498,1372,0
3001,2498,1383,0
3001,2498,1392,0
3001,2498,1402,0
3001,2498,1424,0
3001,2498,1425,0
3001,2498,1472,0
3001,2498,1473,0
3001,2498,1503,0
3001,2498,1506,0
3001,2498,1509,0
3001,2498,1514,0
3001,2498,1529,0
3001,2498,1535,0
3001,2498,1605,0
3001,2498,1609,0
3001,2498,1615,0
3001,2498,1646,0
3001,2498,1663,0
3001,2498,1665,0
3001,2498,1669,0
3001,2498,1672,0
3001,2498,1727,0
3001,2498,1740,0
3001,2498,1788,0
3001,2498,1789,0
3001,2498,1821,0
3001,2498,1828,0
3001,2498,1832,0
3001,2498,1845,0
3001,2498,1852,0
3001,2498,1864,0
3001,2498,1866,0
3001,2498,1889,0
3001,2498,1939,0
3001,2498,1964,0
3001,2498,1969,0
3001,2498,2003,0
3001,2498,2012,0
3001,2498,2014,0
3001,2498,2029,0
3001,2498,2038,0
3001,2498,2071,0
3001,2498,2075,0
3001,2498,2076,0
3001,2498,2083,0
3001,2498,2086,0
3001,2498,2097,0
3001,2498,2144,0
3001,2498,2154,0
3001,2498,2157,0
3001,2498,2162,0
3001,2498,2175,0
3001,2498,2177,0
3001,2498,2189,0
3001,2498,2195,0
3001,2498,2200,0
3001,2498,2203,0
3001,2498,2214,0
3001,2498,2215,0
3001,2498,2297,0
3001,2498,2307,0
3001,2498,2316,0
3001,2498,2333,0
3001,2498,2367,0
3001,2498,2384,0
3001,2498,2392,0
3001,2498,2393,0
3001,2498,2413,0
3001,2498,2461,0
3001,2498,2501,0
3001,2498,2519,0
3001,2498,2527,0
3001,2498,2560,0
3001,2498,2566,0
3001,2498,2571,0
3001,2498,2575,0
3001,2498,2629,0
3001,2498,2633,0
3001,2498,2634,0
3001,2498,2642,0
3001,2498,2649,0
3001,2498,2656,0
3001,2498,2661,0
3001,2498,2662,0
3001,2498,2664,0
3001,2498,2703,0
3001,2498,2711,0
3001,2498,2722,0
3001,2498,2723,0
3001,2498,2757,0
3001,2498,2789,0
3001,2498,2790,0
3001,2498,2793,0
3001,2498,2798,0
3001,2498,2804,0
3001,2498,2806,0
3001,2498,2826,0
3001,2498,2845,0
3001,2498,2854,0
3001,2498,2859,0
3001,2498,2868,0
3001,2498,2884,0
3001,2498,2891,0
3001,2498,2897,0
3001,2498,2902,0
3001,2498,2937,0
3001,2498,2945,0
3001,2498,2961,0
3001,2498,2988,0
3001,2498,2992,0
3001,2498,3000,0
3001,2498,3024,0
3001,2498,3046,0
3001,2498,3063,0
3001,2498,3098,0
3001,2498,3113,0
3001,2498,3132,0
3001,2498,3136,0
3001,2498,3168,0
3001,2498,3186,0
3001,2498,3193,0
3001,2498,3202,0
3001,2498,3229,0
3001,2498,3237,0
3001,2498,3243,0
3001,2498,3250,0
3001,2498,3303,0
3001,2498,3313,0
3001,2498,3327,0
3001,2498,3334,0
3001,2498,3342,0
3001,2498,3355,0
3001,2498,3360,0
3001,2498,3374,0
3001,2498,3378,0
3001,2498,3381,0
3001,2498,3395,0
3001,2498,3399,0
3001,2498,3405,0
3001,2498,3411,0
3001,2498,3428,0
3001,2498,3429,0
3001,2498,3442,0
3001,2498,3443,0
3001,2498,3451,0
3001,2498,3465,0
3001,2498,3504,0
3001,2498,3525,0
3001,2498,3536,0
3001,2498,3570,0
3001,2498,3582,0
3001,2498,3587,0
3001,2498,3596,0
3001,2498,3599,0
3001,2498,3613,0
3001,2498,3641,0
3001,2498,3642,0
3001,2498,3693,0
3001,2498,3707,0
3001,2498,3736,0
3001,2498,3750,0
3001,2498,3751,0
3001,2498,3773,0
3001,2498,3777,0
3001,2498,3778,0
3001,2498,3824,0
3001,2498,3845,0
3001,2498,3867,0
3001,2498,3903,0
3001,2498,3911,0
3001,2498,3915,0
3001,2498,3936,0
3001,2498,3942,0
3001,2498,3954,0
3001,2498,3977,0
3001,2498,4004,0
3001,2498,4010,0
3001,2498,4017,0
3001,2498,4030,0
3001,2498,4050,0
3001,2498,4063,0
3001,2498,4064,0
3001,2498,4067,0
3001,2498,4089,0
3001,2498,4117,0
3001,2498,4124,0
3001,2498,4127,0
3001,2498,4167,0
3001,2498,4188,0
3001,2498,4199,0
3001,2498,4207,0
3001,2498,4208,0
3001,2498,4218,0
3001,2498,4227,0
3001,2498,4307,0
3001,2498,4377,0
3001,2498,4380,0
3001,2498,4430,0
3001,2498,4433,0
3001,2498,4471,0
3001,2498,4476,0
3001,2498,4497,0
3001,2498,4499,0
3001,2498,4509,0
3001,2498,4530,0
3001,2498,4533,0
3001,2498,4540,0
3001,2498,4546,0
3001,2498,4592,0
3001,2498,4600,0
3001,2498,4640,0
3001,2498,4644,0
3001,2498,4648,0
3001,2498,4690,0
3001,2498,4696,0
3001,2498,4718,0
3001,2498,4724,0
3001,2498,4725,0
3001,2498,4742,0
3001,2498,4744,0
3001,2498,4756,0
3001,2498,4761,0
3001,2498,4781,0
3001,2498,4782,0
3001,2498,4792,0
3001,2498,4841,0
3001,2498,4845,0
3001,2498,4860,0
3001,2498,4909,0
3001,2498,4914,0
3001,2498,4919,0
3001,2498,4921,0
3001,2498,4924,0
3001,2498,4929,0
3001,2498,4943,0
3001,2498,4969,0
3003,996,71,0
3003,996,389,0
3003,996,1177,0
3003,996,1249,0
3003,996,1644,0
3003,996,2243,0
3003,996,2625,0
3003,996,2748,0
3003,996,3795,0
3003,996,4521,0
2500,4994,184,0
2500,4994,602,0
2500,4994,620,0
2500,4994,674,0
2500,4994,815,0
2500,4994,860,0
2500,4994,892,0
2500,4994,1342,0
2500,4994,1419,0
2500,4994,1484,0
2500,4994,1829,0
2500,4994,2058,0
2500,4994,2113,0
2500,4994,2393,0
2500,4994,2608,0
2500,4994,2626,0
2500,4994,2768,0
2500,4994,2807,0
2500,4994,2856,0
2500,4994,3067,0
2500,4994,3138,0
2500,4994,3201,0
2500,4994,3299,0
2500,4994,3325,0
2500,4994,3443,0
2500,4994,3516,0
2500,4994,3797,0
2500,4994,4175,0
2500,4994,4290,0
2500,4994,4298,0
2500,4994,4397,0
2500,4994,4812,0
2500,4994,4877,0
3000,2999,3,0
3000,2999,7,0
3000,2999,17,0
3000,2999,19,0
3000,2999,26,0
3000,2999,29,0
3000,2999,31,0
3000,2999,33,0
3000,2999,36,0
3000,2999,39,0
3000,2999,42,0
3000,2999,47,0
3000,2999,51,0
3000,2999,53,0
3000,2999,55,0
3000,2999,59,0
3000,2999,70,0
3000,2999,73,0
3000,2999,78,0
3000,2999,88,0
3000,2999,90,0
3000,2999,94,0
3000,2999,100,0
3000,2999,102,0
3000,2999,104,0
3000,2999,105,0
3000,2999,108,0
3000,2999,110,0
3000,2999,115,0
3000,2999,117,0
3000,2999,119,0
3000,2999,121,0
3000,2999,122,0
3000,2999,131,0
3000,2999,132,0
3000,2999,135,0
3000,2999,137,0
3000,2999,138,0
3000,2999,140,0
3000,2999,154,0
3000,2999,156,0
3000,2999,157,0
3000,2999,159,0
3000,2999,161,0
3000,2999,168,0
3000,2999,170,0
3000,2999,175,0
3000,2999,177,0
3000,2999,183,0
3000,2999,184,0
3000,2999,188,0
3000,2999,191,0
3000,2999,194,0
3000,2999,208,0
3000,2999,211,0
3000,2999,212,0
3000,2999,216,0
3000,2999,219,0
3000,2999,222,0
3000,2999,223,0
3000,2999,226,0
3000,2999,227,0
3000,2999,233,0
3000,2999,235,0
3000,2999,236,0
3000,2999,243,0
3000,2999,246,0
3000,2999,247,0
3000,2999,248,0
3000,2999,253,0
3000,2999,273,0
3000,2999,275,0
3000,2999,278,0
3000,2999,280,0
3000,2999,281,0
3000,2999,286,0
3000,2999,289,0
3000,2999,302,0
3000,2999,315,0
3000,2999,319,0
3000,2999,320,0
3000,2999,323,0
3000,2999,324,0
3000,2999,331,0
3000,2999,333,0
3000,2999,338,0
3000,2999,344,0
3000,2999,350,0
3000,2999,353,0
3000,2999,357,0
3000,2999,361,0
3000,2999,363,0
3000,2999,365,0
3000,2999,366,0
3000,2999,371,0
3000,2999,372,0
3000,2999,375,0
3000,2999,377,0
3000,2999,379,0
3000,2999,381,0
3000,2999,384,0
3000,2999,385,0
3000,2999,388,0
3000,2999,394,0
3000,2999,400,0
3000,2999,401,0
3000,2999,402,0
3000,2999,404,0
3000,2999,405,0
3000,2999,406,0
3000,2999,407,0
3000,2999,414,0
3000,2999,415,0
3000,2999,417,0
3000,2999,421,0
3000,2999,422,0
3000,2999,425,0
3000,2999,431,0
3000,2999,433,0
3000,2999,434,0
3000,2999,439,0
3000,2999,448,0
3000,2999,454,0
3000,2999,458,0
3000,2999,461,0
3000,2999,466,0
3000,2999,469,0
3000,2999,471,0
3000,2999,486,0
3000,2999,489,0
3000,2999,491,0
3000,2999,492,0
3000,2999,493,0
3000,2999,511,0
3000,2999,526,0
3000,2999,530,0
3000,2999,531,0
3000,2999,532,0
3000,2999,533,0
3000,2999,534,0
3000,2999,540,0
3000,2999,541,0
3000,2999,546,0
3000,2999,550,0
3000,2999,555,0
3000,2999,556,0
3000,2999,560,0
3000,2999,565,0
3000,2999,570,0
3000,2999,573,0
3000,2999,574,0
3000,2999,575,0
3000,2999,582,0
3000,2999,584,0
3000,2999,589,0
3000,2999,595,0
3000,2999,596,0
3000,2999,600,0
3000,2999,602,0
3000,2999,605,0
3000,2999,608,0
3000,2999,612,0
3000,2999,618,0
3000,2999,623,0
3000,2999,627,0
3000,2999,630,0
3000,2999,632,0
3000,2999,633,0
3000,2999,634,0
3000,2999,635,0
3000,2999,642,0
3000,2999,645,0
3000,2999,651,0
3000,2999,653,0
3000,2999,659,0
3000,2999,669,0
3000,2999,676,0
3000,2999,680,0
3000,2999,696,0
3000,2999,701,0
3000,2999,708,0
3000,2999,713,0
3000,2999,714,0
3000,2999,717,0
3000,2999,719,0
3000,2999,721,0
3000,2999,731,0
3000,2999,740,0
3000,2999,742,0
3000,2999,744,0
3000,2999,754,0
3000,2999,756,0
3000,2999,763,0
3000,2999,774,0
3000,2999,779,0
3000,2999,786,0
3000,2999,789,0
3000,2999,790,0
3000,2999,793,0
3000,2999,795,0
3000,2999,798,0
3000,2999,805,0
3000,2999,806,0
3000,2999,809,0
3000,2999,813,0
3000,2999,814,0
3000,2999,815,0
3000,2999,817,0
3000,2999,819,0
3000,2999,820,0
3000,2999,824,0
3000,2999,827,0
3000,2999,828,0
3000,2999,829,0
3000,2999,841,0
3000,2999,846,0
3000,2999,847,0
3000,2999,849,0
3000,2999,850,0
3000,2999,862,0
3000,2999,864,0
3000,2999,868,0
3000,2999,869,0
3000,2999,871,0
3000,2999,873,0
3000,2999,874,0
3000,2999,875,0
3000,2999,878,0
3000,2999,882,0
3000,2999,888,0
3000,2999,891,0
3000,2999,895,0
3000,2999,898,0
3000,2999,899,0
3000,2999,902,0
3000,2999,905,0
3000,2999,909,0
3000,2999,913,0
3000,2999,921,0
3000,2999,928,0
3000,2999,937,0
3000,2999,942,0
3000,2999,944,0
3000,2999,954,0
3000,2999,956,0
3000,2999,957,0
3000,2999,961,0
3000,2999,962,0
3000,2999,966,0
3000,2999,970,0
3000,2999,973,0
3000,2999,974,0
3000,2999,977,0
3000,2999,979,0
3000,2999,981,0
3000,2999,983,0
3000,2999,985,0
3000,2999,986,0
3000,2999,987,0
3000,2999,994,0
3000,2999,1007,0
3000,2999,1010,0
3000,2999,1011,0
3000,2999,1012,0
3000,2999,1015,0
3000,2999,1019,0
3000,2999,1023,0
3000,2999,1025,0
3000,2999,1026,0
3000,2999,1032,0
3000,2999,1036,0
3000,2999,1043,0
3000,2999,1047,0
3000,2999,1055,0
3000,2999,1056,0
3000,2999,1061,0
3000,2999,1068,0
3000,2999,1072,0
3000,2999,1076,0
3000,2999,1081,0
3000,2999,1084,0
3000,2999,1095,0
3000,2999,1101,0
3000,2999,1103,0
3000,2999,1111,0
3000,2999,1113,0
3000,2999,1116,0
3000,2999,1126,0
3000,2999,1127,0
3000,2999,1128,0
3000,2999,1129,0
3000,2999,1135,0
3000,2999,1136,0
3000,2999,1139,0
3000,2999,1141,0
3000,2999,1143,0
3000,2999,1145,0
3000,2999,1151,0
3000,2999,1152,0
3000,2999,1154,0
3000,2999,1155,0
3000,2999,1171,0
3000,2999,1173,0
3000,2999,1175,0
3000,2999,1179,0
3000,2999,1182,0
3000,2999,1183,0
3000,2999,1186,0
3000,2999,1192,0
3000,2999,1193,0
3000,2999,1196,0
3000,2999,1197,0
3000,2999,1198,0
3000,2999,1204,0
3000,2999,1209,0
3000,2999,1217,0
3000,2999,1218,0
3000,2999,1222,0
3000,2999,1225,0
3000,2999,1230,0
3000,2999,1235,0
3000,2999,1248,0
3000,2999,1249,0
3000,2999,1253,0
3000,2999,1257,0
3000,2999,1259,0
3000,2999,1263,0
3000,2999,1267,0
3000,2999,1272,0
3000,2999,1279,0
3000,2999,1280,0
3000,2999,1285,0
3000,2999,1286,0
3000,2999,1287,0
3000,2999,1290,0
3000,2999,1302,0
3000,2999,1304,0
3000,2999,1306,0
3000,2999,1316,0
3000,2999,1320,0
3000,2999,1323,0
3000,2999,1325,0
3000,2999,1327,0
3000,2999,1330,0
3000,2999,1331,0
3000,2999,1337,0
3000,2999,1339,0
3000,2999,1347,0
3000,2999,1353,0
3000,2999,1358,0
3000,2999,1364,0
3000,2999,1368,0
3000,2999,1370,0
3000,2999,1372,0
3000,2999,1382,0
3000,2999,1384,0
3000,2999,1385,0
3000,2999,1388,0
3000,2999,1389,0
3000,2999,1396,0
3000,2999,1399,0
3000,2999,1403,0
3000,2999,1409,0
3000,2999,1413,0
3000,2999,1414,0
3000,2999,1418,0
3000,2999,1419,0
3000,2999,1421,0
3000,2999,1422,0
3000,2999,1423,0
3000,2999,1425,0
3000,2999,1429,0
3000,2999,1430,0
3000,2999,1431,0
3000,2999,1435,0
3000,2999,1455,0
3000,2999,1456,0
3000,2999,1459,0
3000,2999,1463,0
3000,2999,1465,0
3000,2999,1468,0
3000,2999,1470,0
3000,2999,1476,0
3000,2999,1477,0
3000,2999,1478,0
3000,2999,1479,0
3000,2999,1482,0
3000,2999,1483,0
3000,2999,1484,0
3000,2999,1485,0
3000,2999,1494,0
3000,2999,1495,0
3000,2999,1498,0
3000,2999,1500,0
3000,2999,1505,0
3000,2999,1508,0
3000,2999,1521,0
3000,2999,1531,0
3000,2999,1532,0
3000,2999,1535,0
3000,2999,1536,0
3000,2999,1543,0
3000,2999,1553,0
3000,2999,1559,0
3000,2999,1568,0
3000,2999,1569,0
3000,2999,1576,0
3000,2999,1577,0
3000,2999,1579,0
3000,2999,1593,0
3000,2999,1594,0
3000,2999,1595,0
3000,2999,1597,0
3000,2999,1598,0
3000,2999,1600,0
3000,2999,1601,0
3000,2999,1605,0
3000,2999,1606,0
3000,2999,1609,0
3000,2999,1618,0
3000,2999,1621,0
3000,2999,1622,0
3000,2999,1623,0
3000,2999,1624,0
3000,2999,1629,0
3000,2999,1633,0
3000,2999,1634,0
3000,2999,1635,0
3000,2999,1641,0
3000,2999,1643,0
3000,2999,1653,0
3000,2999,1654,0
3000,2999,1660,0
3000,2999,1671,0
3000,2999,1674,0
3000,2999,1675,0
3000,2999,1680,0
3000,2999,1682,0
3000,2999,1691,0
3000,2999,1695,0
3000,2999,1698,0
3000,2999,1701,0
3000,2999,1702,0
3000,2999,1719,0
3000,2999,1724,0
3000,2999,1725,0
3000,2999,1727,0
3000,2999,1728,0
3000,2999,1730,0
3000,2999,1733,0
3000,2999,1734,0
3000,2999,1735,0
3000,2999,1739,0
3000,2999,1744,0
3000,2999,1746,0
3000,2999,1748,0
3000,2999,1753,0
3000,2999,1758,0
3000,2999,1775,0
3000,2999,1776,0
3000,2999,1779,0
3000,2999,1788,0
3000,2999,1792,0
3000,2999,1806,0
3000,2999,1808,0
3000,2999,1815,0
3000,2999,1816,0
3000,2999,1819,0
3000,2999,1820,0
3000,2999,1825,0
3000,2999,1827,0
3000,2999,1828,0
3000,2999,1829,0
3000,2999,1831,0
3000,2999,1834,0
3000,2999,1835,0
3000,2999,1840,0
3000,2999,1843,0
3000,2999,1846,0
3000,2999,1848,0
3000,2999,1849,0
3000,2999,1854,0
3000,2999,1860,0
3000,2999,1861,0
3000,2999,1864,0
3000,2999,1866,0
3000,2999,1870,0
3000,2999,1875,0
3000,2999,1876,0
3000,2999,1879,0
3000,2999,1881,0
3000,2999,1882,0
3000,2999,1885,0
3000,2999,1888,0
3000,2999,1892,0
3000,2999,1897,0
3000,2999,1898,0
3000,2999,1900,0
3000,2999,1901,0
3000,2999,1904,0
3000,2999,1907,0
3000,2999,1910,0
3000,2999,1913,0
3000,2999,1915,0
3000,2999,1920,0
3000,2999,1926,0
3000,2999,1930,0
3000,2999,1932,0
3000,2999,1936,0
3000,2999,1939,0
3000,2999,1947,0
3000,2999,1954,0
3000,2999,1958,0
3000,2999,1980,0
3000,2999,1984,0
3000,2999,1985,0
3000,2999,1992,0
3000,2999,1997,0
3000,2999,1999,0
3000,2999,2009,0
3000,2999,2010,0
3000,2999,2027,0
3000,2999,2031,0
3000,2999,2054,0
3000,2999,2056,0
3000,2999,2062,0
3000,2999,2063,0
3000,2999,2071,0
3000,2999,2072,0
3000,2999,2080,0
3000,2999,2083,0
3000,2999,2092,0
3000,2999,2094,0
3000,2999,2095,0
3000,2999,2097,0
3000,2999,2098,0
3000,2999,2102,0
3000,2999,2106,0
3000,2999,2111,0
3000,2999,2120,0
3000,2999,2121,0
3000,2999,2126,0
3000,2999,2128,0
3000,2999,2129,0
3000,2999,2131,0
3000,2999,2133,0
3000,2999,2134,0
3000,2999,2138,0
3000,2999,2142,0
3000,2999,2148,0
3000,2999,2150,0
3000,2999,2151,0
3000,2999,2154,0
3000,2999,2157,0
3000,2999,2158,0
3000,2999,2162,0
3000,2999,2174,0
3000,2999,2177,0
3000,2999,2182,0
3000,2999,2186,0
3000,2999,2193,0
3000,2999,2195,0
3000,2999,2199,0
3000,2999,2201,0
3000,2999,2203,0
3000,2999,2204,0
3000,2999,2207,0
3000,2999,2209,0
3000,2999,2214,0
3000,2999,2217,0
3000,2999,2220,0
3000,2999,2221,0
3000,2999,2225,0
3000,2999,2228,0
3000,2999,2231,0
3000,2999,2232,0
3000,2999,2235,0
3000,2999,2239,0
3000,2999,2240,0
3000,2999,2241,0
3000,2999,2242,0
3000,2999,2245,0
3000,2999,2248,0
3000,2999,2249,0
3000,2999,2259,0
3000,2999,2260,0
3000,2999,2261,0
3000,2999,2265,0
3000,2999,2271,0
3000,2999,2272,0
3000,2999,2276,0
3000,2999,2284,0
3000,2999,2285,0
3000,2999,2286,0
3000,2999,2287,0
3000,2999,2297,0
3000,2999,2301,0
3000,2999,2302,0
3000,2999,2304,0
3000,2999,2305,0
3000,2999,2313,0
3000,2999,2320,0
3000,2999,2324,0
3000,2999,2327,0
3000,2999,2330,0
3000,2999,2331,0
3000,2999,2333,0
3000,2999,2337,0
3000,2999,2345,0
3000,2999,2346,0
3000,2999,2353,0
3000,2999,2354,0
3000,2999,2356,0
3000,2999,2357,0
3000,2999,2362,0
3000,2999,2363,0
3000,2999,2365,0
3000,2999,2368,0
3000,2999,2376,0
3000,2999,2383,0
3000,2999,2387,0
3000,2999,2390,0
3000,2999,2391,0
3000,2999,2392,0
3000,2999,2393,0
3000,2999,2400,0
3000,2999,2409,0
3000,2999,2424,0
3000,2999,2429,0
3000,2999,2430,0
3000,2999,2431,0
3000,2999,2437,0
3000,2999,2447,0
3000,2999,2448,0
3000,2999,2449,0
3000,2999,2457,0
3000,2999,2461,0
3000,2999,2466,0
3000,2999,2472,0
3000,2999,2477,0
3000,2999,2493,0
3000,2999,2494,0
3000,2999,2496,0
3000,2999,2504,0
3000,2999,2509,0
3000,2999,2511,0
3000,2999,2512,0
3000,2999,2518,0
3000,2999,2523,0
3000,2999,2525,0
3000,2999,2533,0
3000,2999,2535,0
3000,2999,2539,0
3000,2999,2546,0
3000,2999,2549,0
3000,2999,2557,0
3000,2999,2559,0
3000,2999,2560,0
3000,2999,2571,0
3000,2999,2572,0
3000,2999,2576,0
3000,2999,2579,0
3000,2999,2580,0
3000,2999,2581,0
3000,2999,2584,0
3000,2999,2585,0
3000,2999,2586,0
3000,2999,2592,0
3000,2999,2593,0
3000,2999,2596,0
3000,2999,2598,0
3000,2999,2603,0
3000,2999,2604,0
3000,2999,2608,0
3000,2999,2609,0
3000,2999,2610,0
3000,2999,2612,0
3000,2999,2618,0
3000,2999,2619,0
3000,2999,2621,0
3000,2999,2623,0
3000,2999,2626,0
3000,2999,2629,0
3000,2999,2630,0
3000,2999,2632,0
3000,2999,2643,0
3000,2999,2644,0
3000,2999,2645,0
3000,2999,2648,0
3000,2999,2653,0
3000,2999,2654,0
3000,2999,2657,0
3000,2999,2664,0
3000,2999,2665,0
3000,2999,2671,0
3000,2999,2674,0
3000,2999,2675,0
3000,2999,2677,0
3000,2999,2682,0
3000,2999,2693,0
3000,2999,2710,0
3000,2999,2711,0
3000,2999,2714,0
3000,2999,2721,0
3000,2999,2726,0
3000,2999,2733,0
3000,2999,2734,0
3000,2999,2735,0
3000,2999,2740,0
3000,2999,2741,0
3000,2999,2742,0
3000,2999,2745,0
3000,2999,2747,0
3000,2999,2748,0
3000,2999,2750,0
3000,2999,2754,0
3000,2999,2763,0
3000,2999,2771,0
3000,2999,2772,0
3000,2999,2774,0
3000,2999,2782,0
3000,2999,2787,0
3000,2999,2788,0
3000,2999,2795,0
3000,2999,2799,0
3000,2999,2802,0
3000,2999,2803,0
3000,2999,2807,0
3000,2999,2808,0
3000,2999,2810,0
3000,2999,2813,0
3000,2999,2818,0
3000,2999,2822,0
3000,2999,2826,0
3000,2999,2828,0
3000,2999,2829,0
3000,2999,2833,0
3000,2999,2837,0
3000,2999,2840,0
3000,2999,2844,0
3000,2999,2845,0
3000,2999,2852,0
3000,2999,2854,0
3000,2999,2864,0
3000,2999,2868,0
3000,2999,2872,0
3000,2999,2873,0
3000,2999,2875,0
3000,2999,2876,0
3000,2999,2879,0
3000,2999,2880,0
3000,2999,2883,0
3000,2999,2884,0
3000,2999,2885,0
3000,2999,2906,0
3000,2999,2907,0
3000,2999,2910,0
3000,2999,2911,0
3000,2999,2912,0
3000,2999,2916,0
3000,2999,2922,0
3000,2999,2923,0
3000,2999,2924,0
3000,2999,2925,0
3000,2999,2928,0
3000,2999,2929,0
3000,2999,2932,0
3000,2999,2935,0
3000,2999,2940,0
3000,2999,2942,0
3000,2999,2945,0
3000,2999,2956,0
3000,2999,2959,0
3000,2999,2962,0
3000,2999,2964,0
3000,2999,2966,0
3000,2999,2968,0
3000,2999,2975,0
3000,2999,2997,0
3000,2999,2998,0
3000,2999,3000,0
3000,2999,3004,0
3000,2999,3008,0
3000,2999,3010,0
3000,2999,3012,0
3000,2999,3014,0
3000,2999,3016,0
3000,2999,3017,0
3000,2999,3018,0
3000,2999,3033,0
3000,2999,3034,0
3000,2999,3039,0
3000,2999,3040,0
3000,2999,3041,0
3000,2999,3042,0
3000,2999,3043,0
3000,2999,3045,0
3000,2999,3050,0
3000,2999,3054,0
3000,2999,3055,0
3000,2999,3060,0
3000,2999,3061,0
3000,2999,3068,0
3000,2999,3074,0
3000,2999,3078,0
3000,2999,3079,0
3000,2999,3081,0
3000,2999,3094,0
3000,2999,3096,0
3000,2999,3100,0
3000,2999,3107,0
3000,2999,3110,0
3000,2999,3115,0
3000,2999,3122,0
3000,2999,3130,0
3000,2999,3135,0
3000,2999,3147,0
3000,2999,3150,0
3000,2999,3152,0
3000,2999,3155,0
3000,2999,3159,0
3000,2999,3174,0
3000,2999,3181,0
3000,2999,3187,0
3000,2999,3192,0
3000,2999,3194,0
3000,2999,3198,0
3000,2999,3199,0
3000,2999,3200,0
3000,2999,3202,0
3000,2999,3207,0
3000,2999,3215,0
3000,2999,3219,0
3000,2999,3222,0
3000,2999,3223,0
3000,2999,3224,0
3000,2999,3225,0
3000,2999,3228,0
3000,2999,3247,0
3000,2999,3251,0
3000,2999,3252,0
3000,2999,3253,0
3000,2999,3256,0
3000,2999,3257,0
3000,2999,3258,0
3000,2999,3261,0
3000,2999,3265,0
3000,2999,3267,0
3000,2999,3268,0
3000,2999,3270,0
3000,2999,3273,0
3000,2999,3280,0
3000,2999,3281,0
3000,2999,3293,0
3000,2999,3295,0
3000,2999,3296,0
3000,2999,3298,0
3000,2999,3307,0
3000,2999,3308,0
3000,2999,3311,0
3000,2999,3313,0
3000,2999,3325,0
3000,2999,3331,0
3000,2999,3337,0
3000,2999,3339,0
3000,2999,3344,0
3000,2999,3346,0
3000,2999,3350,0
3000,2999,3356,0
3000,2999,3359,0
3000,2999,3361,0
3000,2999,3379,0
3000,2999,3386,0
3000,2999,3394,0
3000,2999,3400,0
3000,2999,3402,0
3000,2999,3403,0
3000,2999,3407,0
3000,2999,3411,0
3000,2999,3415,0
3000,2999,3428,0
3000,2999,3431,0
3000,2999,3435,0
3000,2999,3448,0
3000,2999,3450,0
3000,2999,3459,0
3000,2999,3467,0
3000,2999,3469,0
3000,2999,3470,0
3000,2999,3477,0
3000,2999,3484,0
3000,2999,3489,0
3000,2999,3490,0
3000,2999,3494,0
3000,2999,3499,0
3000,2999,3504,0
3000,2999,3508,0
3000,2999,3514,0
3000,2999,3519,0
3000,2999,3522,0
3000,2999,3523,0
3000,2999,3527,0
3000,2999,3529,0
3000,2999,3530,0
3000,2999,3531,0
3000,2999,3538,0
3000,2999,3540,0
3000,2999,3543,0
3000,2999,3544,0
3000,2999,3546,0
3000,2999,3547,0
3000,2999,3553,0
3000,2999,3560,0
3000,2999,3564,0
3000,2999,3565,0
3000,2999,3566,0
3000,2999,3572,0
3000,2999,3573,0
3000,2999,3575,0
3000,2999,3577,0
3000,2999,3589,0
3000,2999,3590,0
3000,2999,3594,0
3000,2999,3595,0
3000,2999,3596,0
3000,2999,3598,0
3000,2999,3599,0
3000,2999,3608,0
3000,2999,3609,0
3000,2999,3611,0
3000,2999,3613,0
3000,2999,3622,0
3000,2999,3624,0
3000,2999,3625,0
3000,2999,3631,0
3000,2999,3638,0
3000,2999,3640,0
3000,2999,3642,0
3000,2999,3647,0
3000,2999,3652,0
3000,2999,3655,0
3000,2999,3660,0
3000,2999,3663,0
3000,2999,3664,0
3000,2999,3668,0
3000,2999,3676,0
3000,2999,3686,0
3000,2999,3689,0
3000,2999,3691,0
3000,2999,3694,0
3000,2999,3698,0
3000,2999,3701,0
3000,2999,3703,0
3000,2999,3712,0
3000,2999,3718,0
3000,2999,3722,0
3000,2999,3724,0
3000,2999,3726,0
3000,2999,3729,0
3000,2999,3730,0
3000,2999,3735,0
3000,2999,3736,0
3000,2999,3744,0
3000,2999,3748,0
3000,2999,3756,0
3000,2999,3764,0
3000,2999,3765,0
3000,2999,3770,0
3000,2999,3773,0
3000,2999,3783,0
3000,2999,3788,0
3000,2999,3794,0
3000,2999,3795,0
3000,2999,3797,0
3000,2999,3804,0
3000,2999,3810,0
3000,2999,3812,0
3000,2999,3825,0
3000,2999,3832,0
3000,2999,3835,0
3000,2999,3840,0
3000,2999,3845,0
3000,2999,3847,0
3000,2999,3849,0
3000,2999,3850,0
3000,2999,3853,0
3000,2999,3859,0
3000,2999,3860,0
3000,2999,3862,0
3000,2999,3863,0
3000,2999,3867,0
3000,2999,3875,0
3000,2999,3876,0
3000,2999,3883,0
3000,2999,3886,0
3000,2999,3890,0
3000,2999,3892,0
3000,2999,3895,0
3000,2999,3896,0
3000,2999,3904,0
3000,2999,3909,0
3000,2999,3915,0
3000,2999,3916,0
3000,2999,3921,0
3000,2999,3922,0
3000,2999,3926,0
3000,2999,3929,0
3000,2999,3934,0
3000,2999,3935,0
3000,2999,3941,0
3000,2999,3944,0
3000,2999,3946,0
3000,2999,3949,0
3000,2999,3951,0
3000,2999,3963,0
3000,2999,3972,0
3000,2999,3974,0
3000,2999,3979,0
3000,2999,3985,0
3000,2999,3990,0
3000,2999,3995,0
3000,2999,3996,0
3000,2999,3999,0
3000,2999,4000,0
3000,2999,4003,0
3000,2999,4006,0
3000,2999,4009,0
3000,2999,4013,0
3000,2999,4018,0
3000,2999,4026,0
3000,2999,4029,0
3000,2999,4036,0
3000,2999,4037,0
3000,2999,4045,0
3000,2999,4048,0
3000,2999,4050,0
3000,2999,4051,0
3000,2999,4054,0
3000,2999,4056,0
3000,2999,4057,0
3000,2999,4066,0
3000,2999,4067,0
3000,2999,4070,0
3000,2999,4071,0
3000,2999,4073,0
3000,2999,4075,0
3000,2999,4078,0
3000,2999,4079,0
3000,2999,4085,0
3000,2999,4091,0
3000,2999,4098,0
3000,2999,4105,0
3000,2999,4107,0
3000,2999,4109,0
3000,2999,4110,0
3000,2999,4112,0
3000,2999,4113,0
3000,2999,4116,0
3000,2999,4119,0
3000,2999,4120,0
3000,2999,4126,0
3000,2999,4127,0
3000,2999,4129,0
3000,2999,4134,0
3000,2999,4135,0
3000,2999,4136,0
3000,2999,4137,0
3000,2999,4141,0
3000,2999,4145,0
3000,2999,4149,0
3000,2999,4150,0
3000,2999,4152,0
3000,2999,4154,0
3000,2999,4156,0
3000,2999,4157,0
3000,2999,4159,0
3000,2999,4161,0
3000,2999,4162,0
3000,2999,4163,0
3000,2999,4168,0
3000,2999,4174,0
3000,2999,4175,0
3000,2999,4179,0
3000,2999,4181,0
3000,2999,4182,0
3000,2999,4189,0
3000,2999,4199,0
3000,2999,4203,0
3000,2999,4206,0
3000,2999,4223,0
3000,2999,4227,0
3000,2999,4233,0
3000,2999,4235,0
3000,2999,4237,0
3000,2999,4241,0
3000,2999,4247,0
3000,2999,4250,0
3000,2999,4258,0
3000,2999,4267,0
3000,2999,4268,0
3000,2999,4273,0
3000,2999,4276,0
3000,2999,4277,0
3000,2999,4279,0
3000,2999,4280,0
3000,2999,4281,0
3000,2999,4288,0
3000,2999,4289,0
3000,2999,4290,0
3000,2999,4291,0
3000,2999,4295,0
3000,2999,4300,0
3000,2999,4303,0
3000,2999,4308,0
3000,2999,4311,0
3000,2999,4314,0
3000,2999,4318,0
3000,2999,4325,0
3000,2999,4327,0
3000,2999,4331,0
3000,2999,4342,0
3000,2999,4346,0
3000,2999,4352,0
3000,2999,4353,0
3000,2999,4367,0
3000,2999,4369,0
3000,2999,4370,0
3000,2999,4385,0
3000,2999,4386,0
3000,2999,4387,0
3000,2999,4388,0
3000,2999,4397,0
3000,2999,4399,0
3000,2999,4402,0
3000,2999,4403,0
3000,2999,4404,0
3000,2999,4411,0
3000,2999,4412,0
3000,2999,4413,0
3000,2999,4414,0
3000,2999,4427,0
3000,2999,4429,0
3000,2999,4433,0
3000,2999,4436,0
3000,2999,4440,0
3000,2999,4441,0
3000,2999,4445,0
3000,2999,4452,0
3000,2999,4453,0
3000,2999,4459,0
3000,2999,4461,0
3000,2999,4463,0
3000,2999,4465,0
3000,2999,4473,0
3000,2999,4474,0
3000,2999,4478,0
3000,2999,4492,0
3000,2999,4496,0
3000,2999,4499,0
3000,2999,4500,0
3000,2999,4502,0
3000,2999,4516,0
3000,2999,4517,0
3000,2999,4520,0
3000,2999,4525,0
3000,2999,4527,0
3000,2999,4529,0
3000,2999,4530,0
3000,2999,4534,0
3000,2999,4535,0
3000,2999,4536,0
3000,2999,4537,0
3000,2999,4539,0
3000,2999,4540,0
3000,2999,4542,0
3000,2999,4543,0
3000,2999,4551,0
3000,2999,4553,0
3000,2999,4557,0
3000,2999,4558,0
3000,2999,4564,0
3000,2999,4568,0
3000,2999,4573,0
3000,2999,4575,0
3000,2999,4577,0
3000,2999,4580,0
3000,2999,4584,0
3000,2999,4586,0
3000,2999,4587,0
3000,2999,4588,0
3000,2999,4593,0
3000,2999,4605,0
3000,2999,4614,0
3000,2999,4618,0
3000,2999,4620,0
3000,2999,4624,0
3000,2999,4631,0
3000,2999,4635,0
3000,2999,4636,0
3000,2999,4637,0
3000,2999,4640,0
3000,2999,4641,0
3000,2999,4646,0
3000,2999,4648,0
3000,2999,4649,0
3000,2999,4660,0
3000,2999,4662,0
3000,2999,4668,0
3000,2999,4673,0
3000,2999,4675,0
3000,2999,4681,0
3000,2999,4684,0
3000,2999,4688,0
3000,2999,4702,0
3000,2999,4707,0
3000,2999,4709,0
3000,2999,4712,0
3000,2999,4716,0
3000,2999,4720,0
3000,2999,4721,0
3000,2999,4723,0
3000,2999,4724,0
3000,2999,4725,0
3000,2999,4728,0
3000,2999,4737,0
3000,2999,4740,0
3000,2999,4745,0
3000,2999,4746,0
3000,2999,4748,0
3000,2999,4752,0
3000,2999,4757,0
3000,2999,4758,0
3000,2999,4773,0
3000,2999,4774,0
3000,2999,4779,0
3000,2999,4781,0
3000,2999,4785,0
3000,2999,4786,0
3000,2999,4792,0
3000,2999,4797,0
3000,2999,4800,0
3000,2999,4802,0
3000,2999,4807,0
3000,2999,4811,0
3000,2999,4816,0
3000,2999,4822,0
3000,2999,4824,0
3000,2999,4830,0
3000,2999,4831,0
3000,2999,4835,0
3000,2999,4837,0
3000,2999,4839,0
3000,2999,4842,0
3000,2999,4856,0
3000,2999,4872,0
3000,2999,4874,0
3000,2999,4875,0
3000,2999,4882,0
3000,2999,4890,0
3000,2999,4896,0
3000,2999,4897,0
3000,2999,4907,0
3000,2999,4910,0
3000,2999,4911,0
3000,2999,4913,0
3000,2999,4922,0
3000,2999,4923,0
3000,2999,4925,0
3000,2999,4929,0
3000,2999,4933,0
3000,2999,4936,0
3000,2999,4937,0
3000,2999,4940,0
3000,2999,4941,0
3000,2999,4944,0
3000,2999,4945,0
3000,2999,4951,0
3000,2999,4953,0
3000,2999,4954,0
3000,2999,4957,0
3000,2999,4963,0
3000,2999,4965,0
3000,2999,4969,0
3000,2999,4970,0
3000,2999,4971,0
3000,2999,4977,0
3000,2999,4982,0
3000,2999,4983,0
3000,2999,4989,0
3000,2999,4990,0
3000,2999,4991,0
3000,2999,4992,0
3000,2999,4994,0
3000,2999,4995,0
2005,997,287,0
2005,997,344,0
2005,997,451,0
2005,997,453,0
2005,997,738,0
2005,997,843,0
2005,997,1237,0
2005,997,1504,0
2005,997,1927,0
2005,997,2561,0
2005,997,2566,0
2005,997,2645,0
2005,997,3213,0
2005,997,3471,0
2005,997,3895,0
2005,997,4319,0
2005,997,4980,0
2009,2486,20,0
2009,2486,72,0
2009,2486,274,0
2009,2486,612,0
2009,2486,1006,0
2009,2486,1136,0
2009,2486,1353,0
2009,2486,1503,0
2009,2486,1519,0
2009,2486,1632,0
2009,2486,2054,0
2009,2486,2309,0
2009,2486,2584,0
2009,2486,2677,0
2009,2486,2966,0
2009,2486,3102,0
2009,2486,3820,0
2009,2486,3849,0
2009,2486,4056,0
2009,2486,4166,0
2009,2486,4211,0
2009,2486,4280,0
2009,2486,4416,0
2009,2486,4490,0
2009,2486,4700,0
503,978,174,0
503,978,490,0
503,978,666,0
503,978,934,0
503,978,1605,0
503,978,2048,0
503,978,2328,0
503,978,2342,0
503,978,3422,0
503,978,3559,0
503,978,3560,0
503,978,3824,0
503,978,3832,0
503,978,4462,0
503,978,4528,0
1011,1496,97,0
1011,1496,148,0
1011,1496,169,0
1011,1496,194,0
1011,1496,281,0
1011,1496,291,0
1011,1496,336,0
1011,1496,359,0
1011,1496,378,0
1011,1496,388,0
1011,1496,420,0
1011,1496,425,0
1011,1496,439,0
1011,1496,462,0
1011,1496,465,0
1011,1496,467,0
1011,1496,483,0
1011,1496,486,0
1011,1496,522,0
1011,1496,540,0
1011,1496,545,0
1011,1496,561,0
1011,1496,567,0
1011,1496,577,0
1011,1496,694,0
1011,1496,756,0
1011,1496,773,0
1011,1496,795,0
1011,1496,808,0
1011,1496,919,0
1011,1496,1000,0
1011,1496,1043,0
1011,1496,1106,0
1011,1496,1132,0
1011,1496,1142,0
1011,1496,1164,0
1011,1496,1212,0
1011,1496,1272,0
1011,1496,1288,0
1011,1496,1294,0
1011,1496,1385,0
1011,1496,1393,0
1011,1496,1477,0
1011,1496,1494,0
1011,1496,1544,0
1011,1496,1576,0
1011,1496,1641,0
1011,1496,1658,0
1011,1496,1691,0
1011,1496,1697,0
1011,1496,1736,0
1011,1496,1771,0
1011,1496,1851,0
1011,1496,1857,0
1011,1496,1905,0
1011,1496,1962,0
1011,1496,1967,0
1011,1496,1971,0
1011,1496,1980,0
1011,1496,2030,0
1011,1496,2184,0
1011,1496,2192,0
1011,1496,2279,0
1011,1496,2302,0
1011,1496,2322,0
1011,1496,2354,0
1011,1496,2437,0
1011,1496,2438,0
1011,1496,2483,0
1011,1496,2546,0
1011,1496,2568,0
1011,1496,2668,0
1011,1496,2686,0
1011,1496,2712,0
1011,1496,2731,0
1011,1496,2825,0
1011,1496,2864,0
1011,1496,2909,0
1011,1496,2939,0
1011,1496,2954,0
1011,1496,3125,0
1011,1496,3128,0
1011,1496,3201,0
1011,1496,3214,0
1011,1496,3226,0
1011,1496,3319,0
1011,1496,3341,0
1011,1496,3385,0
1011,1496,3411,0
1011,1496,3412,0
1011,1496,3447,0
1011,1496,3458,0
1011,1496,3532,0
1011,1496,3597,0
1011,1496,3609,0
1011,1496,3616,0
1011,1496,3618,0
1011,1496,3678,0
1011,1496,3687,0
1011,1496,3709,0
1011,1496,3719,0
1011,1496,3765,0
1011,1496,3880,0
1011,1496,3890,0
1011,1496,3893,0
1011,1496,3895,0
1011,1496,3935,0
1011,1496,3971,0
1011,1496,3974,0
1011,1496,4005,0
1011,1496,4053,0
1011,1496,4067,0
1011,1496,4132,0
1011,1496,4178,0
1011,1496,4202,0
1011,1496,4233,0
1011,1496,4257,0
1011,1496,4264,0
1011,1496,4268,0
1011,1496,4273,0
1011,1496,4320,0
1011,1496,4348,0
1011,1496,4378,0
1011,1496,4541,0
1011,1496,4553,0
1011,1496,4554,0
1011,1496,4558,0
1011,1496,4595,0
1011,1496,4598,0
1011,1496,4650,0
1011,1496,4653,0
1011,1496,4681,0
1011,1496,4725,0
1011,1496,4728,0
1011,1496,4771,0
1011,1496,4776,0
1011,1496,4785,0
1011,1496,4789,0
1011,1496,4869,0
1011,1496,4912,0
1011,1496,4967,0
4006,498,80,0
4006,498,197,0
4006,498,693,0
4006,498,869,0
4006,498,1346,0
4006,498,1631,0
4006,498,1870,0
4006,498,2009,0
4006,498,2273,0
4006,498,2935,0
4006,498,3215,0
4006,498,3898,0
4006,498,4197,0
4507,2999,374,0
4507,2999,389,0
4507,2999,488,0
4507,2999,608,0
4507,2999,1457,0
4507,2999,1623,0
4507,2999,2293,0
4507,2999,2878,0
4507,2999,3039,0
4507,2999,3613,0
4507,2999,3701,0
4507,2999,3823,0
4507,2999,3859,0
3000,4497,32,0
3000,4497,44,0
3000,4497,52,0
3000,4497,80,0
3000,4497,91,0
3000,4497,107,0
3000,4497,120,0
3000,4497,184,0
3000,4497,185,0
3000,4497,199,0
3000,4497,232,0
3000,4497,235,0
3000,4497,244,0
3000,4497,275,0
3000,4497,276,0
3000,4497,378,0
3000,4497,379,0
3000,4497,383,0
3000,4497,406,0
3000,4497,415,0
3000,4497,430,0
3000,4497,439,0
3000,4497,444,0
3000,4497,446,0
3000,4497,448,0
3000,4497,452,0
3000,4497,470,0
3000,4497,478,0
3000,4497,483,0
3000,4497,508,0
3000,4497,517,0
3000,4497,525,0
3000,4497,540,0
3000,4497,544,0
3000,4497,577,0
3000,4497,615,0
3000,4497,625,0
3000,4497,631,0
3000,4497,632,0
3000,4497,660,0
3000,4497,671,0
3000,4497,683,0
3000,4497,686,0
3000,4497,691,0
3000,4497,737,0
3000,4497,743,0
3000,4497,758,0
3000,4497,767,0
3000,4497,773,0
3000,4497,775,0
3000,4497,780,0
3000,4497,791,0
3000,4497,799,0
3000,4497,806,0
3000,4497,814,0
3000,4497,815,0
3000,4497,825,0
3000,4497,830,0
3000,4497,845,0
3000,4497,868,0
3000,4497,873,0
3000,4497,911,0
3000,4497,938,0
3000,4497,943,0
3000,4497,945,0
3000,4497,951,0
3000,4497,962,0
3000,4497,975,0
3000,4497,986,0
3000,4497,1004,0
3000,4497,1010,0
3000,4497,1025,0
3000,4497,1061,0
3000,4497,1082,0
3000,4497,1094,0
3000,4497,1096,0
3000,4497,1097,0
3000,4497,1099,0
3000,4497,1108,0
3000,4497,1111,0
3000,4497,1112,0
3000,4497,1116,0
3000,4497,1120,0
3000,4497,1121,0
3000,4497,1150,0
3000,4497,1204,0
3000,4497,1248,0
3000,4497,1276,0
3000,4497,1296,0
3000,4497,1314,0
3000,4497,1353,0
3000,4497,1360,0
3000,4497,1374,0
3000,4497,1384,0
3000,4497,1402,0
3000,4497,1403,0
3000,4497,1409,0
3000,4497,1417,0
3000,4497,1431,0
3000,4497,1436,0
3000,4497,1443,0
3000,4497,1461,0
3000,4497,1551,0
3000,4497,1566,0
3000,4497,1594,0
3000,4497,1619,0
3000,4497,1629,0
3000,4497,1637,0
3000,4497,1648,0
3000,4497,1656,0
3000,4497,1673,0
3000,4497,1706,0
3000,4497,1726,0
3000,4497,1733,0
3000,4497,1741,0
3000,4497,1785,0
3000,4497,1807,0
3000,4497,1819,0
3000,4497,1842,0
3000,4497,1894,0
3000,4497,1916,0
3000,4497,1919,0
3000,4497,1953,0
3000,4497,1993,0
3000,4497,2005,0
3000,4497,2013,0
3000,4497,2017,0
3000,4497,2018,0
3000,4497,2027,0
3000,4497,2048,0
3000,4497,2080,0
3000,4497,2119,0
3000,4497,2182,0
3000,4497,2192,0
3000,4497,2226,0
3000,4497,2243,0
3000,4497,2256,0
3000,4497,2261,0
3000,4497,2285,0
3000,4497,2288,0
3000,4497,2292,0
3000,4497,2333,0
3000,4497,2367,0
3000,4497,2394,0
3000,4497,2411,0
3000,4497,2433,0
3000,4497,2438,0
3000,4497,2447,0
3000,4497,2463,0
3000,4497,2476,0
3000,4497,2482,0
3000,4497,2526,0
3000,4497,2551,0
3000,4497,2570,0
3000,4497,2573,0
3000,4497,2575,0
3000,4497,2581,0
3000,4497,2597,0
3000,4497,2600,0
3000,4497,2605,0
3000,4497,2626,0
3000,4497,2661,0
3000,4497,2681,0
3000,4497,2686,0
3000,4497,2725,0
3000,4497,2733,0
3000,4497,2735,0
3000,4497,2756,0
3000,4497,2764,0
3000,4497,2772,0
3000,4497,2793,0
3000,4497,2800,0
3000,4497,2810,0
3000,4497,2832,0
3000,4497,2864,0
3000,4497,2865,0
3000,4497,2868,0
3000,4497,2888,0
3000,4497,2908,0
3000,4497,2925,0
3000,4497,2930,0
3000,4497,2931,0
3000,4497,2939,0
3000,4497,2953,0
3000,4497,3016,0
3000,4497,3038,0
3000,4497,3050,0
3000,4497,3055,0
3000,4497,3086,0
3000,4497,3091,0
3000,4497,3097,0
3000,4497,3104,0
3000,4497,3108,0
3000,4497,3133,0
3000,4497,3156,0
3000,4497,3157,0
3000,4497,3177,0
3000,4497,3184,0
3000,4497,3219,0
3000,4497,3226,0
3000,4497,3239,0
3000,4497,3264,0
3000,4497,3273,0
3000,4497,3280,0
3000,4497,3306,0
3000,4497,3308,0
3000,4497,3318,0
3000,4497,3319,0
3000,4497,3365,0
3000,4497,3410,0
3000,4497,3450,0
3000,4497,3452,0
3000,4497,3465,0
3000,4497,3475,0
3000,4497,3483,0
3000,4497,3488,0
3000,4497,3506,0
3000,4497,3522,0
3000,4497,3528,0
3000,4497,3532,0
3000,4497,3549,0
3000,4497,3551,0
3000,4497,3586,0
3000,4497,3601,0
3000,4497,3618,0
3000,4497,3624,0
3000,4497,3675,0
3000,4497,3688,0
3000,4497,3710,0
3000,4497,3733,0
3000,4497,3737,0
3000,4497,3784,0
3000,4497,3792,0
3000,4497,3799,0
3000,4497,3826,0
3000,4497,3853,0
3000,4497,3854,0
3000,4497,3866,0
3000,4497,3879,0
3000,4497,3884,0
3000,4497,3887,0
3000,4497,3898,0
3000,4497,3902,0
3000,4497,3957,0
3000,4497,3958,0
3000,4497,3992,0
3000,4497,3997,0
3000,4497,4005,0
3000,4497,4010,0
3000,4497,4024,0
3000,4497,4049,0
3000,4497,4063,0
3000,4497,4071,0
3000,4497,4096,0
3000,4497,4099,0
3000,4497,4101,0
3000,4497,4148,0
3000,4497,4168,0
3000,4497,4186,0
3000,4497,4201,0
3000,4497,4232,0
3000,4497,4249,0
3000,4497,4262,0
3000,4497,4273,0
3000,4497,4308,0
3000,4497,4321,0
3000,4497,4334,0
3000,4497,4347,0
3000,4497,4355,0
3000,4497,4359,0
3000,4497,4375,0
3000,4497,4386,0
3000,4497,4388,0
3000,4497,4409,0
3000,4497,4415,0
3000,4497,4428,0
3000,4497,4434,0
3000,4497,4451,0
3000,4497,4462,0
3000,4497,4465,0
3000,4497,4480,0
3000,4497,4481,0
3000,4497,4490,0
3000,4497,4506,0
3000,4497,4529,0
3000,4497,4546,0
3000,4497,4548,0
3000,4497,4555,0
3000,4497,4592,0
3000,4497,4626,0
3000,4497,4640,0
3000,4497,4660,0
3000,4497,4664,0
3000,4497,4670,0
3000,4497,4675,0
3000,4497,4687,0
3000,4497,4694,0
3000,4497,4703,0
3000,4497,4758,0
3000,4497,4759,0
3000,4497,4783,0
3000,4497,4801,0
3000,4497,4809,0
3000,4497,4811,0
3000,4497,4853,0
3000,4497,4860,0
3000,4497,4864,0
3000,4497,4865,0
3000,4497,4894,0
3000,4497,4905,0
3000,4497,4915,0
3000,4497,4931,0
3000,4497,4956,0
3000,4497,4959,0
3000,4497,4972,0
3000,4497,4973,0
3000,4497,4979,0
3000,4497,4989,0
3506,3499,115,0
3506,3499,229,0
3506,3499,268,0
3506,3499,423,0
3506,3499,720,0
3506,3499,851,0
3506,3499,1395,0
3506,3499,1428,0
3506,3499,1655,0
3506,3499,1730,0
3506,3499,2305,0
3506,3499,2530,0
3506,3499,2730,0
3506,3499,3370,0
3506,3499,3421,0
3506,3499,3463,0
3506,3499,3941,0
3506,3499,3952,0
3506,3499,4837,0
3506,3499,4945,0
1002,2494,1357,0
1002,2494,1413,0
1002,2494,1481,0
1002,2494,1915,0
1002,2494,2616,0
1002,2494,2619,0
1002,2494,2810,0
1002,2494,2903,0
1002,2494,3061,0
1002,2494,3549,0
1002,2494,4690,0
2517,2993,186,0
2517,2993,397,0
2517,2993,490,0
2517,2993,743,0
2517,2993,768,0
2517,2993,855,0
2517,2993,959,0
2517,2993,1522,0
2517,2993,1535,0
2517,2993,1838,0
2517,2993,1839,0
2517,2993,1869,0
2517,2993,2483,0
2517,2993,2538,0
2517,2993,2821,0
2517,2993,3036,0
2517,2993,3142,0
2517,2993,3268,0
2517,2993,4052,0
2517,2993,4109,0
2517,2993,4251,0
2517,2993,4307,0
2517,2993,4721,0
2517,2993,4965,0
3003,3491,18,0
3003,3491,29,0
3003,3491,30,0
3003,3491,37,0
3003,3491,51,0
3003,3491,80,0
3003,3491,91,0
3003,3491,97,0
3003,3491,111,0
3003,3491,116,0
3003,3491,122,0
3003,3491,230,0
3003,3491,285,0
3003,3491,291,0
3003,3491,306,0
3003,3491,341,0
3003,3491,378,0
3003,3491,398,0
3003,3491,420,0
3003,3491,429,0
3003,3491,436,0
3003,3491,451,0
3003,3491,470,0
3003,3491,482,0
3003,3491,483,0
3003,3491,489,0
3003,3491,497,0
3003,3491,510,0
3003,3491,545,0
3003,3491,595,0
3003,3491,603,0
3003,3491,605,0
3003,3491,619,0
3003,3491,621,0
3003,3491,637,0
3003,3491,640,0
3003,3491,648,0
3003,3491,662,0
3003,3491,684,0
3003,3491,745,0
3003,3491,751,0
3003,3491,761,0
3003,3491,836,0
3003,3491,840,0
3003,3491,846,0
3003,3491,886,0
3003,3491,978,0
3003,3491,988,0
3003,3491,1087,0
3003,3491,1089,0
3003,3491,1106,0
3003,3491,1113,0
3003,3491,1136,0
3003,3491,1141,0
3003,3491,1169,0
3003,3491,1170,0
3003,3491,1182,0
3003,3491,1193,0
3003,3491,1194,0
3003,3491,1213,0
3003,3491,1228,0
3003,3491,1237,0
3003,3491,1238,0
3003,3491,1253,0
3003,3491,1282,0
3003,3491,1349,0
3003,3491,1375,0
3003,3491,1411,0
3003,3491,1423,0
3003,3491,1427,0
3003,3491,1437,0
3003,3491,1444,0
3003,3491,1449,0
3003,3491,1471,0
3003,3491,1480,0
3003,3491,1481,0
3003,3491,1485,0
3003,3491,1494,0
3003,3491,1501,0
3003,3491,1502,0
3003,3491,1504,0
3003,3491,1520,0
3003,3491,1540,0
3003,3491,1547,0
3003,3491,1550,0
3003,3491,1568,0
3003,3491,1580,0
3003,3491,1623,0
3003,3491,1657,0
3003,3491,1662,0
3003,3491,1665,0
3003,3491,1666,0
3003,3491,1707,0
3003,3491,1764,0
3003,3491,1782,0
3003,3491,1790,0
3003,3491,1794,0
3003,3491,1838,0
3003,3491,1857,0
3003,3491,1862,0
3003,3491,1864,0
3003,3491,1867,0
3003,3491,1882,0
3003,3491,1897,0
3003,3491,1905,0
3003,3491,1914,0
3003,3491,1919,0
3003,3491,1949,0
3003,3491,1959,0
3003,3491,1969,0
3003,3491,1977,0
3003,3491,1983,0
3003,3491,1990,0
3003,3491,2025,0
3003,3491,2050,0
3003,3491,2070,0
3003,3491,2121,0
3003,3491,2125,0
3003,3491,2188,0
3003,3491,2196,0
3003,3491,2201,0
3003,3491,2207,0
3003,3491,2210,0
3003,3491,2236,0
3003,3491,2274,0
3003,3491,2279,0
3003,3491,2293,0
3003,3491,2338,0
3003,3491,2362,0
3003,3491,2445,0
3003,3491,2453,0
3003,3491,2454,0
3003,3491,2456,0
3003,3491,2460,0
3003,3491,2528,0
3003,3491,2531,0
3003,3491,2532,0
3003,3491,2552,0
3003,3491,2557,0
3003,3491,2564,0
3003,3491,2570,0
3003,3491,2581,0
3003,3491,2651,0
3003,3491,2686,0
3003,3491,2704,0
3003,3491,2720,0
3003,3491,2725,0
3003,3491,2749,0
3003,3491,2765,0
3003,3491,2782,0
3003,3491,2783,0
3003,3491,2790,0
3003,3491,2799,0
3003,3491,2865,0
3003,3491,2884,0
3003,3491,2886,0
3003,3491,2966,0
3003,3491,3011,0
3003,3491,3012,0
3003,3491,3016,0
3003,3491,3021,0
3003,3491,3023,0
3003,3491,3034,0
3003,3491,3059,0
3003,3491,3136,0
3003,3491,3167,0
3003,3491,3175,0
3003,3491,3180,0
3003,3491,3186,0
3003,3491,3208,0
3003,3491,3219,0
3003,3491,3226,0
3003,3491,3273,0
3003,3491,3316,0
3003,3491,3319,0
3003,3491,3330,0
3003,3491,3331,0
3003,3491,3337,0
3003,3491,3360,0
3003,3491,3398,0
3003,3491,3401,0
3003,3491,3404,0
3003,3491,3430,0
3003,3491,3452,0
3003,3491,3466,0
3003,3491,3529,0
3003,3491,3537,0
3003,3491,3557,0
3003,3491,3580,0
3003,3491,3587,0
3003,3491,3620,0
3003,3491,3621,0
3003,3491,3656,0
3003,3491,3674,0
3003,3491,3718,0
3003,3491,3770,0
3003,3491,3774,0
3003,3491,3784,0
3003,3491,3785,0
3003,3491,3798,0
3003,3491,3806,0
3003,3491,3866,0
3003,3491,3907,0
3003,3491,3911,0
3003,3491,3926,0
3003,3491,3941,0
3003,3491,3947,0
3003,3491,3973,0
3003,3491,3992,0
3003,3491,4020,0
3003,3491,4032,0
3003,3491,4045,0
3003,3491,4072,0
3003,3491,4148,0
3003,3491,4175,0
3003,3491,4179,0
3003,3491,4189,0
3003,3491,4209,0
3003,3491,4218,0
3003,3491,4231,0
3003,3491,4248,0
3003,3491,4262,0
3003,3491,4280,0
3003,3491,4298,0
3003,3491,4303,0
3003,3491,4312,0
3003,3491,4314,0
3003,3491,4334,0
3003,3491,4341,0
3003,3491,4342,0
3003,3491,4358,0
3003,3491,4359,0
3003,3491,4371,0
3003,3491,4376,0
3003,3491,4379,0
3003,3491,4386,0
3003,3491,4413,0
3003,3491,4417,0
3003,3491,4439,0
3003,3491,4443,0
3003,3491,4454,0
3003,3491,4479,0
3003,3491,4510,0
3003,3491,4522,0
3003,3491,4532,0
3003,3491,4549,0
3003,3491,4577,0
3003,3491,4584,0
3003,3491,4593,0
3003,3491,4629,0
3003,3491,4630,0
3003,3491,4637,0
3003,3491,4714,0
3003,3491,4725,0
3003,3491,4767,0
3003,3491,4818,0
3003,3491,4834,0
3003,3491,4839,0
3003,3491,4850,0
3003,3491,4859,0
3003,3491,4866,0
3003,3491,4872,0
3003,3491,4908,0
3003,3491,4929,0
3003,3491,4932,0
3003,3491,4941,0
3003,3491,4954,0
3003,3491,4961,0
3003,3491,4975,0
3003,3491,4995,0
3003,3491,4998,0
1008,1487,375,0
1008,1487,794,0
1008,1487,828,0
1008,1487,844,0
1008,1487,862,0
1008,1487,871,0
1008,1487,885,0
1008,1487,1171,0
1008,1487,1217,0
1008,1487,1321,0
1008,1487,1400,0
1008,1487,1489,0
1008,1487,1531,0
1008,1487,1734,0
1008,1487,1737,0
1008,1487,1814,0
1008,1487,1855,0
1008,1487,1914,0
1008,1487,1981,0
1008,1487,2049,0
1008,1487,2089,0
1008,1487,2137,0
1008,1487,2210,0
1008,1487,2370,0
1008,1487,2927,0
1008,1487,3143,0
1008,1487,3251,0
1008,1487,3295,0
1008,1487,3343,0
1008,1487,3512,0
1008,1487,3670,0
1008,1487,3688,0
1008,1487,3704,0
1008,1487,3782,0
1008,1487,4063,0
1008,1487,4104,0
1008,1487,4161,0
1008,1487,4376,0
1008,1487,4693,0
1008,1487,4750,0
1008,1487,4807,0
1008,1487,4899,0
1008,1487,4963,0
4501,3498,64,0
4501,3498,83,0
4501,3498,117,0
4501,3498,123,0
4501,3498,134,0
4501,3498,203,0
4501,3498,207,0
4501,3498,220,0
4501,3498,240,0
4501,3498,276,0
4501,3498,316,0
4501,3498,321,0
4501,3498,329,0
4501,3498,334,0
4501,3498,339,0
4501,3498,348,0
4501,3498,357,0
4501,3498,366,0
4501,3498,374,0
4501,3498,379,0
4501,3498,396,0
4501,3498,419,0
4501,3498,432,0
4501,3498,439,0
4501,3498,458,0
4501,3498,469,0
4501,3498,472,0
4501,3498,480,0
4501,3498,503,0
4501,3498,522,0
4501,3498,539,0
4501,3498,544,0
4501,3498,550,0
4501,3498,564,0
4501,3498,565,0
4501,3498,634,0
4501,3498,651,0
4501,3498,653,0
4501,3498,663,0
4501,3498,722,0
4501,3498,777,0
4501,3498,779,0
4501,3498,831,0
4501,3498,881,0
4501,3498,901,0
4501,3498,905,0
4501,3498,908,0
4501,3498,910,0
4501,3498,912,0
4501,3498,948,0
4501,3498,954,0
4501,3498,977,0
4501,3498,999,0
4501,3498,1002,0
4501,3498,1004,0
4501,3498,1023,0
4501,3498,1034,0
4501,3498,1043,0
4501,3498,1048,0
4501,3498,1077,0
4501,3498,1085,0
4501,3498,1114,0
4501,3498,1117,0
4501,3498,1118,0
4501,3498,1163,0
4501,3498,1186,0
4501,3498,1200,0
4501,3498,1203,0
4501,3498,1216,0
4501,3498,1230,0
4501,3498,1238,0
4501,3498,1280,0
4501,3498,1299,0
4501,3498,1308,0
4501,3498,1340,0
4501,3498,1350,0
4501,3498,1364,0
4501,3498,1366,0
4501,3498,1367,0
4501,3498,1373,0
4501,3498,1379,0
4501,3498,1392,0
4501,3498,1456,0
4501,3498,1459,0
4501,3498,1471,0
4501,3498,1488,0
4501,3498,1507,0
4501,3498,1514,0
4501,3498,1535,0
4501,3498,1548,0
4501,3498,1555,0
4501,3498,1563,0
4501,3498,1616,0
4501,3498,1656,0
4501,3498,1657,0
4501,3498,1667,0
4501,3498,1681,0
4501,3498,1706,0
4501,3498,1722,0
4501,3498,1734,0
4501,3498,1745,0
4501,3498,1748,0
4501,3498,1752,0
4501,3498,1766,0
4501,3498,1791,0
4501,3498,1795,0
4501,3498,1821,0
4501,3498,1838,0
4501,3498,1872,0
4501,3498,1880,0
4501,3498,1899,0
4501,3498,1909,0
4501,3498,1911,0
4501,3498,1915,0
4501,3498,1920,0
4501,3498,1943,0
4501,3498,1944,0
4501,3498,1951,0
4501,3498,1978,0
4501,3498,1979,0
4501,3498,2008,0
4501,3498,2014,0
4501,3498,2015,0
4501,3498,2033,0
4501,3498,2042,0
4501,3498,2045,0
4501,3498,2066,0
4501,3498,2076,0
4501,3498,2085,0
4501,3498,2095,0
4501,3498,2107,0
4501,3498,2109,0
4501,3498,2116,0
4501,3498,2132,0
4501,3498,2145,0
4501,3498,2166,0
4501,3498,2185,0
4501,3498,2213,0
4501,3498,2219,0
4501,3498,2279,0
4501,3498,2299,0
4501,3498,2308,0
4501,3498,2315,0
4501,3498,2321,0
4501,3498,2332,0
4501,3498,2347,0
4501,3498,2374,0
4501,3498,2401,0
4501,3498,2408,0
4501,3498,2433,0
4501,3498,2441,0
4501,3498,2461,0
4501,3498,2462,0
4501,3498,2476,0
4501,3498,2480,0
4501,3498,2501,0
4501,3498,2522,0
4501,3498,2535,0
4501,3498,2551,0
4501,3498,2565,0
4501,3498,2578,0
4501,3498,2615,0
4501,3498,2621,0
4501,3498,2655,0
4501,3498,2684,0
4501,3498,2717,0
4501,3498,2726,0
4501,3498,2731,0
4501,3498,2739,0
4501,3498,2762,0
4501,3498,2857,0
4501,3498,2861,0
4501,3498,2864,0
4501,3498,2868,0
4501,3498,2887,0
4501,3498,2904,0
4501,3498,2932,0
4501,3498,2939,0
4501,3498,2942,0
4501,3498,2950,0
4501,3498,2989,0
4501,3498,3029,0
4501,3498,3057,0
4501,3498,3064,0
4501,3498,3102,0
4501,3498,3117,0
4501,3498,3129,0
4501,3498,3153,0
4501,3498,3157,0
4501,3498,3163,0
4501,3498,3164,0
4501,3498,3186,0
4501,3498,3195,0
4501,3498,3196,0
4501,3498,3201,0
4501,3498,3202,0
4501,3498,3223,0
4501,3498,3233,0
4501,3498,3251,0
4501,3498,3278,0
4501,3498,3305,0
4501,3498,3314,0
4501,3498,3316,0
4501,3498,3332,0
4501,3498,3340,0
4501,3498,3364,0
4501,3498,3365,0
4501,3498,3449,0
4501,3498,3466,0
4501,3498,3470,0
4501,3498,3522,0
4501,3498,3549,0
4501,3498,3583,0
4501,3498,3588,0
4501,3498,3604,0
4501,3498,3617,0
4501,3498,3642,0
4501,3498,3643,0
4501,3498,3645,0
4501,3498,3690,0
4501,3498,3691,0
4501,3498,3699,0
4501,3498,3733,0
4501,3498,3787,0
4501,3498,3788,0
4501,3498,3796,0
4501,3498,3805,0
4501,3498,3870,0
4501,3498,3875,0
4501,3498,3895,0
4501,3498,3898,0
4501,3498,3914,0
4501,3498,3921,0
4501,3498,3931,0
4501,3498,3954,0
4501,3498,3977,0
4501,3498,3991,0
4501,3498,4067,0
4501,3498,4133,0
4501,3498,4136,0
4501,3498,4137,0
4501,3498,4139,0
4501,3498,4170,0
4501,3498,4215,0
4501,3498,4259,0
4501,3498,4263,0
4501,3498,4274,0
4501,3498,4288,0
4501,3498,4308,0
4501,3498,4320,0
4501,3498,4346,0
4501,3498,4348,0
4501,3498,4353,0
4501,3498,4359,0
4501,3498,4363,0
4501,3498,4410,0
4501,3498,4429,0
4501,3498,4439,0
4501,3498,4440,0
4501,3498,4448,0
4501,3498,4461,0
4501,3498,4464,0
4501,3498,4495,0
4501,3498,4496,0
4501,3498,4498,0
4501,3498,4501,0
4501,3498,4514,0
4501,3498,4556,0
4501,3498,4560,0
4501,3498,4565,0
4501,3498,4570,0
4501,3498,4573,0
4501,3498,4577,0
4501,3498,4601,0
4501,3498,4603,0
4501,3498,4608,0
4501,3498,4611,0
4501,3498,4614,0
4501,3498,4646,0
4501,3498,4672,0
4501,3498,4679,0
4501,3498,4703,0
4501,3498,4723,0
4501,3498,4786,0
4501,3498,4787,0
4501,3498,4788,0
4501,3498,4814,0
4501,3498,4819,0
4501,3498,4859,0
4501,3498,4867,0
4501,3498,4872,0
4501,3498,4892,0
4501,3498,4896,0
4501,3498,4913,0
4501,3498,4919,0
4501,3498,4927,0
4501,3498,4931,0
4501,3498,4936,0
4501,3498,4972,0
4501,3498,4986,0
4501,3498,4999,0
3011,3487,205,0
3011,3487,306,0
3011,3487,470,0
3011,3487,486,0
3011,3487,1059,0
3011,3487,1193,0
3011,3487,1224,0
3011,3487,1257,0
3011,3487,1357,0
3011,3487,1399,0
3011,3487,1403,0
3011,3487,1720,0
3011,3487,1767,0
3011,3487,1862,0
3011,3487,1924,0
3011,3487,2016,0
3011,3487,2030,0
3011,3487,2052,0
3011,3487,2071,0
3011,3487,2104,0
3011,3487,2395,0
3011,3487,2605,0
3011,3487,2693,0
3011,3487,2699,0
3011,3487,2703,0
3011,3487,2748,0
3011,3487,2929,0
3011,3487,3053,0
3011,3487,3164,0
3011,3487,4048,0
3011,3487,4401,0
3011,3487,4715,0
3011,3487,4894,0
3011,3487,4983,0
2501,4499,3,0
2501,4499,5,0
2501,4499,17,0
2501,4499,18,0
2501,4499,28,0
2501,4499,29,0
2501,4499,35,0
2501,4499,46,0
2501,4499,53,0
2501,4499,64,0
2501,4499,70,0
2501,4499,77,0
2501,4499,99,0
2501,4499,109,0
2501,4499,115,0
2501,4499,116,0
2501,4499,130,0
2501,4499,133,0
2501,4499,143,0
2501,4499,152,0
2501,4499,154,0
2501,4499,162,0
2501,4499,172,0
2501,4499,174,0
2501,4499,175,0
2501,4499,188,0
2501,4499,193,0
2501,4499,199,0
2501,4499,207,0
2501,4499,210,0
2501,4499,226,0
2501,4499,235,0
2501,4499,240,0
2501,4499,242,0
2501,4499,246,0
2501,4499,259,0
2501,4499,261,0
2501,4499,265,0
2501,4499,266,0
2501,4499,274,0
2501,4499,311,0
2501,4499,323,0
2501,4499,328,0
2501,4499,339,0
2501,4499,344,0
2501,4499,354,0
2501,4499,365,0
2501,4499,367,0
2501,4499,368,0
2501,4499,372,0
2501,4499,374,0
2501,4499,375,0
2501,4499,379,0
2501,4499,397,0
2501,4499,398,0
2501,4499,405,0
2501,4499,408,0
2501,4499,436,0
2501,4499,444,0
2501,4499,445,0
2501,4499,452,0
2501,4499,469,0
2501,4499,482,0
2501,4499,486,0
2501,4499,488,0
2501,4499,504,0
2501,4499,506,0
2501,4499,508,0
2501,4499,524,0
2501,4499,534,0
2501,4499,537,0
2501,4499,541,0
2501,4499,545,0
2501,4499,546,0
2501,4499,551,0
2501,4499,558,0
2501,4499,560,0
2501,4499,571,0
2501,4499,574,0
2501,4499,584,0
2501,4499,600,0
2501,4499,612,0
2501,4499,618,0
2501,4499,635,0
2501,4499,645,0
2501,4499,648,0
2501,4499,667,0
2501,4499,671,0
2501,4499,675,0
2501,4499,680,0
2501,4499,683,0
2501,4499,692,0
2501,4499,697,0
2501,4499,703,0
2501,4499,707,0
2501,4499,709,0
2501,4499,722,0
2501,4499,729,0
2501,4499,731,0
2501,4499,748,0
2501,4499,772,0
2501,4499,776,0
2501,4499,779,0
2501,4499,781,0
2501,4499,792,0
2501,4499,814,0
2501,4499,816,0
2501,4499,817,0
2501,4499,820,0
2501,4499,831,0
2501,4499,838,0
2501,4499,844,0
2501,4499,852,0
2501,4499,891,0
2501,4499,902,0
2501,4499,903,0
2501,4499,909,0
2501,4499,919,0
2501,4499,927,0
2501,4499,928,0
2501,4499,935,0
2501,4499,937,0
2501,4499,948,0
2501,4499,955,0
2501,4499,963,0
2501,4499,964,0
2501,4499,965,0
2501,4499,968,0
2501,4499,975,0
2501,4499,982,0
2501,4499,990,0
2501,4499,997,0
2501,4499,998,0
2501,4499,1028,0
2501,4499,1030,0
2501,4499,1041,0
2501,4499,1057,0
2501,4499,1075,0
2501,4499,1079,0
2501,4499,1081,0
2501,4499,1083,0
2501,4499,1096,0
2501,4499,1130,0
2501,4499,1131,0
2501,4499,1132,0
2501,4499,1137,0
2501,4499,1143,0
2501,4499,1160,0
2501,4499,1181,0
2501,4499,1204,0
2501,4499,1212,0
2501,4499,1215,0
2501,4499,1221,0
2501,4499,1226,0
2501,4499,1231,0
2501,4499,1246,0
2501,4499,1249,0
2501,4499,1255,0
2501,4499,1262,0
2501,4499,1285,0
2501,4499,1294,0
2501,4499,1295,0
2501,4499,1306,0
2501,4499,1313,0
2501,4499,1321,0
2501,4499,1330,0
2501,4499,1336,0
2501,4499,1338,0
2501,4499,1342,0
2501,4499,1366,0
2501,4499,1367,0
2501,4499,1370,0
2501,4499,1377,0
2501,4499,1378,0
2501,4499,1379,0
2501,4499,1386,0
2501,4499,1399,0
2501,4499,1420,0
2501,4499,1423,0
2501,4499,1424,0
2501,4499,1430,0
2501,4499,1435,0
2501,4499,1437,0
2501,4499,1451,0
2501,4499,1460,0
2501,4499,1464,0
2501,4499,1477,0
2501,4499,1480,0
2501,4499,1491,0
2501,4499,1492,0
2501,4499,1506,0
2501,4499,1519,0
2501,4499,1525,0
2501,4499,1526,0
2501,4499,1532,0
2501,4499,1533,0
2501,4499,1541,0
2501,4499,1556,0
2501,4499,1560,0
2501,4499,1566,0
2501,4499,1607,0
2501,4499,1609,0
2501,4499,1624,0
2501,4499,1632,0
2501,4499,1638,0
2501,4499,1641,0
2501,4499,1642,0
2501,4499,1651,0
2501,4499,1653,0
2501,4499,1664,0
2501,4499,1681,0
2501,4499,1686,0
2501,4499,1687,0
2501,4499,1690,0
2501,4499,1691,0
2501,4499,1692,0
2501,4499,1700,0
2501,4499,1712,0
2501,4499,1714,0
2501,4499,1716,0
2501,4499,1717,0
2501,4499,1728,0
2501,4499,1730,0
2501,4499,1740,0
2501,4499,1752,0
2501,4499,1763,0
2501,4499,1777,0
2501,4499,1790,0
2501,4499,1803,0
2501,4499,1804,0
2501,4499,1808,0
2501,4499,1833,0
2501,4499,1838,0
2501,4499,1840,0
2501,4499,1847,0
2501,4499,1854,0
2501,4499,1858,0
2501,4499,1861,0
2501,4499,1870,0
2501,4499,1875,0
2501,4499,1895,0
2501,4499,1906,0
2501,4499,1910,0
2501,4499,1913,0
2501,4499,1916,0
2501,4499,1928,0
2501,4499,1940,0
2501,4499,1944,0
2501,4499,1951,0
2501,4499,1961,0
2501,4499,1963,0
2501,4499,1985,0
2501,4499,1987,0
2501,4499,1988,0
2501,4499,1989,0
2501,4499,2003,0
2501,4499,2016,0
2501,4499,2029,0
2501,4499,2030,0
2501,4499,2034,0
2501,4499,2058,0
2501,4499,2063,0
2501,4499,2064,0
2501,4499,2079,0
2501,4499,2082,0
2501,4499,2084,0
2501,4499,2103,0
2501,4499,2114,0
2501,4499,2116,0
2501,4499,2124,0
2501,4499,2133,0
2501,4499,2147,0
2501,4499,2166,0
2501,4499,2171,0
2501,4499,2176,0
2501,4499,2178,0
2501,4499,2184,0
2501,4499,2185,0
2501,4499,2203,0
2501,4499,2210,0
2501,4499,2222,0
2501,4499,2230,0
2501,4499,2236,0
2501,4499,2244,0
2501,4499,2247,0
2501,4499,2258,0
2501,4499,2260,0
2501,4499,2261,0
2501,4499,2266,0
2501,4499,2270,0
2501,4499,2277,0
2501,4499,2299,0
2501,4499,2305,0
2501,4499,2312,0
2501,4499,2322,0
2501,4499,2339,0
2501,4499,2340,0
2501,4499,2341,0
2501,4499,2342,0
2501,4499,2352,0
2501,4499,2356,0
2501,4499,2365,0
2501,4499,2367,0
2501,4499,2380,0
2501,4499,2388,0
2501,4499,2393,0
2501,4499,2395,0
2501,4499,2399,0
2501,4499,2406,0
2501,4499,2407,0
2501,4499,2412,0
2501,4499,2424,0
2501,4499,2425,0
2501,4499,2439,0
2501,4499,2441,0
2501,4499,2443,0
2501,4499,2444,0
2501,4499,2451,0
2501,4499,2457,0
2501,4499,2470,0
2501,4499,2473,0
2501,4499,2478,0
2501,4499,2497,0
2501,4499,2502,0
2501,4499,2549,0
2501,4499,2564,0
2501,4499,2567,0
2501,4499,2573,0
2501,4499,2576,0
2501,4499,2597,0
2501,4499,2612,0
2501,4499,2617,0
2501,4499,2620,0
2501,4499,2626,0
2501,4499,2634,0
2501,4499,2640,0
2501,4499,2650,0
2501,4499,2651,0
2501,4499,2663,0
2501,4499,2669,0
2501,4499,2677,0
2501,4499,2686,0
2501,4499,2689,0
2501,4499,2691,0
2501,4499,2693,0
2501,4499,2696,0
2501,4499,2697,0
2501,4499,2699,0
2501,4499,2720,0
2501,4499,2725,0
2501,4499,2727,0
2501,4499,2732,0
2501,4499,2735,0
2501,4499,2745,0
2501,4499,2748,0
2501,4499,2754,0
2501,4499,2763,0
2501,4499,2765,0
2501,4499,2770,0
2501,4499,2771,0
2501,4499,2795,0
2501,4499,2797,0
2501,4499,2804,0
2501,4499,2813,0
2501,4499,2825,0
2501,4499,2827,0
2501,4499,2833,0
2501,4499,2834,0
2501,4499,2845,0
2501,4499,2852,0
2501,4499,2875,0
2501,4499,2890,0
2501,4499,2895,0
2501,4499,2896,0
2501,4499,2897,0
2501,4499,2902,0
2501,4499,2915,0
2501,4499,2920,0
2501,4499,2936,0
2501,4499,2951,0
2501,4499,2952,0
2501,4499,2956,0
2501,4499,2961,0
2501,4499,2965,0
2501,4499,2976,0
2501,4499,2981,0
2501,4499,2993,0
2501,4499,2997,0
2501,4499,3003,0
2501,4499,3005,0
2501,4499,3029,0
2501,4499,3037,0
2501,4499,3056,0
2501,4499,3057,0
2501,4499,3060,0
2501,4499,3083,0
2501,4499,3087,0
2501,4499,3091,0
2501,4499,3109,0
2501,4499,3110,0
2501,4499,3112,0
2501,4499,3125,0
2501,4499,3153,0
2501,4499,3166,0
2501,4499,3167,0
2501,4499,3175,0
2501,4499,3191,0
2501,4499,3206,0
2501,4499,3214,0
2501,4499,3219,0
2501,4499,3228,0
2501,4499,3251,0
2501,4499,3254,0
2501,4499,3255,0
2501,4499,3258,0
2501,4499,3270,0
2501,4499,3271,0
2501,4499,3273,0
2501,4499,3278,0
2501,4499,3285,0
2501,4499,3296,0
2501,4499,3297,0
2501,4499,3300,0
2501,4499,3308,0
2501,4499,3328,0
2501,4499,3338,0
2501,4499,3356,0
2501,4499,3359,0
2501,4499,3372,0
2501,4499,3376,0
2501,4499,3380,0
2501,4499,3400,0
2501,4499,3409,0
2501,4499,3411,0
2501,4499,3427,0
2501,4499,3433,0
2501,4499,3441,0
2501,4499,3447,0
2501,4499,3454,0
2501,4499,3456,0
2501,4499,3460,0
2501,4499,3468,0
2501,4499,3472,0
2501,4499,3476,0
2501,4499,3481,0
2501,4499,3482,0
2501,4499,3484,0
2501,4499,3495,0
2501,4499,3496,0
2501,4499,3499,0
2501,4499,3509,0
2501,4499,3510,0
2501,4499,3541,0
2501,4499,3555,0
2501,4499,3561,0
2501,4499,3567,0
2501,4499,3569,0
2501,4499,3570,0
2501,4499,3573,0
2501,4499,3580,0
2501,4499,3591,0
2501,4499,3592,0
2501,4499,3593,0
2501,4499,3598,0
2501,4499,3606,0
2501,4499,3624,0
2501,4499,3646,0
2501,4499,3670,0
2501,4499,3671,0
2501,4499,3680,0
2501,4499,3681,0
2501,4499,3683,0
2501,4499,3693,0
2501,4499,3712,0
2501,4499,3721,0
2501,4499,3727,0
2501,4499,3737,0
2501,4499,3738,0
2501,4499,3755,0
2501,4499,3758,0
2501,4499,3760,0
2501,4499,3777,0
2501,4499,3817,0
2501,4499,3824,0
2501,4499,3830,0
2501,4499,3845,0
2501,4499,3848,0
2501,4499,3852,0
2501,4499,3859,0
2501,4499,3866,0
2501,4499,3873,0
2501,4499,3878,0
2501,4499,3888,0
2501,4499,3890,0
2501,4499,3898,0
2501,4499,3907,0
2501,4499,3915,0
2501,4499,3921,0
2501,4499,3943,0
2501,4499,3945,0
2501,4499,3955,0
2501,4499,3958,0
2501,4499,3960,0
2501,4499,3967,0
2501,4499,3978,0
2501,4499,3983,0
2501,4499,4000,0
2501,4499,4002,0
2501,4499,4011,0
2501,4499,4026,0
2501,4499,4051,0
2501,4499,4052,0
2501,4499,4070,0
2501,4499,4074,0
2501,4499,4084,0
2501,4499,4094,0
2501,4499,4100,0
2501,4499,4115,0
2501,4499,4126,0
2501,4499,4138,0
2501,4499,4146,0
2501,4499,4147,0
2501,4499,4169,0
2501,4499,4177,0
2501,4499,4186,0
2501,4499,4195,0
2501,4499,4204,0
2501,4499,4210,0
2501,4499,4211,0
2501,4499,4216,0
2501,4499,4218,0
2501,4499,4223,0
2501,4499,4225,0
2501,4499,4247,0
2501,4499,4253,0
2501,4499,4256,0
2501,4499,4264,0
2501,4499,4268,0
2501,4499,4270,0
2501,4499,4276,0
2501,4499,4281,0
2501,4499,4288,0
2501,4499,4318,0
2501,4499,4327,0
2501,4499,4348,0
2501,4499,4351,0
2501,4499,4352,0
2501,4499,4355,0
2501,4499,4365,0
2501,4499,4382,0
2501,4499,4383,0
2501,4499,4390,0
2501,4499,4394,0
2501,4499,4408,0
2501,4499,4417,0
2501,4499,4454,0
2501,4499,4455,0
2501,4499,4472,0
2501,4499,4475,0
2501,4499,4482,0
2501,4499,4488,0
2501,4499,4489,0
2501,4499,4493,0
2501,4499,4495,0
2501,4499,4507,0
2501,4499,4515,0
2501,4499,4523,0
2501,4499,4530,0
2501,4499,4533,0
2501,4499,4540,0
2501,4499,4556,0
2501,4499,4559,0
2501,4499,4602,0
2501,4499,4607,0
2501,4499,4619,0
2501,4499,4646,0
2501,4499,4652,0
2501,4499,4657,0
2501,4499,4659,0
2501,4499,4661,0
2501,4499,4667,0
2501,4499,4672,0
2501,4499,4679,0
2501,4499,4686,0
2501,4499,4692,0
2501,4499,4695,0
2501,4499,4700,0
2501,4499,4704,0
2501,4499,4708,0
2501,4499,4712,0
2501,4499,4728,0
2501,4499,4754,0
2501,4499,4769,0
2501,4499,4780,0
2501,4499,4783,0
2501,4499,4788,0
2501,4499,4796,0
2501,4499,4806,0
2501,4499,4810,0
2501,4499,4813,0
2501,4499,4816,0
2501,4499,4823,0
2501,4499,4833,0
2501,4499,4849,0
2501,4499,4854,0
2501,4499,4861,0
2501,4499,4868,0
2501,4499,4873,0
2501,4499,4880,0
2501,4499,4893,0
2501,4499,4898,0
2501,4499,4903,0
2501,4499,4905,0
2501,4499,4917,0
2501,4499,4945,0
2501,4499,4946,0
2501,4499,4948,0
2501,4499,4958,0
2501,4499,4959,0
2501,4499,4966,0
2501,4499,4968,0
2501,4499,4982,0
2501,4499,4983,0
2501,4499,4997,0
2000,2481,3771,1
2000,2481,603,1
2000,2481,1353,1
2000,2481,1917,1
2000,2481,1570,1
2000,2481,2739,1
2504,1998,3145,1
2504,1998,3446,1
2504,1998,2733,1
2504,1998,2462,1
4502,4988,2490,1
4502,4988,1798,1
4502,4988,4863,1
4502,4988,4418,1
4502,4988,1300,1
4502,4988,4163,1
4502,4988,3993,1
4502,4988,3051,1
4502,4988,2372,1
4502,4988,3132,1
4502,4988,2451,1
4502,4988,2529,1
4502,4988,4642,1
4502,4988,1499,1
4502,4988,871,1
4502,4988,1765,1
4502,4988,1830,1
4502,4988,4895,1
4502,4988,380,1
4006,4481,4212,1
1003,3495,1922,1
3502,1494,4599,1
1005,1486,4481,1
1005,1486,1907,1
1005,1486,1243,1
1005,1486,1010,1
1005,1486,3570,1
1005,1486,2790,1
2504,2991,302,1
2504,2991,886,1
2504,2991,165,1
2504,2991,1816,1
2504,2991,2891,1
2504,2991,627,1
2504,2991,4273,1
2504,2991,54,1
2504,2991,489,1
2504,2991,556,1
2504,2991,1519,1
2504,2991,2514,1
2504,2991,3110,1
2504,2991,3001,1
2504,2991,2384,1
2504,2991,1884,1
2504,2991,3750,1
2504,2991,277,1
2504,2991,327,1
2504,2991,400,1
2504,2991,693,1
2504,2991,1357,1
2502,996,3517,1
2502,996,2447,1
2502,996,1032,1
3001,2498,276,1
3001,2498,2256,1
3001,2498,4267,1
3001,2498,1221,1
3001,2498,1570,1
3001,2498,4342,1
3001,2498,1699,1
3001,2498,2602,1
3001,2498,3276,1
3001,2498,1006,1
3001,2498,3667,1
3001,2498,1914,1
3001,2498,4405,1
3001,2498,952,1
3001,2498,4816,1
3001,2498,4884,1
3001,2498,1764,1
3001,2498,2437,1
3001,2498,1448,1
3001,2498,2120,1
3001,2498,1069,1
3001,2498,3801,1
3001,2498,4569,1
3001,2498,200,1
3001,2498,297,1
3001,2498,339,1
3001,2498,4669,1
3001,2498,129,1
3001,2498,255,1
3001,2498,2235,1
3001,2498,2276,1
3001,2498,605,1
3001,2498,2481,1
3003,996,3271,1
2500,4994,1117,1
2500,4994,393,1
2500,4994,4604,1
3000,2999,2042,1
3000,2999,1969,1
3000,2999,2986,1
3000,2999,2895,1
3000,2999,263,1
3000,2999,1445,1
3000,2999,3237,1
3000,2999,502,1
3000,2999,3370,1
3000,2999,1710,1
3000,2999,1766,1
3000,2999,2018,1
3000,2999,2701,1
3000,2999,4214,1
3000,2999,688,1
3000,2999,1163,1
3000,2999,2485,1
3000,2999,4864,1
3000,2999,478,1
3000,2999,518,1
3000,2999,2416,1
3000,2999,3025,1
3000,2999,3166,1
3000,2999,4377,1
3000,2999,4765,1
3000,2999,147,1
3000,2999,201,1
3000,2999,1586,1
3000,2999,1799,1
3000,2999,4360,1
3000,2999,4485,1
3000,2999,4509,1
3000,2999,4695,1
3000,2999,4849,1
3000,2999,295,1
3000,2999,308,1
3000,2999,1000,1
3000,2999,1241,1
3000,2999,1514,1
3000,2999,3087,1
3000,2999,3421,1
3000,2999,3441,1
3000,2999,3818,1
3000,2999,4420,1
3000,2999,835,1
3000,2999,856,1
3000,2999,1296,1
3000,2999,2048,1
3000,2999,2168,1
3000,2999,3141,1
3000,2999,3287,1
3000,2999,3319,1
3000,2999,3583,1
3000,2999,3957,1
3000,2999,4599,1
3000,2999,64,1
3000,2999,768,1
3000,2999,1089,1
3000,2999,1665,1
3000,2999,1963,1
3000,2999,1974,1
3000,2999,2036,1
3000,2999,2565,1
3000,2999,2637,1
3000,2999,2687,1
3000,2999,2900,1
3000,2999,2950,1
3000,2999,2980,1
3000,2999,2991,1
3000,2999,4336,1
3000,2999,4654,1
3000,2999,12,1
3000,2999,83,1
3000,2999,258,1
3000,2999,268,1
3000,2999,664,1
3000,2999,726,1
3000,2999,749,1
3000,2999,949,1
3000,2999,1121,1
3000,2999,1311,1
3000,2999,1377,1
3000,2999,1440,1
3000,2999,1450,1
3000,2999,1526,1
3000,2999,1548,1
3000,2999,1648,1
3000,2999,2004,1
3000,2999,2254,1
3000,2999,2292,1
3000,2999,2442,1
3000,2999,2859,1
3000,2999,2890,1
3000,2999,3242,1
3000,2999,3681,1
3000,2999,3778,1
3000,2999,4194,1
3000,2999,4902,1
3000,2999,126,1
3000,2999,443,1
3000,2999,497,1
3000,2999,506,1
3000,2999,735,1
3000,2999,932,1
3000,2999,1489,1
3000,2999,1563,1
3000,2999,1613,1
3000,2999,1686,1
3000,2999,1714,1
3000,2999,1770,1
3000,2999,1783,1
3000,2999,2022,1
3000,2999,2087,1
3000,2999,2115,1
3000,2999,2404,1
3000,2999,2705,1
3000,2999,2758,1
3000,2999,3232,1
3000,2999,3302,1
3000,2999,3365,1
3000,2999,3374,1
3000,2999,3454,1
3000,2999,3603,1
3000,2999,3617,1
3000,2999,3707,1
3000,2999,3967,1
3000,2999,4061,1
3000,2999,4218,1
3000,2999,4262,1
2005,997,4649,1
2009,2486,3461,1
2009,2486,1843,1
503,978,2882,1
1011,1496,3039,1
1011,1496,4459,1
1011,1496,2107,1
1011,1496,635,1
1011,1496,3822,1
1011,1496,863,1
1011,1496,2618,1
1011,1496,2778,1
1011,1496,3272,1
1011,1496,1339,1
1011,1496,237,1
1011,1496,2235,1
1011,1496,3082,1
1011,1496,2996,1
4006,498,3556,1
4507,2999,1032,1
3000,4497,327,1
3000,4497,1506,1
3000,4497,152,1
3000,4497,2150,1
3000,4497,2984,1
3000,4497,3929,1
3000,4497,4730,1
3000,4497,1177,1
3000,4497,1868,1
3000,4497,301,1
3000,4497,352,1
3000,4497,3649,1
3000,4497,3760,1
3000,4497,4124,1
3000,4497,714,1
3000,4497,3342,1
3000,4497,1483,1
3000,4497,1528,1
3000,4497,3387,1
3000,4497,1226,1
3000,4497,1763,1
3000,4497,2504,1
3000,4497,4832,1
3000,4497,2312,1
3000,4497,1973,1
3000,4497,3430,1
3000,4497,1333,1
3000,4497,2099,1
3000,4497,2705,1
3000,4497,596,1
3000,4497,892,1
3506,3499,4394,1
3506,3499,3050,1
1002,2494,4119,1
2517,2993,3660,1
2517,2993,2176,1
3003,3491,176,1
3003,3491,1037,1
3003,3491,932,1
3003,3491,2403,1
3003,3491,2926,1
3003,3491,3097,1
3003,3491,4675,1
3003,3491,4110,1
3003,3491,798,1
3003,3491,2616,1
3003,3491,2494,1
3003,3491,1315,1
3003,3491,2832,1
3003,3491,2156,1
3003,3491,3497,1
3003,3491,714,1
3003,3491,3836,1
3003,3491,1735,1
3003,3491,257,1
3003,3491,149,1
3003,3491,203,1
3003,3491,3744,1
3003,3491,2095,1
3003,3491,4792,1
3003,3491,570,1
3003,3491,1062,1
3003,3491,1012,1
1008,1487,2648,1
1008,1487,584,1
1008,1487,4534,1
1008,1487,1028,1
4501,3498,2809,1
4501,3498,3407,1
4501,3498,4029,1
4501,3498,168,1
4501,3498,599,1
4501,3498,4100,1
4501,3498,3837,1
4501,3498,1424,1
4501,3498,4754,1
4501,3498,2249,1
4501,3498,692,1
4501,3498,749,1
4501,3498,3760,1
4501,3498,1589,1
4501,3498,805,1
4501,3498,3496,1
4501,3498,856,1
4501,3498,2833,1
4501,3498,2785,1
4501,3498,4386,1
4501,3498,1140,1
4501,3498,3667,1
4501,3498,4192,1
4501,3498,4237,1
4501,3498,1259,1
4501,3498,3386,1
4501,3498,3428,1
4501,3498,4535,1
4501,3498,296,1
4501,3498,1636,1
3011,3487,3606,1
3011,3487,772,1
3011,3487,3385,1
2501,4499,2525,1
2501,4499,4580,1
2501,4499,1586,1
2501,4499,3797,1
2501,4499,871,1
2501,4499,292,1
2501,4499,4435,1
2501,4499,1113,1
2501,4499,3525,1
2501,4499,1013,1
2501,4499,4303,1
2501,4499,422,1
2501,4499,3139,1
2501,4499,4931,1
2501,4499,4632,1
2501,4499,4741,1
2501,4499,1820,1
2501,4499,4038,1
2501,4499,760,1
2501,4499,1354,1
2501,4499,2046,1
2501,4499,2537,1
2501,4499,2783,1
2501,4499,3017,1
2501,4499,3658,1
2501,4499,1192,1
2501,4499,1273,1
2501,4499,2513,1
2501,4499,2863,1
2501,4499,3071,1
2501,4499,3239,1
2501,4499,88,1
2501,4499,803,1
2501,4499,1974,1
2501,4499,2288,1
2501,4499,3635,1
2501,4499,3932,1
2501,4499,4158,1
2501,4499,4236,1
2501,4499,4591,1
2501,4499,1170,1
2501,4499,1409,1
2501,4499,1596,1
2501,4499,2586,1
2501,4499,2709,1
2501,4499,4337,1
2501,4499,4569,1
2501,4499,881,1
2501,4499,1576,1
2501,4499,1885,1
2501,4499,3318,1
2501,4499,3390,1
2501,4499,3787,1
2501,4499,3807,1
2501,4499,301,1
2501,4499,657,1
2501,4499,861,1
2501,4499,2093,1
2501,4499,2156,1
2501,4499,2487,1
2501,4499,3046,1
2501,4499,3702,1
