0,0
0,1
0,2
0,3
0,4
0,5
0,6
0,8
0,49
0,71
0,140
0,143
0,163
0,169
0,204
0,207
0,269
0,309
0,408
0,419
0,422
0,502
0,535
0,569
0,606
0,824
0,831
0,875
0,880
0,887
0,890
0,915
0,916
0,937
0,939
0,945
0,957
0,1065
0,1078
0,1152
0,1204
0,1215
0,1227
0,1235
0,1241
0,1268
0,1273
0,1277
0,1282
0,1283
0,1284
0,1313
0,1316
0,1320
0,1332
0,1333
0,1873
0,1992
0,3138
0,3302
0,3347
0,3348
0,3379
0,3381
0,3416
0,3468
0,4001
0,4080
0,4250
0,4281
0,4298
0,4318
0,5306
0,5357
0,5369
0,5432
0,5494
0,5554
0,5904
0,6515
0,7173
1,0
1,1
1,2
1,3
1,6
1,8
1,49
1,143
1,163
1,169
1,269
1,408
1,420
1,422
1,502
1,1273
1,1277
1,1283
1,1284
1,1306
1,3201
1,3245
1,3255
1,3316
1,3443
1,4298
2,0
2,1
2,2
2,3
2,4
2,7
2,8
2,49
2,140
2,207
2,269
2,419
2,420
2,502
2,1028
2,1282
2,1319
2,1320
2,1333
2,2339
2,3302
2,3308
2,3379
2,3416
2,3427
2,4530
2,5274
2,5414
2,5867
2,6352
2,6515
3,0
3,1
3,2
3,3
3,8
3,49
3,140
3,143
3,163
3,169
3,204
3,207
3,269
3,324
3,408
3,419
3,420
3,422
3,502
3,535
3,569
3,606
3,804
3,814
3,1273
3,1278
3,1282
3,1313
3,1320
3,1332
3,1333
3,1750
3,1759
3,1873
3,1991
3,2014
3,3177
3,3347
3,3357
3,3365
3,3371
3,6010
3,6515
4,4
4,5
5,2
5,5
5,6
6,0
6,4
6,6
7,1
8,0
8,1
8,2
8,3
8,8
8,169
8,204
8,880
8,1282
8,1750
8,4065
8,7177
9,9
9,135
9,5139
10,10
10,13
10,47
11,10
11,11
11,4109
11,5049
12,12
12,21
12,4386
13,9
13,13
13,47
13,5049
14,14
14,15
14,44
14,4223
15,14
15,15
15,16
15,4208
16,16
16,18
16,23
16,4557
17,11
17,17
17,19
17,5295
18,18
18,74
18,4040
19,17
19,19
19,3937
19,5139
20,20
20,84
20,106
20,4972
21,14
21,21
21,133
21,4357
22,22
22,44
22,4302
22,5256
23,22
23,23
23,4288
24,24
24,25
24,3455
25,25
25,88
25,3462
26,26
26,83
26,3570
27,28
27,3393
27,3458
27,3464
28,28
28,37
28,3470
29,29
29,107
29,3470
30,30
30,115
30,5400
31,30
31,31
31,5428
32,31
32,32
32,117
33,34
33,5391
33,5541
33,5671
34,34
34,35
34,115
34,5497
35,32
35,35
35,5481
36,36
36,38
36,41
37,36
37,37
37,3361
38,38
38,40
38,3383
39,33
39,39
39,5702
40,24
40,41
40,3345
40,3380
41,41
41,42
41,3361
41,3570
42,42
42,101
43,18
43,43
43,4064
44,17
44,43
44,44
44,4223
45,0
45,45
45,3818
45,4001
45,4065
45,4080
45,4298
45,4645
45,5046
45,5111
45,5160
45,5204
45,5227
45,5274
47,43
47,47
47,138
48,48
48,49
48,1315
49,0
49,3
49,49
49,51
49,81
49,606
49,1302
49,1313
49,1316
49,3177
49,3201
49,3245
49,3302
49,3347
49,3359
49,6352
49,6357
49,7162
49,7177
50,50
50,71
50,557
51,50
51,51
51,2007
52,52
52,53
52,2009
53,53
53,69
53,623
53,1935
54,24
54,54
54,3435
55,55
55,79
55,3222
56,55
56,56
56,3122
56,3156
57,56
57,57
57,62
57,3156
58,57
58,58
58,4156
59,58
59,59
59,1344
60,59
60,60
60,65
61,60
61,61
61,3122
62,61
62,62
62,1489
62,1701
63,62
63,63
63,1648
64,63
64,64
64,4156
65,64
65,65
65,1604
65,1697
66,65
66,310
66,1390
66,1648
67,66
67,67
67,71
68,27
68,68
68,1807
69,65
69,68
69,69
69,70
70,52
70,68
70,70
70,1774
71,70
71,71
71,241
71,1960
72,72
72,119
72,2438
73,73
73,310
73,2755
73,4243
74,72
74,74
74,75
75,75
75,76
75,2398
75,2698
76,76
76,77
76,80
76,2698
77,77
77,78
77,242
78,72
78,78
78,242
79,79
79,80
79,1697
79,3222
80,73
80,80
80,310
81,81
81,118
81,3186
81,3515
82,26
82,101
82,1332
82,3310
83,83
83,143
83,3321
84,84
84,85
84,4931
85,85
85,86
85,108
86,86
86,105
86,4886
87,82
87,87
87,88
87,3247
88,87
88,88
88,3393
88,3478
89,89
89,90
89,5372
90,90
90,91
90,95
91,91
91,92
91,5333
92,92
92,93
92,3861
93,93
93,94
93,375
94,94
94,95
94,3603
95,95
95,96
95,3620
95,5329
96,96
96,97
96,3615
96,4886
97,97
97,98
97,3542
98,98
98,99
98,3509
99,99
99,100
99,3488
99,3515
100,29
100,100
100,3462
101,82
101,101
101,102
101,3356
102,102
102,103
102,3350
102,3356
103,103
103,104
103,3393
104,104
104,116
104,3321
105,105
105,106
105,4832
106,106
106,129
106,4745
107,107
107,108
107,4683
108,109
108,4767
108,4908
108,5672
109,109
109,110
109,114
109,4803
110,110
110,111
110,3897
111,33
111,111
111,112
112,112
112,113
112,5629
113,113
113,114
113,5579
114,39
114,114
114,5672
115,19
115,115
115,5391
116,116
116,117
116,5543
117,54
117,375
117,5463
117,5520
118,89
118,93
118,118
118,5533
119,119
119,120
119,2101
119,2351
120,120
120,121
120,2398
121,121
121,122
121,126
121,2308
122,122
122,123
122,2232
122,2561
123,123
123,124
123,128
123,2166
124,124
124,125
124,2119
125,119
125,125
125,126
125,130
126,126
126,127
126,4114
127,127
127,128
127,4595
128,67
128,128
128,4586
129,129
129,130
129,4507
129,4618
130,130
130,131
130,2101
130,4507
131,131
131,132
131,4447
131,4482
132,129
132,132
132,133
132,4447
133,133
133,134
133,4176
133,4557
134,12
134,134
134,4243
134,4357
135,133
135,135
135,136
135,5106
136,11
136,136
136,137
137,98
137,137
137,138
137,5176
138,20
138,4745
138,4908
138,4989
139,2
140,0
140,2
140,3
140,140
140,1273
140,1328
140,1992
140,6515
143,0
143,1
143,2
143,3
143,143
143,169
143,1273
143,1282
163,0
163,1
163,2
163,3
163,8
163,163
163,169
163,549
168,0
169,0
169,2
169,3
169,169
169,419
169,569
169,1282
169,1320
204,0
204,3
204,8
204,204
204,535
204,915
204,1992
204,3881
207,0
207,3
207,140
207,207
207,1328
241,45
241,241
241,309
241,804
241,2024
241,2342
241,2349
241,2498
241,2553
241,2611
241,2701
241,3127
241,3138
242,76
242,242
242,4114
269,0
269,1
269,3
269,269
269,422
269,1333
309,48
309,309
309,897
309,1310
309,1338
309,1570
309,2266
309,2339
309,2342
309,2611
309,2666
309,2701
309,3121
309,3127
309,3366
310,120
310,309
310,310
310,2650
310,2849
324,324
324,1328
324,1657
373,373
373,3466
373,3474
373,3495
373,3503
373,3551
373,3571
373,3601
373,3842
373,5306
373,5330
373,5358
373,5369
373,5469
375,117
375,375
375,3509
408,0
408,1
408,2
408,3
408,163
408,269
408,408
408,1333
419,0
419,2
419,3
419,169
419,408
419,419
420,2
420,3
420,140
420,535
420,569
420,726
420,2014
420,3418
422,0
422,2
422,3
422,8
422,143
422,169
422,422
422,535
502,1
502,2
502,3
502,140
502,207
502,502
502,1284
502,6515
535,0
535,3
535,163
535,373
535,420
535,535
535,549
535,606
535,678
535,804
535,964
535,1277
535,1749
535,1750
535,1873
535,1991
535,2014
535,3177
535,3316
535,3427
549,0
549,3
549,8
549,535
549,549
549,569
549,606
549,678
549,726
549,805
549,814
549,822
549,831
549,1083
549,1873
549,1992
549,2014
557,53
557,557
569,3
569,549
569,569
569,606
569,678
569,726
569,804
569,805
569,814
569,824
569,831
569,849
569,850
569,972
569,1301
569,1338
569,1347
606,0
606,3
606,49
606,420
606,535
606,549
606,606
606,678
606,726
606,805
606,814
606,822
606,875
606,1750
606,1759
606,1873
606,1991
606,2014
606,3177
606,3365
606,3503
623,623
623,735
647,647
647,2009
678,549
678,569
678,606
678,678
678,726
678,804
678,805
678,831
678,850
678,927
678,1055
700,700
700,791
726,535
726,569
726,606
726,678
726,726
726,804
726,805
726,814
726,849
726,850
726,964
726,1593
726,2014
726,3468
735,700
735,735
791,51
791,791
791,1995
804,3
804,569
804,678
804,726
804,804
804,805
804,814
804,822
804,824
804,831
804,849
804,850
804,964
804,1116
804,2339
804,3364
805,3
805,535
805,549
805,569
805,606
805,726
805,804
805,805
805,814
805,822
805,824
805,849
805,850
805,875
805,972
805,1264
805,1302
814,3
814,549
814,569
814,606
814,726
814,804
814,805
814,814
814,822
814,824
814,831
814,849
814,850
814,887
814,1021
814,2014
822,0
822,549
822,678
822,726
822,804
822,805
822,822
822,824
822,831
822,849
822,850
822,875
822,883
822,888
822,964
822,993
822,2131
822,3121
824,0
824,549
824,726
824,805
824,814
824,822
824,824
824,831
824,849
824,850
824,875
824,890
824,930
824,957
824,1201
831,549
831,569
831,804
831,805
831,814
831,822
831,824
831,831
831,849
831,850
831,875
831,957
831,972
831,1109
849,0
849,569
849,678
849,726
849,804
849,805
849,814
849,822
849,824
849,831
849,849
849,850
849,888
849,955
849,957
849,964
849,1302
849,5867
850,0
850,569
850,678
850,726
850,804
850,805
850,822
850,824
850,831
850,849
850,850
850,883
850,942
850,955
850,972
850,1759
875,606
875,804
875,822
875,824
875,831
875,849
875,875
875,883
875,888
875,890
875,949
875,955
875,964
875,972
875,1301
878,878
878,880
878,882
878,886
878,887
878,888
878,901
878,903
878,913
878,915
878,942
878,945
878,957
878,1001
878,1009
878,1011
878,1749
880,0
880,878
880,880
880,882
880,888
880,901
880,903
880,911
880,916
880,942
880,945
880,949
880,957
880,1001
880,1009
880,1011
880,1071
882,878
882,880
882,882
882,886
882,887
882,901
882,928
882,949
882,957
882,993
882,1001
882,1009
882,1011
882,1192
883,849
883,850
883,875
883,878
883,883
883,886
883,887
883,888
883,890
883,949
883,957
883,993
883,1152
883,3121
886,0
886,875
886,878
886,880
886,882
886,883
886,886
886,887
886,888
886,897
886,918
886,942
886,945
886,957
886,1001
886,1184
886,2701
887,880
887,882
887,886
887,887
887,913
887,942
887,945
887,949
887,964
887,972
887,993
887,1011
888,805
888,875
888,878
888,880
888,883
888,887
888,888
888,890
888,957
888,964
888,972
888,3127
890,824
890,850
890,883
890,887
890,888
890,890
890,942
890,949
890,955
890,957
890,972
897,882
897,886
897,897
897,901
897,903
897,911
897,913
897,915
897,916
897,918
897,1009
897,1011
897,1099
897,3986
901,204
901,878
901,882
901,897
901,901
901,903
901,911
901,913
901,915
901,916
901,918
901,1001
901,1011
901,1068
901,1259
901,2553
903,897
903,901
903,903
903,911
903,913
903,915
903,928
903,1011
903,1209
911,878
911,897
911,901
911,903
911,911
911,913
911,915
911,930
911,939
911,1214
913,897
913,901
913,903
913,911
913,913
913,915
913,918
913,927
913,928
913,930
913,934
913,1001
915,0
915,878
915,897
915,901
915,911
915,913
915,915
915,916
915,918
915,928
915,937
915,1009
915,1011
915,1083
916,0
916,897
916,901
916,903
916,913
916,915
916,916
916,918
916,930
916,934
916,937
916,939
916,1009
916,1011
916,1028
916,1099
916,1184
916,3347
916,3381
918,897
918,901
918,903
918,911
918,913
918,915
918,916
918,918
918,927
918,928
918,939
918,1011
918,1071
918,1074
918,1099
918,3127
922,1197
927,916
927,918
927,927
927,928
927,930
927,934
927,937
927,939
927,1065
927,1068
927,1074
927,1083
928,911
928,915
928,916
928,918
928,927
928,928
928,930
928,937
928,939
928,1042
928,1059
928,1065
928,1068
928,1071
928,1079
928,1099
930,824
930,897
930,911
930,916
930,918
930,927
930,928
930,930
930,934
930,937
930,1068
930,1074
930,1099
930,7156
934,0
934,897
934,915
934,927
934,928
934,930
934,934
934,937
934,939
934,993
934,1065
934,1068
934,1071
934,1078
934,1099
934,5900
937,0
937,928
937,930
937,934
937,937
937,939
937,1036
937,1050
937,1065
937,1068
937,1071
937,1078
937,1079
937,1083
937,1099
939,0
939,915
939,918
939,927
939,928
939,934
939,937
939,939
939,1065
939,1068
939,1071
939,1074
939,1078
939,1079
939,1099
939,1208
942,880
942,882
942,886
942,887
942,888
942,911
942,918
942,942
942,945
942,972
942,993
942,1001
942,1009
942,1011
945,0
945,875
945,880
945,882
945,886
945,887
945,916
945,942
945,945
945,993
945,1001
945,1011
945,1071
949,824
949,878
949,880
949,882
949,883
949,887
949,888
949,890
949,942
949,945
949,949
949,957
949,972
949,993
955,0
955,824
955,875
955,882
955,883
955,888
955,890
955,945
955,955
955,964
957,849
957,875
957,878
957,883
957,886
957,888
957,949
957,957
957,972
957,993
957,1001
964,822
964,831
964,850
964,875
964,880
964,883
964,886
964,888
964,890
964,945
964,955
964,957
964,964
964,972
964,1592
972,549
972,804
972,824
972,850
972,875
972,890
972,949
972,964
972,972
993,0
993,878
993,880
993,882
993,886
993,887
993,939
993,942
993,949
993,955
993,964
993,993
993,1001
1001,882
1001,886
1001,888
1001,897
1001,911
1001,913
1001,915
1001,942
1001,993
1001,1001
1001,1009
1001,1011
1001,1197
1009,878
1009,880
1009,897
1009,901
1009,915
1009,916
1009,918
1009,930
1009,942
1009,945
1009,949
1009,1001
1009,1009
1009,1011
1009,1209
1009,7149
1011,878
1011,897
1011,901
1011,903
1011,913
1011,916
1011,918
1011,993
1011,1001
1011,1009
1011,1011
1021,814
1021,1021
1021,1028
1021,1035
1021,1039
1021,1053
1021,1055
1021,1057
1021,1059
1021,1105
1021,1108
1021,1259
1028,916
1028,1021
1028,1028
1028,1035
1028,1036
1028,1039
1028,1050
1028,1053
1028,1108
1028,1109
1028,1113
1028,1116
1035,903
1035,1028
1035,1035
1035,1036
1035,1039
1035,1042
1035,1050
1035,1053
1035,1057
1035,1065
1035,1079
1035,1083
1035,1105
1036,937
1036,1009
1036,1021
1036,1035
1036,1036
1036,1042
1036,1050
1036,1053
1036,1057
1036,1059
1036,1083
1039,1021
1039,1028
1039,1035
1039,1039
1039,1042
1039,1050
1039,1057
1039,1059
1039,1074
1039,1083
1039,1109
1039,1113
1039,1116
1039,1117
1042,1036
1042,1039
1042,1042
1042,1050
1042,1053
1042,1057
1042,1059
1042,1065
1042,1074
1042,1078
1042,1083
1042,7150
1050,1021
1050,1028
1050,1035
1050,1039
1050,1042
1050,1050
1050,1057
1050,1059
1050,1074
1050,1083
1050,1109
1050,1113
1050,7150
1053,1028
1053,1035
1053,1053
1053,1055
1053,1057
1053,1105
1053,1108
1053,1109
1053,1113
1053,1116
1053,1117
1055,1028
1055,1039
1055,1053
1055,1055
1055,1105
1055,1108
1055,1109
1055,1113
1055,1116
1055,1122
1055,1128
1055,1131
1055,1184
1057,1036
1057,1042
1057,1050
1057,1053
1057,1057
1057,1059
1057,1074
1057,1079
1057,1083
1057,1109
1059,1035
1059,1036
1059,1039
1059,1042
1059,1053
1059,1055
1059,1057
1059,1059
1059,1065
1059,1083
1059,3986
1065,0
1065,927
1065,928
1065,939
1065,1065
1065,1068
1065,1071
1065,1074
1065,1078
1065,1079
1065,1099
1065,1759
1068,916
1068,927
1068,928
1068,930
1068,937
1068,939
1068,1035
1068,1042
1068,1068
1068,1071
1068,1074
1068,1079
1068,1083
1068,1099
1068,5889
1071,927
1071,928
1071,930
1071,937
1071,1065
1071,1068
1071,1071
1071,1074
1071,1078
1071,1079
1071,1083
1071,1099
1071,7148
1074,939
1074,1035
1074,1039
1074,1050
1074,1057
1074,1059
1074,1065
1074,1068
1074,1071
1074,1074
1074,1078
1074,1079
1074,1083
1074,1099
1074,1257
1078,0
1078,927
1078,928
1078,934
1078,939
1078,1065
1078,1074
1078,1078
1078,1079
1078,1083
1079,927
1079,930
1079,934
1079,939
1079,1028
1079,1035
1079,1036
1079,1039
1079,1053
1079,1059
1079,1065
1079,1068
1079,1074
1079,1078
1079,1079
1079,1083
1079,1099
1083,0
1083,934
1083,937
1083,939
1083,1021
1083,1035
1083,1036
1083,1039
1083,1042
1083,1050
1083,1057
1083,1059
1083,1068
1083,1074
1083,1078
1083,1083
1083,2014
1099,927
1099,928
1099,930
1099,934
1099,937
1099,939
1099,1039
1099,1068
1099,1071
1099,1078
1099,1079
1099,1099
1099,7157
1105,1028
1105,1105
1105,1108
1105,1109
1105,1113
1105,1116
1105,1117
1105,1122
1105,1128
1105,1138
1105,1152
1105,1170
1105,1279
1108,1021
1108,1028
1108,1039
1108,1053
1108,1055
1108,1108
1108,1109
1108,1113
1108,1116
1108,1122
1108,1264
1108,2701
1108,3127
1109,1050
1109,1053
1109,1055
1109,1105
1109,1108
1109,1109
1109,1113
1109,1116
1109,1117
1109,1122
1109,1128
1109,1136
1109,1138
1113,1021
1113,1028
1113,1039
1113,1055
1113,1108
1113,1109
1113,1113
1113,1116
1113,1117
1113,1128
1113,1131
1113,1138
1113,1170
1116,1028
1116,1042
1116,1053
1116,1055
1116,1105
1116,1109
1116,1113
1116,1116
1116,1117
1116,1128
1116,1136
1116,1138
1117,1021
1117,1028
1117,1053
1117,1105
1117,1108
1117,1113
1117,1116
1117,1117
1117,1122
1117,1128
1117,1131
1117,1184
1117,1191
1117,1259
1117,7152
1122,1053
1122,1055
1122,1105
1122,1113
1122,1116
1122,1117
1122,1122
1122,1128
1122,1136
1122,1138
1122,1170
1122,1184
1122,1279
1122,7153
1128,1028
1128,1105
1128,1108
1128,1109
1128,1116
1128,1117
1128,1122
1128,1128
1128,1131
1128,1136
1128,1138
1128,1152
1128,1184
1128,7150
1128,7155
1131,849
1131,1105
1131,1108
1131,1117
1131,1131
1131,1136
1131,1138
1131,1152
1131,1170
1131,1184
1131,1201
1131,1264
1131,1277
1131,1279
1131,1935
1131,7148
1136,1055
1136,1116
1136,1122
1136,1128
1136,1131
1136,1136
1136,1138
1136,1152
1136,1170
1136,1184
1136,1192
1136,1201
1136,1279
1136,7148
1136,7150
1136,7164
1138,1105
1138,1109
1138,1113
1138,1122
1138,1128
1138,1131
1138,1136
1138,1138
1138,1170
1138,1276
1138,1277
1138,1279
1152,1131
1152,1136
1152,1138
1152,1152
1152,1170
1152,1201
1152,1276
1152,1277
1152,1279
1152,7151
1170,897
1170,1105
1170,1113
1170,1122
1170,1128
1170,1131
1170,1138
1170,1152
1170,1170
1170,1184
1170,1201
1170,1259
1170,1264
1170,1276
1170,1279
1170,7149
1184,0
1184,1131
1184,1136
1184,1152
1184,1170
1184,1184
1184,1201
1184,1259
1184,1276
1184,1279
1184,7148
1184,7150
1184,7163
1191,1105
1191,1191
1191,1234
1191,1271
1191,7149
1191,7150
1191,7151
1191,7152
1191,7163
1191,7164
1191,7165
1192,1191
1192,1192
1192,1193
1192,1201
1192,1275
1192,7148
1192,7149
1192,7150
1192,7151
1192,7152
1192,7163
1192,7164
1192,7165
1193,1192
1193,1201
1193,1275
1193,5886
1193,5900
1193,7149
1193,7150
1193,7151
1193,7152
1193,7153
1193,7163
1193,7164
1196,0
1196,1196
1196,1198
1196,1200
1196,1205
1196,1220
1196,1221
1196,1252
1196,5900
1196,5904
1196,7158
1196,7171
1196,7172
1196,7173
1197,1197
1197,1202
1197,1204
1197,1208
1197,1209
1197,1215
1197,1218
1197,1220
1197,1265
1197,1267
1197,5896
1197,5904
1197,7153
1197,7155
1197,7156
1197,7157
1197,7171
1198,1196
1198,1200
1198,1213
1198,1221
1198,1232
1198,7172
1200,1196
1200,1198
1200,1200
1200,1213
1200,1214
1200,1217
1200,5900
1200,5904
1200,7157
1200,7165
1200,7171
1200,7172
1201,824
1201,957
1201,1131
1201,1192
1201,1201
1201,1259
1201,1264
1201,1275
1201,1276
1201,1277
1201,1279
1201,7148
1201,7150
1201,7151
1201,7163
1202,204
1202,1197
1202,1204
1202,5890
1202,5898
1202,5903
1202,7157
1202,7171
1202,7173
1204,1202
1204,1204
1204,1212
1204,1220
1204,5893
1204,5898
1204,5900
1204,6359
1204,7156
1204,7157
1204,7165
1204,7171
1205,1212
1205,1214
1205,1227
1205,1232
1205,1233
1205,1248
1205,5889
1206,1196
1206,1197
1206,1200
1206,1208
1206,1209
1206,1265
1206,5900
1206,5911
1208,1197
1208,1204
1208,1206
1208,1208
1208,1209
1208,1265
1208,1267
1208,5900
1208,7133
1208,7158
1208,7164
1209,922
1209,1197
1209,1202
1209,1206
1209,1208
1209,1209
1209,1269
1209,5891
1209,5893
1209,5898
1209,7155
1209,7156
1209,7157
1209,7167
1209,7168
1209,7169
1209,7170
1209,7171
1211,1211
1211,1212
1211,1220
1211,1232
1211,1233
1211,5896
1211,7132
1211,7158
1211,7159
1212,928
1212,937
1212,1205
1212,1211
1212,1212
1212,1214
1212,1217
1212,1223
1212,1224
1212,1229
1212,1232
1212,1233
1212,5886
1212,5896
1212,7132
1212,7133
1212,7158
1212,7173
1212,7176
1213,1198
1213,1209
1213,1213
1213,1214
1213,1220
1213,1223
1213,1229
1213,5896
1213,6358
1213,7157
1213,7158
1213,7169
1213,7171
1214,1196
1214,1197
1214,1200
1214,1212
1214,1213
1214,1214
1214,1215
1214,1220
1214,1226
1214,1229
1214,1232
1214,5888
1214,6358
1214,7157
1214,7158
1214,7160
1214,7172
1214,7173
1215,0
1215,1211
1215,1217
1215,1218
1215,1220
1215,5888
1217,1212
1217,1215
1217,1217
1217,1218
1217,1220
1217,1232
1217,1244
1217,5896
1217,5904
1217,6360
1217,7157
1217,7171
1217,7173
1218,0
1218,1212
1218,1215
1218,1217
1218,1220
1218,1234
1218,5903
1218,7157
1219,1219
1219,1222
1219,1237
1219,1240
1219,1241
1219,1257
1219,5880
1219,5883
1219,7159
1219,7160
1219,7162
1220,1197
1220,1204
1220,1211
1220,1214
1220,1215
1220,1217
1220,1218
1220,1220
1220,1221
1220,5896
1220,5903
1220,5904
1220,6358
1220,7132
1220,7157
1220,7158
1220,7171
1220,7172
1220,7173
1221,0
1221,1196
1221,1198
1221,1214
1221,1220
1221,5903
1221,5904
1221,7171
1221,7173
1222,1213
1222,1221
1222,1222
1222,1223
1222,1226
1222,1241
1222,1244
1222,5911
1222,7132
1222,7133
1223,1209
1223,1212
1223,1213
1223,1222
1223,1223
1223,1224
1223,1226
1223,1227
1223,1232
1223,5889
1223,7133
1223,7159
1223,7171
1223,7173
1224,1214
1224,1223
1224,1226
1224,1227
1224,1244
1226,1222
1226,1223
1226,1224
1226,1226
1226,1229
1226,7133
1226,7173
1227,0
1227,1205
1227,1223
1227,1224
1227,1229
1227,7133
1229,1212
1229,1226
1229,1227
1229,1229
1229,1232
1229,1237
1229,1241
1229,1265
1229,5886
1229,6358
1230,1230
1230,1233
1230,1237
1230,1249
1230,1252
1230,1253
1230,7160
1230,7175
1230,7176
1232,1205
1232,1211
1232,1212
1232,1214
1232,1220
1232,1223
1232,1229
1232,1232
1232,1233
1232,1240
1232,7133
1232,7158
1232,7172
1232,7173
1233,1205
1233,1211
1233,1212
1233,7173
1234,1218
1234,1234
1234,1235
1234,1238
1234,1240
1234,1241
1234,1252
1234,1257
1234,1258
1234,5909
1234,7160
1234,7176
1234,7177
1235,1234
1235,1237
1235,1238
1235,1252
1235,1258
1235,1347
1235,5912
1235,7169
1237,1219
1237,1226
1237,1234
1237,1237
1237,1241
1237,1252
1237,1257
1237,1258
1237,1306
1237,5873
1237,5880
1237,5883
1237,5886
1237,5889
1237,5890
1237,5909
1237,5912
1237,7132
1237,7133
1237,7159
1237,7174
1237,7177
1238,1234
1238,1235
1238,1240
1238,5872
1238,7168
1238,7176
1240,1215
1240,1234
1240,1238
1240,1240
1240,1257
1240,5872
1240,5873
1240,5908
1240,7152
1240,7160
1240,7174
1241,1219
1241,1222
1241,1237
1241,5880
1241,7132
1241,7159
1241,7174
1244,0
1244,1213
1244,1222
1244,1224
1244,5889
1244,7133
1244,7159
1246,49
1246,1248
1246,1302
1246,7162
1246,7175
1246,7176
1246,7177
1248,1246
1248,1248
1248,1249
1248,1302
1248,1313
1248,1316
1248,7161
1248,7162
1248,7174
1248,7175
1248,7176
1249,1219
1249,1234
1249,1240
1249,1248
1249,1249
1249,1250
1249,1252
1249,1253
1249,1257
1249,1302
1249,1313
1249,5909
1249,7150
1249,7159
1249,7160
1249,7161
1249,7162
1249,7175
1249,7176
1249,7177
1250,1206
1250,1248
1250,1249
1250,1252
1250,1253
1250,1258
1250,4826
1250,7161
1250,7175
1250,7176
1250,7177
1252,1230
1252,1235
1252,1249
1252,1250
1252,1252
1252,1257
1252,1270
1252,7160
1252,7161
1252,7175
1253,1230
1253,1234
1253,1249
1253,1250
1253,7160
1253,7162
1253,7175
1257,1215
1257,1241
1257,1249
1257,1257
1257,1302
1257,5873
1257,5880
1257,5883
1257,5908
1257,5909
1257,5912
1257,7132
1257,7159
1257,7160
1257,7161
1257,7174
1257,7175
1257,7176
1258,1214
1258,1234
1258,1235
1258,1237
1258,5908
1258,5912
1259,1021
1259,1152
1259,1170
1259,1184
1259,1201
1259,1259
1259,1264
1259,1276
1259,1277
1259,6010
1259,7150
1259,7163
1259,7167
1264,831
1264,1108
1264,1138
1264,1184
1264,1201
1264,1259
1264,1264
1264,1276
1264,1277
1264,1279
1264,1301
1264,7148
1264,7150
1264,7152
1264,7163
1264,7164
1265,1206
1265,1208
1265,1229
1265,1267
1265,7168
1265,7170
1267,1197
1267,1208
1267,1265
1267,1267
1267,7156
1267,7162
1267,7168
1267,7170
1267,7171
1267,7172
1268,824
1268,1201
1268,1268
1268,1269
1268,5893
1268,5911
1268,6359
1268,7155
1268,7156
1268,7167
1268,7169
1269,1209
1269,1217
1269,1269
1269,1270
1269,5888
1269,5891
1269,5893
1269,5904
1269,6360
1269,7149
1269,7153
1269,7154
1269,7155
1269,7156
1269,7165
1269,7166
1269,7167
1269,7168
1269,7169
1269,7170
1270,1209
1270,1268
1270,1269
1270,1270
1270,5891
1270,5893
1270,5900
1270,6360
1270,7153
1270,7154
1270,7155
1270,7166
1270,7169
1270,7170
1271,1191
1271,1241
1271,7149
1271,7153
1271,7163
1271,7164
1271,7165
1273,0
1273,1
1273,2
1273,3
1273,140
1273,502
1273,1273
1275,1192
1275,1193
1275,1201
1275,1219
1275,1264
1275,1275
1275,1276
1275,7148
1275,7150
1275,7151
1275,7152
1275,7163
1275,7165
1275,7166
1276,1131
1276,1136
1276,1138
1276,1184
1276,1201
1276,1259
1276,1264
1276,1275
1276,1276
1276,1277
1276,1279
1276,6357
1276,7148
1276,7150
1276,7163
1276,7167
1277,1
1277,535
1277,1131
1277,1138
1277,1170
1277,1184
1277,1201
1277,1259
1277,1264
1277,1276
1277,1277
1277,1279
1277,3436
1277,3449
1277,7148
1277,7153
1277,7163
1278,2
1279,0
1279,1105
1279,1122
1279,1131
1279,1136
1279,1138
1279,1170
1279,1184
1279,1201
1279,1264
1279,1276
1279,1277
1279,1279
1279,7148
1279,7150
1282,0
1282,2
1282,3
1282,143
1282,169
1282,1282
1282,1313
1282,3365
1283,0
1283,3
1283,422
1283,1283
1283,1284
1284,0
1284,3
1284,143
1284,1283
1284,1284
1301,49
1301,1249
1301,1264
1301,1301
1301,1302
1301,1306
1301,1310
1301,1313
1301,1316
1301,1319
1301,1592
1301,3177
1301,3357
1301,3979
1301,5867
1301,5908
1301,6357
1301,7162
1302,49
1302,805
1302,1241
1302,1301
1302,1302
1302,1306
1302,1313
1302,1316
1302,1319
1302,2091
1302,3177
1302,3245
1302,3371
1302,5867
1302,6357
1302,7161
1302,7174
1302,7177
1306,1
1306,1302
1306,1319
1306,3449
1310,1059
1310,1310
1310,1338
1310,1347
1310,1452
1310,1526
1310,1570
1310,1592
1310,1593
1310,1618
1310,2666
1310,2701
1310,3121
1310,3127
1310,3138
1310,3986
1310,4195
1313,0
1313,3
1313,8
1313,49
1313,1246
1313,1301
1313,1302
1313,1313
1313,1315
1313,1316
1313,1319
1313,1332
1313,3177
1313,3201
1313,3255
1313,3359
1313,5867
1313,6010
1313,6352
1313,7162
1315,1315
1315,1316
1315,3273
1316,0
1316,2
1316,3
1316,49
1316,1301
1316,1302
1316,1313
1316,1316
1316,1319
1316,3177
1316,3201
1316,3357
1316,3371
1316,5330
1316,7162
1319,2
1319,49
1319,1248
1319,1301
1319,1302
1319,1306
1319,1316
1319,1319
1319,3177
1319,3201
1319,3245
1319,3302
1319,3316
1319,5867
1319,6010
1319,7161
1319,7162
1319,7176
1319,7177
1320,0
1320,3
1320,422
1320,1320
1328,140
1328,207
1328,1273
1332,0
1332,3
1332,1313
1332,1332
1332,2024
1333,0
1333,1
1333,2
1333,3
1333,408
1333,1333
1338,309
1338,897
1338,1302
1338,1310
1338,1338
1338,1347
1338,1452
1338,1526
1338,1570
1338,1592
1338,1593
1338,1618
1338,1749
1338,2349
1338,2666
1338,2701
1338,3138
1338,3986
1344,58
1344,1344
1347,309
1347,886
1347,890
1347,1338
1347,1347
1347,1452
1347,1526
1347,1570
1347,1592
1347,1593
1347,1657
1347,3121
1347,3138
1390,60
1390,66
1390,1390
1408,59
1408,1408
1452,2
1452,3
1452,1347
1452,1452
1452,1526
1452,1570
1452,1592
1452,1593
1452,1618
1452,1657
1452,1749
1452,1759
1452,2014
1452,2701
1452,3127
1452,3138
1452,3986
1489,62
1489,1489
1526,726
1526,805
1526,955
1526,1310
1526,1338
1526,1347
1526,1452
1526,1526
1526,1570
1526,1592
1526,1593
1526,1618
1526,1657
1526,1749
1526,2014
1526,3349
1570,309
1570,822
1570,972
1570,1338
1570,1347
1570,1452
1570,1526
1570,1570
1570,1592
1570,1593
1570,1657
1570,1749
1570,1750
1570,3121
1570,3127
1570,3138
1570,3370
1575,61
1575,1575
1592,549
1592,569
1592,1347
1592,1452
1592,1526
1592,1570
1592,1592
1592,1593
1592,1657
1592,1749
1592,1750
1592,1759
1592,1992
1592,2666
1592,3986
1593,1338
1593,1347
1593,1452
1593,1526
1593,1570
1593,1592
1593,1593
1593,1618
1593,1657
1593,1749
1593,1873
1593,1991
1593,2498
1593,3986
1604,66
1604,1604
1618,0
1618,1310
1618,1452
1618,1526
1618,1592
1618,1593
1618,1618
1618,1657
1618,1749
1618,2014
1618,3121
1648,66
1648,1390
1648,1648
1657,606
1657,888
1657,1310
1657,1338
1657,1526
1657,1592
1657,1593
1657,1618
1657,1657
1657,1749
1657,1750
1657,1759
1657,2014
1657,2701
1657,4574
1674,1674
1674,1774
1674,1960
1697,64
1697,1575
1697,1697
1701,63
1701,79
1701,1701
1749,3
1749,535
1749,549
1749,606
1749,883
1749,1526
1749,1593
1749,1618
1749,1657
1749,1749
1749,1750
1749,1759
1749,1992
1749,2666
1750,0
1750,535
1750,569
1750,822
1750,901
1750,1452
1750,1592
1750,1593
1750,1618
1750,1657
1750,1749
1750,1750
1750,1759
1750,1873
1750,1991
1750,1992
1750,3138
1759,0
1759,502
1759,549
1759,606
1759,1452
1759,1592
1759,1749
1759,1750
1759,1759
1759,1873
1759,1991
1759,1992
1759,2014
1774,69
1774,1674
1807,69
1807,1807
1873,0
1873,3
1873,535
1873,1028
1873,1749
1873,1750
1873,1759
1873,1873
1873,1991
1873,1992
1873,2014
1873,3979
1935,3
1935,420
1935,957
1960,70
1960,1774
1960,1960
1991,0
1991,324
1991,420
1991,535
1991,569
1991,606
1991,678
1991,726
1991,901
1991,1592
1991,1657
1991,1749
1991,1759
1991,1873
1991,1991
1991,1992
1991,2014
1991,2186
1991,3986
1992,0
1992,549
1992,606
1992,804
1992,1592
1992,1750
1992,1759
1992,1873
1992,1991
1992,1992
1992,2014
1995,52
1995,1995
2007,50
2007,2007
2009,53
2009,791
2009,2009
2014,3
2014,8
2014,204
2014,535
2014,549
2014,606
2014,678
2014,805
2014,814
2014,850
2014,890
2014,1593
2014,1873
2014,1991
2014,1992
2014,2014
2014,2186
2014,5358
2024,957
2024,2024
2024,2091
2024,2131
2024,2342
2024,2349
2024,2498
2024,2553
2024,3979
2024,4433
2024,4449
2024,4487
2024,4530
2024,4574
2024,4578
2024,4826
2091,67
2091,241
2091,1991
2091,2024
2091,2091
2091,2131
2091,2186
2091,2266
2091,3391
2091,3979
2091,4432
2091,4433
2091,4449
2091,4487
2091,4574
2091,4578
2101,119
2101,125
2101,2101
2119,123
2119,129
2119,2119
2131,805
2131,1310
2131,2091
2131,2131
2131,2186
2131,2339
2131,2342
2131,2349
2131,2498
2131,2666
2131,3121
2131,4162
2131,4449
2131,4578
2131,5393
2166,121
2166,2166
2186,0
2186,309
2186,2024
2186,2091
2186,2131
2186,2186
2186,2266
2186,2342
2186,2349
2186,2553
2186,3979
2186,4318
2232,121
2232,2232
2266,309
2266,2024
2266,2186
2266,2266
2266,2339
2266,2342
2266,2349
2266,2498
2266,2553
2266,2611
2266,2666
2266,4227
2266,4530
2266,4574
2266,4578
2266,4828
2308,77
2308,2308
2339,241
2339,309
2339,878
2339,2091
2339,2339
2339,2342
2339,2553
2339,2611
2339,2666
2339,3121
2339,3127
2339,4432
2342,241
2342,309
2342,569
2342,726
2342,2091
2342,2131
2342,2266
2342,2339
2342,2342
2342,2349
2342,2498
2342,2553
2342,2611
2342,2666
2342,3255
2342,3979
2342,3986
2349,241
2349,1593
2349,2091
2349,2131
2349,2186
2349,2266
2349,2339
2349,2342
2349,2349
2349,2498
2349,2553
2349,2611
2349,2701
2349,4578
2351,2119
2351,2351
2398,122
2398,2398
2398,2821
2438,123
2438,2438
2438,2561
2498,241
2498,1618
2498,2024
2498,2186
2498,2266
2498,2339
2498,2342
2498,2349
2498,2498
2498,2553
2498,2611
2498,2666
2498,2701
2498,3979
2498,3986
2498,4449
2553,0
2553,241
2553,309
2553,1452
2553,2131
2553,2186
2553,2339
2553,2342
2553,2349
2553,2498
2553,2553
2553,2666
2553,2701
2553,3121
2553,4433
2561,78
2561,2561
2561,2821
2611,241
2611,309
2611,1227
2611,2342
2611,2349
2611,2498
2611,2553
2611,2611
2611,2666
2611,2701
2611,3121
2611,3138
2611,3986
2650,76
2650,2650
2666,8
2666,309
2666,901
2666,1338
2666,1347
2666,2131
2666,2266
2666,2339
2666,2342
2666,2498
2666,2611
2666,2666
2666,2701
2666,3121
2666,3127
2666,3986
2666,4574
2698,74
2698,2438
2698,2698
2701,241
2701,309
2701,927
2701,1338
2701,1991
2701,2186
2701,2339
2701,2349
2701,2666
2701,2701
2701,3121
2701,3127
2701,3138
2701,3986
2755,73
2755,132
2755,2755
2821,74
2821,75
2821,2821
2849,310
3121,0
3121,1310
3121,1338
3121,1347
3121,1452
3121,1526
3121,1570
3121,1592
3121,1593
3121,2553
3121,2611
3121,2701
3121,3121
3121,3127
3121,3138
3121,3360
3121,3986
3121,4080
3122,55
3122,79
3122,3122
3127,309
3127,1310
3127,1338
3127,1347
3127,1526
3127,1570
3127,2339
3127,2342
3127,2666
3127,2701
3127,3121
3127,3127
3127,3138
3138,878
3138,1302
3138,1310
3138,1338
3138,1347
3138,1452
3138,1526
3138,2611
3138,2666
3138,3121
3138,3127
3138,3138
3138,3986
3156,56
3156,3156
3177,49
3177,1301
3177,1302
3177,1313
3177,1316
3177,1319
3177,3177
3177,3201
3177,3245
3177,3255
3177,3302
3177,3308
3177,3316
3177,3347
3177,3357
3177,3842
3177,6010
3177,7177
3186,3186
3186,4632
3201,1301
3201,1302
3201,3177
3201,3201
3201,3245
3201,3302
3201,3308
3201,3347
3201,3359
3201,4698
3201,5306
3201,5867
3201,6010
3201,6357
3222,1408
3222,1701
3222,3222
3245,3
3245,1313
3245,1316
3245,1319
3245,3201
3245,3245
3245,3255
3245,3359
3245,3371
3245,3381
3245,3468
3245,5330
3245,5524
3245,6357
3247,88
3247,3247
3255,1991
3255,3177
3255,3201
3255,3245
3255,3255
3255,3302
3255,3308
3255,3316
3255,3347
3255,3357
3255,3365
3255,3381
3255,3468
3255,5369
3255,6010
3273,87
3273,3273
3302,1316
3302,3201
3302,3245
3302,3255
3302,3302
3302,3308
3302,3316
3302,3347
3302,3357
3302,3359
3302,3365
3302,3371
3302,3379
3302,3381
3302,3416
3302,3449
3302,5524
3302,6352
3308,49
3308,1593
3308,1935
3308,3177
3308,3201
3308,3255
3308,3302
3308,3308
3308,3316
3308,3347
3308,3357
3308,3359
3308,3365
3308,3371
3308,3381
3308,5358
3310,83
3310,102
3310,3310
3316,1
3316,3177
3316,3201
3316,3245
3316,3255
3316,3302
3316,3308
3316,3316
3316,3347
3316,3357
3316,3359
3316,3365
3316,3379
3316,3416
3316,3457
3321,82
3321,3321
3345,40
3345,104
3345,3345
3347,49
3347,420
3347,916
3347,1316
3347,3177
3347,3201
3347,3255
3347,3302
3347,3308
3347,3316
3347,3347
3347,3348
3347,3357
3347,3359
3347,3365
3347,3371
3347,3449
3348,0
3348,3348
3348,4001
3349,1452
3350,103
3350,3350
3356,102
3356,3310
3356,3356
3357,2
3357,3
3357,535
3357,3177
3357,3255
3357,3316
3357,3347
3357,3357
3357,3359
3357,3365
3357,3371
3357,3379
3357,3381
3357,3474
3359,1
3359,2
3359,3
3359,49
3359,1277
3359,3177
3359,3201
3359,3245
3359,3302
3359,3308
3359,3357
3359,3359
3359,3365
3359,3371
3359,3379
3359,3449
3360,3138
3361,3361
3361,3367
3361,3548
3364,3127
3365,49
3365,3201
3365,3255
3365,3302
3365,3308
3365,3316
3365,3347
3365,3357
3365,3359
3365,3365
3365,3371
3365,3379
3365,3381
3365,3416
3365,3427
3365,3443
3365,3449
3365,3468
3366,2024
3367,42
3367,3367
3370,1347
3371,2
3371,3201
3371,3255
3371,3308
3371,3316
3371,3357
3371,3359
3371,3365
3371,3371
3371,3381
3371,3416
3371,3418
3371,3427
3371,3436
3371,3468
3371,3571
3371,5469
3379,1313
3379,3177
3379,3308
3379,3357
3379,3371
3379,3379
3379,3381
3379,3416
3379,3418
3379,3436
3379,3443
3379,3449
3379,3457
3379,3474
3379,5361
3380,41
3380,3380
3381,3
3381,373
3381,3302
3381,3316
3381,3347
3381,3359
3381,3365
3381,3371
3381,3379
3381,3381
3381,3416
3381,3418
3381,3427
3381,3443
3381,3449
3381,3457
3381,3466
3381,3551
3381,3601
3382,4487
3383,40
3383,3383
3391,2131
3393,81
3393,87
3393,3345
3416,3357
3416,3365
3416,3371
3416,3379
3416,3381
3416,3416
3416,3418
3416,3427
3416,3436
3416,3443
3416,3449
3416,3457
3416,3466
3416,3468
3416,3474
3418,0
3418,3357
3418,3379
3418,3381
3418,3416
3418,3418
3418,3427
3418,3449
3418,3457
3418,3466
3418,3468
3418,5559
3418,5588
3427,3357
3427,3379
3427,3416
3427,3418
3427,3427
3427,3436
3427,3443
3427,3449
3427,3468
3427,3503
3427,5306
3427,5554
3435,37
3435,3435
3436,3357
3436,3365
3436,3379
3436,3381
3436,3416
3436,3418
3436,3427
3436,3436
3436,3443
3436,3468
3436,3495
3436,5588
3443,0
3443,535
3443,3381
3443,3416
3443,3418
3443,3427
3443,3436
3443,3443
3443,3449
3443,3457
3443,3466
3443,3468
3443,3551
3443,3571
3443,4591
3443,5636
3449,3255
3449,3365
3449,3371
3449,3379
3449,3416
3449,3418
3449,3427
3449,3436
3449,3443
3449,3449
3449,3457
3449,3466
3449,3468
3449,3474
3449,3479
3449,3495
3449,3551
3449,3842
3449,3881
3449,5518
3455,54
3455,3455
3456,25
3456,3456
3457,0
3457,3245
3457,3316
3457,3379
3457,3416
3457,3418
3457,3427
3457,3443
3457,3449
3457,3457
3457,3466
3457,3468
3457,3479
3457,3571
3457,3601
3458,28
3458,99
3458,3458
3462,40
3462,3462
3462,3478
3464,26
3464,3464
3464,3548
3466,1319
3466,3379
3466,3416
3466,3449
3466,3457
3466,3466
3466,3468
3466,3474
3466,3479
3466,3503
3466,3601
3466,5306
3466,5369
3468,0
3468,373
3468,3365
3468,3379
3468,3418
3468,3443
3468,3449
3468,3457
3468,3466
3468,3468
3468,3474
3468,3495
3468,3551
3468,4591
3468,5306
3468,5361
3470,27
3470,3464
3470,3470
3474,1
3474,3418
3474,3427
3474,3436
3474,3449
3474,3466
3474,3474
3474,3479
3474,3495
3474,3503
3474,3551
3474,3571
3474,3842
3474,5369
3474,5393
3478,27
3478,29
3478,3478
3479,3255
3479,3436
3479,3457
3479,3466
3479,3468
3479,3474
3479,3479
3479,3495
3479,3503
3479,3571
3479,3601
3479,3842
3479,5306
3479,5330
3488,100
3488,3488
3495,3
3495,49
3495,373
3495,1313
3495,3457
3495,3468
3495,3474
3495,3479
3495,3495
3495,3503
3495,3551
3495,3571
3495,3601
3495,5306
3495,5330
3503,373
3503,3466
3503,3474
3503,3479
3503,3495
3503,3503
3503,3551
3503,3571
3503,3842
3509,92
3509,97
3509,3509
3515,99
3515,3458
3515,3515
3542,96
3542,3542
3548,27
3548,36
3548,3548
3551,373
3551,814
3551,3371
3551,3418
3551,3449
3551,3468
3551,3479
3551,3495
3551,3503
3551,3551
3551,3571
3551,3601
3551,3842
3551,4904
3551,5330
3551,5357
3551,5361
3551,5432
3570,38
3570,3456
3570,3570
3571,373
3571,3466
3571,3468
3571,3479
3571,3495
3571,3503
3571,3551
3571,3571
3571,3601
3571,3842
3571,5330
3571,5358
3571,5393
3571,5518
3571,5524
3601,373
3601,3416
3601,3457
3601,3468
3601,3474
3601,3479
3601,3495
3601,3551
3601,3571
3601,3601
3601,3842
3601,5306
3601,5330
3601,5432
3601,5524
3603,81
3603,3603
3615,95
3615,3615
3620,94
3620,3620
3818,45
3818,831
3818,3348
3818,3818
3818,4001
3818,4080
3818,4162
3818,4281
3818,4298
3818,4698
3818,4952
3818,5111
3818,5160
3818,5204
3818,5274
3842,373
3842,1306
3842,3466
3842,3479
3842,3495
3842,3503
3842,3551
3842,3571
3842,3601
3842,3842
3842,5046
3842,5160
3842,5306
3842,5330
3842,5361
3842,5369
3842,5393
3842,5518
3861,91
3861,3861
3881,3436
3881,3881
3881,4432
3881,4433
3881,4591
3881,4645
3881,4657
3881,4698
3881,4826
3881,4904
3881,5111
3881,5414
3881,5469
3881,5554
3881,5559
3881,5588
3881,5636
3897,109
3897,3897
3937,3937
3937,4302
3937,5176
3979,1
3979,2024
3979,2091
3979,2186
3979,2339
3979,2611
3979,3979
3979,4318
3979,4487
3979,4530
3979,4574
3979,4578
3986,241
3986,1108
3986,1310
3986,1338
3986,1347
3986,1452
3986,1526
3986,2014
3986,2131
3986,2611
3986,3121
3986,3127
3986,3138
3986,3986
3986,4188
4001,1593
4001,3818
4001,4001
4001,4065
4001,4080
4001,4162
4001,4227
4001,4298
4001,4574
4001,5046
4001,5051
4001,5160
4001,5204
4001,5227
4001,5274
4001,5361
4040,15
4040,4040
4064,4064
4064,5226
4065,45
4065,1338
4065,2701
4065,3818
4065,4001
4065,4065
4065,4080
4065,4162
4065,4188
4065,4227
4065,4250
4065,4298
4065,4318
4065,5160
4065,5204
4065,5227
4065,5274
4080,0
4080,45
4080,309
4080,3818
4080,4001
4080,4065
4080,4080
4080,4188
4080,4250
4080,4298
4080,5160
4080,5227
4080,5274
4080,5469
4109,22
4109,44
4109,4109
4114,125
4114,131
4114,4114
4156,57
4156,58
4156,4156
4162,0
4162,45
4162,49
4162,2186
4162,3818
4162,4065
4162,4080
4162,4162
4162,4188
4162,4195
4162,4227
4162,4250
4162,4281
4162,4298
4162,4318
4162,4449
4162,4487
4162,4937
4162,5227
4176,16
4176,4176
4188,2091
4188,4162
4188,4188
4188,4195
4188,4281
4188,4432
4188,4433
4188,4449
4188,4487
4188,5204
4188,5274
4188,7176
4195,4080
4195,4162
4195,4188
4195,4195
4195,4227
4195,4250
4195,4281
4195,4298
4195,4432
4195,4487
4195,4530
4195,5046
4195,5227
4208,14
4208,4208
4223,134
4223,4109
4223,4223
4227,0
4227,2186
4227,3979
4227,4001
4227,4065
4227,4162
4227,4188
4227,4195
4227,4227
4227,4250
4227,4281
4227,4298
4227,4432
4227,4449
4243,21
4243,22
4243,4243
4250,1347
4250,1452
4250,2024
4250,2131
4250,4065
4250,4162
4250,4188
4250,4195
4250,4227
4250,4250
4250,4318
4250,4449
4250,4487
4250,4578
4281,45
4281,4065
4281,4162
4281,4188
4281,4195
4281,4227
4281,4250
4281,4281
4281,4298
4281,4318
4281,4432
4281,4433
4288,13
4288,16
4288,4288
4298,0
4298,45
4298,3818
4298,4065
4298,4080
4298,4227
4298,4250
4298,4281
4298,4298
4298,4432
4298,5227
4298,5414
4302,12
4302,23
4302,4302
4318,1570
4318,2091
4318,3979
4318,4162
4318,4188
4318,4227
4318,4250
4318,4281
4318,4298
4318,4318
4318,4432
4318,4433
4318,4449
4318,4530
4318,4578
4357,134
4357,135
4357,4357
4386,4288
4386,4386
4432,1
4432,2014
4432,2024
4432,4162
4432,4188
4432,4195
4432,4227
4432,4281
4432,4298
4432,4318
4432,4432
4432,4433
4432,4449
4432,4530
4432,4578
4432,4826
4432,5204
4433,2
4433,2024
4433,2131
4433,4162
4433,4188
4433,4250
4433,4281
4433,4318
4433,4432
4433,4433
4433,4449
4433,4487
4433,4530
4433,4574
4433,5636
4447,124
4447,132
4447,4447
4449,2091
4449,2131
4449,2611
4449,3382
4449,4162
4449,4188
4449,4195
4449,4250
4449,4432
4449,4433
4449,4449
4449,4487
4449,4530
4449,4574
4449,4578
4449,5227
4482,131
4482,4482
4487,241
4487,2091
4487,2186
4487,3979
4487,4162
4487,4227
4487,4318
4487,4432
4487,4433
4487,4449
4487,4487
4487,4530
4487,4574
4507,73
4507,130
4507,4507
4530,2024
4530,2186
4530,2266
4530,3979
4530,4001
4530,4432
4530,4449
4530,4487
4530,4530
4530,4574
4530,7177
4557,15
4557,21
4557,4557
4574,2024
4574,2091
4574,2266
4574,2342
4574,2349
4574,2498
4574,3381
4574,3979
4574,4318
4574,4432
4574,4487
4574,4530
4574,4574
4574,4578
4578,1749
4578,2024
4578,2349
4578,3979
4578,4250
4578,4318
4578,4433
4578,4449
4578,4487
4578,4530
4578,4574
4578,4578
4578,4904
4586,122
4586,4586
4591,3881
4591,4433
4591,4591
4591,4657
4591,4698
4591,4828
4591,4904
4591,4937
4591,4952
4591,5046
4591,5274
4591,5494
4591,5524
4591,5559
4591,5588
4595,127
4595,2755
4595,4595
4618,127
4618,4618
4632,48
4632,4632
4645,3881
4645,4591
4645,4645
4645,4657
4645,4698
4645,4826
4645,4828
4645,4890
4645,4904
4645,4937
4645,5046
4645,5111
4645,5358
4645,5561
4645,5588
4645,5636
4657,4065
4657,4591
4657,4645
4657,4657
4657,4828
4657,4937
4657,5554
4657,5561
4657,5588
4657,5636
4683,4683
4683,5629
4698,3457
4698,3881
4698,4591
4698,4645
4698,4657
4698,4698
4698,4826
4698,4828
4698,4890
4698,5051
4698,5111
4698,5204
4698,5561
4698,5588
4698,5636
4745,138
4745,4745
4745,5671
4767,107
4767,4767
4803,108
4803,4803
4826,1657
4826,4591
4826,4645
4826,4657
4826,4698
4826,4826
4826,4828
4826,4890
4826,4904
4826,4937
4826,4952
4826,5046
4826,5051
4826,5111
4828,3127
4828,3881
4828,4574
4828,4591
4828,4645
4828,4657
4828,4698
4828,4826
4828,4828
4828,4904
4828,4937
4828,4952
4828,5046
4828,5160
4828,5204
4828,5554
4832,86
4832,4832
4886,85
4886,109
4886,4886
4890,3479
4890,3503
4890,3979
4890,4645
4890,4657
4890,4826
4890,4828
4890,4890
4890,4904
4890,4937
4890,4952
4890,5046
4890,5051
4890,5111
4890,5227
4890,5636
4904,4591
4904,4645
4904,4828
4904,4890
4904,4904
4904,4937
4904,4952
4904,5046
4904,5111
4904,5227
4904,5274
4904,5636
4908,20
4908,84
4908,4908
4931,20
4931,4931
4937,3571
4937,3818
4937,4188
4937,4591
4937,4645
4937,4698
4937,4826
4937,4828
4937,4890
4937,4904
4937,4937
4937,4952
4937,5046
4937,5051
4937,5111
4937,5160
4937,5204
4937,5494
4952,45
4952,3818
4952,4698
4952,4826
4952,4890
4952,4904
4952,4937
4952,4952
4952,5046
4952,5051
4952,5111
4952,5204
4952,5274
4972,138
4972,4972
4989,137
4989,4989
5046,45
5046,4645
5046,4698
5046,4828
5046,4904
5046,4937
5046,4952
5046,5046
5046,5051
5046,5111
5046,5227
5046,5274
5049,136
5049,5049
5049,5106
5051,45
5051,2349
5051,3818
5051,4001
5051,4065
5051,4281
5051,4826
5051,4828
5051,4890
5051,4904
5051,4952
5051,5046
5051,5051
5051,5111
5051,5160
5051,5274
5051,5357
5106,17
5106,135
5106,5106
5111,45
5111,4001
5111,4645
5111,4698
5111,4826
5111,4937
5111,4952
5111,5046
5111,5051
5111,5111
5111,5160
5111,5559
5139,137
5139,5139
5139,5226
5160,45
5160,2342
5160,3818
5160,4001
5160,4065
5160,4162
5160,4826
5160,4890
5160,4937
5160,4952
5160,5051
5160,5111
5160,5160
5160,5227
5160,5274
5176,9
5176,13
5176,5176
5204,1
5204,45
5204,2339
5204,3818
5204,4001
5204,4080
5204,4281
5204,4432
5204,4904
5204,5046
5204,5051
5204,5111
5204,5204
5204,5227
5204,5330
5226,10
5226,3937
5226,5226
5227,45
5227,241
5227,3818
5227,4001
5227,4065
5227,4080
5227,4162
5227,4487
5227,4591
5227,4952
5227,5160
5227,5204
5227,5227
5227,5274
5256,11
5256,5256
5274,45
5274,2131
5274,3818
5274,4001
5274,4065
5274,4080
5274,4162
5274,4188
5274,4195
5274,4250
5274,4298
5274,5046
5274,5160
5274,5227
5274,5274
5295,19
5295,5295
5306,535
5306,3474
5306,3479
5306,3495
5306,3601
5306,3842
5306,5051
5306,5306
5306,5330
5306,5358
5306,5361
5306,5369
5306,5393
5306,5518
5306,5524
5306,5636
5329,30
5329,89
5329,5329
5330,373
5330,3308
5330,3495
5330,3551
5330,3571
5330,3601
5330,3842
5330,5160
5330,5306
5330,5330
5330,5361
5330,5369
5330,5393
5330,5432
5330,5524
5333,90
5333,96
5333,5333
5357,0
5357,4591
5357,4657
5357,4890
5357,4952
5357,5051
5357,5357
5357,5393
5357,5414
5357,5432
5357,5494
5357,5554
5357,5561
5357,5636
5358,373
5358,647
5358,3308
5358,3842
5358,5306
5358,5358
5358,5361
5358,5369
5358,5393
5358,5414
5358,5432
5358,5494
5358,5518
5358,5524
5361,886
5361,3466
5361,5330
5361,5358
5361,5361
5361,5369
5361,5393
5361,5432
5361,5494
5361,5518
5361,5524
5369,0
5369,45
5369,373
5369,2186
5369,3201
5369,3503
5369,3842
5369,5227
5369,5306
5369,5330
5369,5358
5369,5369
5369,5414
5369,5432
5369,5469
5369,5524
5372,118
5372,5372
5391,33
5391,5329
5391,5391
5393,549
5393,3842
5393,4001
5393,5357
5393,5358
5393,5361
5393,5369
5393,5393
5393,5414
5393,5432
5393,5469
5393,5518
5393,5524
5393,5554
5400,31
5400,5400
5414,0
5414,3881
5414,4645
5414,5306
5414,5330
5414,5358
5414,5361
5414,5393
5414,5414
5414,5432
5414,5469
5414,5494
5414,5524
5414,5554
5414,5559
5428,32
5428,118
5428,5428
5432,3357
5432,3365
5432,5330
5432,5357
5432,5361
5432,5393
5432,5414
5432,5432
5432,5469
5432,5494
5432,5554
5432,5559
5432,5561
5432,5588
5463,35
5463,113
5463,5463
5469,3881
5469,5357
5469,5393
5469,5414
5469,5432
5469,5469
5469,5494
5469,5518
5469,5559
5469,5561
5481,34
5481,5481
5494,3381
5494,3551
5494,3881
5494,4281
5494,4952
5494,5051
5494,5306
5494,5357
5494,5358
5494,5393
5494,5414
5494,5432
5494,5469
5494,5494
5494,5518
5494,5524
5494,5554
5494,5559
5494,5561
5494,5588
5494,5636
5497,33
5497,5497
5518,4578
5518,5358
5518,5361
5518,5393
5518,5414
5518,5432
5518,5469
5518,5494
5518,5518
5518,5524
5520,116
5520,5520
5524,3449
5524,4657
5524,5204
5524,5330
5524,5357
5524,5358
5524,5361
5524,5369
5524,5414
5524,5469
5524,5518
5524,5524
5533,117
5533,5533
5541,39
5541,5541
5543,5333
5543,5543
5554,1277
5554,3881
5554,4227
5554,4591
5554,4645
5554,4657
5554,4828
5554,5357
5554,5414
5554,5432
5554,5469
5554,5494
5554,5554
5554,5559
5554,5561
5554,5588
5554,5636
5559,0
5559,4591
5559,4645
5559,4698
5559,4904
5559,5357
5559,5469
5559,5554
5559,5559
5559,5561
5559,5588
5561,373
5561,3881
5561,4645
5561,5357
5561,5469
5561,5494
5561,5554
5561,5559
5561,5561
5561,5588
5561,5636
5579,112
5579,5579
5588,0
5588,3881
5588,4250
5588,4645
5588,4657
5588,4698
5588,4904
5588,5357
5588,5414
5588,5494
5588,5554
5588,5559
5588,5561
5588,5588
5588,5636
5629,34
5629,111
5629,5629
5636,241
5636,3881
5636,4318
5636,4645
5636,4657
5636,4826
5636,5274
5636,5357
5636,5432
5636,5469
5636,5494
5636,5554
5636,5559
5636,5561
5636,5588
5636,5636
5671,105
5671,110
5671,5671
5672,108
5672,5463
5672,5672
5702,5428
5702,5702
5867,49
5867,849
5867,1252
5867,1301
5867,1313
5867,3177
5867,3201
5867,6357
5867,7177
5872,0
5872,1234
5872,1238
5872,1240
5872,5873
5872,5883
5872,7161
5872,7174
5873,1234
5873,1240
5873,1257
5873,5872
5873,5873
5873,5883
5873,7159
5873,7162
5873,7174
5873,7175
5880,1219
5880,1235
5880,1237
5880,1238
5880,1240
5880,1241
5880,5883
5880,5886
5880,7159
5883,1198
5883,1219
5883,1237
5883,1238
5883,1257
5883,1302
5883,5880
5883,5883
5883,5890
5883,7133
5883,7160
5883,7174
5886,0
5886,1237
5886,5880
5886,5883
5886,5890
5886,7133
5888,1214
5888,1215
5888,5896
5888,6358
5888,7132
5888,7157
5888,7173
5889,1214
5889,1222
5889,1223
5889,1232
5889,1234
5889,1237
5889,1244
5889,5883
5889,5889
5889,7132
5889,7133
5889,7158
5889,7159
5889,7174
5890,1237
5890,1249
5890,1257
5890,5883
5890,5886
5890,5890
5890,7132
5890,7133
5890,7174
5891,1197
5891,1204
5891,1209
5891,1253
5891,1268
5891,5893
5891,6359
5891,7170
5893,1204
5893,1268
5893,5891
5893,5893
5893,6359
5893,6360
5893,7156
5893,7157
5893,7161
5893,7168
5893,7170
5896,1212
5896,1213
5896,1217
5896,1220
5896,1229
5896,1232
5896,5888
5896,5889
5896,5896
5896,5904
5896,7157
5896,7173
5898,1202
5898,1204
5898,1246
5898,1268
5898,5900
5898,5911
5900,0
5900,1197
5900,1204
5900,1206
5900,1208
5900,5898
5900,5900
5900,5911
5900,6359
5900,7154
5900,7172
5903,1218
5903,1220
5903,1221
5903,1223
5903,5904
5903,5911
5904,1196
5904,1200
5904,1217
5904,1220
5904,1269
5904,5889
5904,5903
5904,5904
5904,6359
5904,7156
5904,7168
5904,7172
5904,7173
5908,1238
5908,1257
5908,1258
5908,1301
5908,3347
5908,5883
5908,5909
5908,7160
5908,7174
5908,7175
5908,7176
5909,1234
5909,1237
5909,1249
5909,5908
5909,5909
5909,5912
5909,7160
5909,7161
5909,7176
5911,1206
5911,1268
5911,5898
5911,5900
5911,7172
5912,1074
5912,1235
5912,1237
5912,1257
5912,1258
5912,5890
5912,5909
5912,5912
5912,7161
5912,7174
5912,7176
5912,7177
6010,373
6010,1259
6010,1302
6010,1313
6010,1319
6010,3177
6010,3201
6010,5306
6010,6352
6352,2
6352,49
6352,1302
6352,1313
6352,1319
6352,3255
6352,3466
6352,6010
6357,49
6357,1035
6357,1276
6357,1301
6357,1302
6357,1313
6357,5867
6357,7161
6357,7177
6358,0
6358,1198
6358,1213
6358,1214
6358,1237
6358,5888
6358,5889
6358,5904
6358,7158
6358,7171
6358,7173
6359,1258
6359,1268
6359,5891
6359,5893
6359,7155
6359,7169
6360,1217
6360,1235
6360,1269
6360,1270
6360,7153
6360,7154
6360,7155
6360,7167
6360,7168
6360,7170
6515,0
6515,1
6515,3
6515,8
6515,207
6515,1284
6515,6515
7132,1205
7132,1209
7132,1211
7132,1212
7132,1214
7132,1220
7132,1222
7132,1233
7132,1237
7132,5880
7132,5883
7132,5889
7132,5890
7132,7132
7132,7133
7132,7157
7132,7158
7132,7171
7132,7173
7132,7175
7133,1196
7133,1221
7133,1224
7133,1229
7133,1232
7133,1233
7133,1237
7133,1238
7133,1244
7133,1313
7133,1592
7133,5883
7133,5886
7133,5889
7133,5890
7133,7132
7133,7133
7133,7159
7133,7173
7148,1071
7148,1136
7148,1170
7148,1192
7148,1201
7148,1259
7148,1264
7148,1275
7148,1276
7148,1277
7148,7148
7148,7149
7148,7150
7148,7151
7148,7154
7148,7157
7148,7163
7148,7164
7148,7165
7148,7166
7149,1011
7149,1191
7149,1192
7149,1193
7149,1217
7149,1269
7149,1271
7149,1275
7149,5898
7149,6359
7149,7149
7149,7151
7149,7152
7149,7154
7149,7163
7149,7165
7149,7166
7150,1131
7150,1152
7150,1170
7150,1184
7150,1191
7150,1192
7150,1201
7150,1249
7150,1259
7150,1264
7150,1275
7150,1276
7150,1277
7150,1279
7150,7148
7150,7150
7150,7151
7150,7163
7150,7164
7150,7165
7151,1191
7151,1192
7151,1193
7151,1264
7151,1275
7151,7148
7151,7149
7151,7150
7151,7151
7151,7152
7151,7164
7151,7165
7152,1191
7152,1192
7152,1240
7152,1269
7152,1270
7152,1271
7152,1275
7152,7149
7152,7150
7152,7151
7152,7152
7152,7153
7152,7154
7152,7164
7152,7165
7152,7166
7152,7167
7153,1209
7153,1259
7153,1269
7153,1276
7153,7151
7153,7152
7153,7153
7153,7154
7153,7155
7153,7165
7153,7166
7153,7167
7153,7168
7153,7169
7154,1268
7154,1270
7154,5909
7154,7149
7154,7152
7154,7153
7154,7154
7154,7156
7154,7157
7154,7166
7154,7167
7154,7168
7154,7169
7155,0
7155,1209
7155,1268
7155,1269
7155,1270
7155,6360
7155,7153
7155,7154
7155,7155
7155,7156
7155,7166
7155,7167
7155,7168
7155,7170
7155,7171
7155,7172
7156,1208
7156,1209
7156,1267
7156,1269
7156,1270
7156,5891
7156,5893
7156,5904
7156,6359
7156,7155
7156,7156
7156,7166
7156,7168
7156,7169
7156,7170
7157,1197
7157,1200
7157,1204
7157,1213
7157,1218
7157,1220
7157,1233
7157,1244
7157,5888
7157,5900
7157,5903
7157,7132
7157,7156
7157,7157
7157,7158
7157,7170
7157,7171
7157,7172
7157,7173
7158,1200
7158,1211
7158,1213
7158,1214
7158,1220
7158,1221
7158,1223
7158,1226
7158,1227
7158,1244
7158,5883
7158,5888
7158,5889
7158,5903
7158,5904
7158,6358
7158,7132
7158,7133
7158,7158
7158,7171
7158,7173
7159,1198
7159,1219
7159,1222
7159,1234
7159,1237
7159,1240
7159,1241
7159,1257
7159,1265
7159,1313
7159,5873
7159,5889
7159,5912
7159,7132
7159,7133
7159,7159
7159,7160
7159,7170
7159,7174
7159,7175
7160,1219
7160,1230
7160,1237
7160,1248
7160,1252
7160,1257
7160,5873
7160,5888
7160,5909
7160,7159
7160,7160
7160,7161
7160,7174
7160,7175
7160,7176
7161,1219
7161,1248
7161,1249
7161,1250
7161,1252
7161,1257
7161,1301
7161,1302
7161,5886
7161,5893
7161,5912
7161,7133
7161,7159
7161,7160
7161,7161
7161,7174
7161,7175
7161,7176
7161,7177
7162,1230
7162,1246
7162,1248
7162,1249
7162,1301
7162,1313
7162,3359
7162,6352
7162,7132
7162,7160
7162,7162
7162,7163
7162,7175
7162,7177
7163,1152
7163,1192
7163,1193
7163,1201
7163,1224
7163,1259
7163,1264
7163,1271
7163,1276
7163,1277
7163,1279
7163,6360
7163,7148
7163,7149
7163,7150
7163,7151
7163,7152
7163,7162
7163,7163
7164,1191
7164,1192
7164,1193
7164,1264
7164,1271
7164,1275
7164,7133
7164,7148
7164,7150
7164,7151
7164,7152
7164,7163
7164,7164
7164,7165
7164,7166
7165,1191
7165,1192
7165,1270
7165,1271
7165,1275
7165,7149
7165,7152
7165,7153
7165,7164
7165,7165
7165,7166
7165,7168
7166,1209
7166,1241
7166,1269
7166,1270
7166,5888
7166,5898
7166,6360
7166,7152
7166,7153
7166,7154
7166,7155
7166,7157
7166,7165
7166,7166
7166,7167
7166,7168
7166,7170
7167,1223
7167,1269
7167,1270
7167,5893
7167,6359
7167,6360
7167,7149
7167,7152
7167,7153
7167,7154
7167,7155
7167,7156
7167,7165
7167,7166
7167,7167
7167,7168
7168,1197
7168,1238
7168,1269
7168,1270
7168,5893
7168,6360
7168,7154
7168,7155
7168,7167
7168,7168
7168,7169
7168,7170
7169,1208
7169,1209
7169,1268
7169,1269
7169,5893
7169,5903
7169,6359
7169,7154
7169,7156
7169,7168
7169,7169
7170,1197
7170,1202
7170,1204
7170,1209
7170,1212
7170,1237
7170,1265
7170,1267
7170,1269
7170,5890
7170,5891
7170,5909
7170,6360
7170,7154
7170,7155
7170,7156
7170,7158
7170,7168
7170,7169
7170,7170
7170,7171
7170,7174
7171,8
7171,1197
7171,1202
7171,1204
7171,1209
7171,1213
7171,1214
7171,1227
7171,1246
7171,5900
7171,7155
7171,7156
7171,7157
7171,7158
7171,7171
7171,7172
7172,0
7172,1198
7172,1200
7172,1204
7172,1212
7172,1214
7172,1220
7172,1267
7172,5891
7172,5909
7172,7157
7172,7158
7172,7171
7172,7172
7172,7173
7173,1196
7173,1211
7173,1212
7173,1214
7173,1217
7173,1220
7173,1221
7173,1222
7173,1229
7173,1233
7173,1267
7173,5889
7173,6358
7173,7132
7173,7133
7173,7158
7173,7173
7174,822
7174,1208
7174,1219
7174,1237
7174,1238
7174,1241
7174,1302
7174,5872
7174,5873
7174,5883
7174,5886
7174,5890
7174,5909
7174,5912
7174,7132
7174,7133
7174,7159
7174,7160
7174,7174
7174,7175
7175,1230
7175,1240
7175,1248
7175,1249
7175,1250
7175,1253
7175,1257
7175,1258
7175,5872
7175,5908
7175,7159
7175,7160
7175,7161
7175,7172
7175,7174
7175,7175
7175,7176
7176,1230
7176,1237
7176,1246
7176,1248
7176,1249
7176,1250
7176,1252
7176,1257
7176,1301
7176,1302
7176,1306
7176,1319
7176,3818
7176,6352
7176,7133
7176,7160
7176,7161
7176,7162
7176,7175
7176,7176
7176,7177
7177,8
7177,49
7177,1246
7177,1248
7177,1249
7177,1250
7177,1252
7177,1253
7177,1301
7177,1310
7177,1316
7177,6010
7177,6357
7177,7160
7177,7161
7177,7162
7177,7176
7177,7177
