0,0
0,3
0,7
0,163
0,169
0,204
0,269
0,420
0,539
0,548
0,772
0,788
0,790
0,876
0,878
0,882
0,885
0,886
0,890
0,892
0,894
0,899
0,909
0,914
0,939
0,943
0,953
0,957
0,968
0,979
0,994
0,995
0,1003
0,1010
0,1137
0,1257
0,1749
0,1781
0,1850
0,1997
0,2022
0,3333
0,3338
0,3428
0,3433
0,4038
0,4164
0,4212
0,4224
0,4241
0,4319
0,5358
0,5373
0,5378
0,5459
0,5482
0,5555
0,7728
3,0
3,3
3,7
3,140
3,204
3,420
3,539
3,548
3,552
3,553
3,691
3,771
3,772
3,775
3,797
3,1749
3,1752
3,1850
3,1997
3,2035
7,0
7,3
7,7
7,204
7,539
7,552
7,553
7,1749
7,2022
85,0
101,101
101,1302
101,1304
101,1306
101,1314
101,1326
101,1333
101,3124
101,3139
101,3238
101,3259
101,3270
101,3329
101,3333
101,3399
101,6352
101,6357
101,7731
125,125
125,3867
125,3980
125,4020
125,4038
125,4162
125,4164
125,4224
125,4241
125,4661
125,4902
125,5047
125,5058
125,5061
125,5171
125,5197
125,5234
125,5316
140,1260
140,1850
143,207
163,408
169,0
169,548
204,3
204,7
204,204
204,552
204,1003
204,2035
207,140
243,243
243,311
243,1310
243,2263
243,2340
243,2355
243,2496
243,2517
243,2595
243,2667
243,2675
243,3121
243,3145
243,3147
269,422
311,311
311,1310
311,1337
311,1347
311,1451
311,1501
311,2129
311,2263
311,2340
311,2342
311,2355
311,2496
311,2517
311,2595
311,2675
311,3121
311,3145
311,3147
311,3985
324,1850
374,374
374,3422
374,3428
374,3430
374,3432
374,3433
374,3439
374,3441
374,3448
374,3505
374,3572
374,3586
374,3824
374,5283
374,5373
374,5378
408,0
419,0
420,0
420,3
420,539
420,552
420,677
420,772
420,1781
420,2022
422,539
502,7590
539,0
539,3
539,169
539,204
539,420
539,539
539,552
539,553
539,771
539,788
539,816
539,817
539,1749
539,1752
539,1781
539,1850
539,1997
539,2022
539,2035
548,0
548,3
548,548
548,552
548,553
548,677
548,691
548,771
548,772
548,775
548,790
548,797
548,816
548,817
548,920
548,1850
548,1997
552,0
552,3
552,7
552,420
552,539
552,548
552,552
552,553
552,677
552,691
552,771
552,772
552,775
552,1749
552,1781
552,1997
552,2022
552,2035
553,0
553,3
553,7
553,204
553,419
553,539
553,548
553,552
553,553
553,677
553,771
553,772
553,775
553,788
553,797
553,816
553,878
553,1749
553,1850
553,1997
677,3
677,539
677,548
677,552
677,553
677,677
677,691
677,771
677,772
677,775
677,790
677,797
677,816
677,817
677,1749
677,1997
691,3
691,539
691,552
691,553
691,677
691,691
691,771
691,772
691,775
691,788
691,790
691,797
691,816
691,817
691,894
691,1997
771,0
771,3
771,539
771,548
771,552
771,553
771,677
771,691
771,771
771,772
771,775
771,790
771,797
771,816
771,817
771,894
771,909
772,3
772,539
772,548
772,552
772,553
772,677
772,691
772,771
772,772
772,775
772,788
772,790
772,797
772,816
772,817
772,878
772,894
772,897
772,920
772,939
775,3
775,420
775,548
775,552
775,553
775,677
775,691
775,771
775,772
775,775
775,788
775,790
775,797
775,816
775,817
775,894
775,897
775,1997
788,3
788,548
788,552
788,553
788,691
788,771
788,772
788,775
788,788
788,790
788,797
788,816
788,817
788,876
788,894
788,909
788,920
790,691
790,771
790,772
790,775
790,788
790,790
790,797
790,816
790,817
790,876
790,878
790,894
790,897
790,899
790,909
790,920
790,943
790,951
797,0
797,548
797,553
797,677
797,691
797,771
797,772
797,775
797,788
797,790
797,797
797,816
797,817
797,878
797,894
797,897
816,0
816,539
816,548
816,552
816,677
816,691
816,771
816,772
816,775
816,788
816,790
816,797
816,816
816,817
816,876
816,878
816,894
816,899
816,904
816,920
817,0
817,548
817,553
817,677
817,691
817,771
817,772
817,775
817,788
817,790
817,797
817,816
817,817
817,876
817,897
817,909
817,920
817,939
876,0
876,816
876,817
876,876
876,878
876,894
876,897
876,899
876,904
876,909
876,920
876,939
876,949
876,953
876,994
876,1010
878,772
878,790
878,797
878,816
878,876
878,878
878,894
878,897
878,899
878,904
878,909
878,939
878,943
878,951
878,957
878,994
878,1010
880,0
880,880
880,883
880,885
880,886
880,890
880,892
880,914
880,968
880,979
880,986
880,1025
880,1034
880,1035
880,1056
880,1061
882,0
882,7
882,882
882,890
882,892
882,953
882,959
882,968
882,979
882,986
882,992
882,994
882,995
882,1003
882,1005
882,1033
882,1061
883,880
883,883
883,885
883,886
883,890
883,892
883,914
883,959
883,968
883,979
883,1003
883,1021
883,1025
883,1029
883,1034
883,1035
883,1061
885,0
885,880
885,883
885,885
885,886
885,890
885,914
885,968
885,979
885,1003
885,1021
885,1023
885,1025
885,1029
885,1032
885,1033
885,1034
885,1035
885,1039
885,1061
886,0
886,880
886,883
886,885
886,886
886,890
886,914
886,963
886,968
886,979
886,1005
886,1021
886,1025
886,1029
886,1033
886,1034
886,1035
886,1061
890,880
890,883
890,886
890,890
890,892
890,914
890,968
890,979
890,995
890,1005
890,1021
890,1025
890,1029
890,1033
890,1034
890,1035
890,1061
890,1068
892,0
892,882
892,883
892,885
892,892
892,959
892,963
892,968
892,979
892,986
892,992
892,994
892,995
892,1003
892,1005
894,0
894,552
894,553
894,771
894,775
894,788
894,790
894,797
894,816
894,817
894,876
894,878
894,894
894,904
894,909
894,920
894,939
894,949
894,955
894,1010
897,788
897,816
897,817
897,876
897,878
897,894
897,897
897,899
897,904
897,909
897,920
897,939
897,943
897,949
897,953
897,957
897,963
897,994
897,1010
899,0
899,816
899,817
899,876
899,878
899,894
899,897
899,899
899,904
899,909
899,939
899,949
904,817
904,876
904,878
904,897
904,904
904,909
904,920
904,939
904,943
904,949
904,953
904,955
904,957
904,963
904,994
904,995
904,1010
909,772
909,788
909,790
909,797
909,816
909,876
909,878
909,894
909,897
909,899
909,904
909,909
909,920
909,939
909,955
909,957
909,1010
914,0
914,880
914,885
914,886
914,890
914,914
914,968
914,979
914,1021
914,1025
914,1029
914,1033
914,1034
914,1035
914,1039
914,1055
914,1061
920,0
920,548
920,691
920,771
920,788
920,816
920,817
920,876
920,878
920,894
920,897
920,899
920,904
920,909
920,920
920,951
920,995
939,788
939,816
939,876
939,878
939,894
939,897
939,899
939,904
939,909
939,939
939,949
939,951
939,955
939,957
939,992
939,1010
943,878
943,897
943,899
943,904
943,909
943,920
943,939
943,943
943,949
943,951
943,953
943,955
943,957
943,959
943,992
943,994
949,878
949,897
949,904
949,909
949,920
949,939
949,943
949,949
949,951
949,953
949,955
949,963
949,992
949,994
949,1010
951,876
951,878
951,886
951,904
951,939
951,943
951,949
951,951
951,953
951,955
951,957
951,963
951,992
951,994
951,1010
953,0
953,892
953,897
953,943
953,951
953,953
953,955
953,957
953,963
953,979
953,992
953,994
953,995
953,1003
953,1005
953,1010
955,0
955,878
955,892
955,897
955,904
955,949
955,951
955,955
955,957
955,959
955,963
955,992
955,994
955,995
955,1003
955,1010
957,0
957,878
957,904
957,943
957,949
957,951
957,953
957,955
957,957
957,959
957,963
957,968
957,986
957,992
957,1010
959,882
959,890
959,892
959,953
959,955
959,959
959,963
959,979
959,986
959,992
959,995
959,1003
959,1005
963,880
963,882
963,904
963,939
963,951
963,953
963,955
963,959
963,963
963,992
963,994
963,995
963,1003
963,1005
963,1010
963,1061
968,0
968,880
968,882
968,883
968,886
968,890
968,892
968,914
968,968
968,979
968,986
968,995
968,1003
968,1005
968,1025
968,1029
968,1035
968,1039
979,0
979,880
979,882
979,883
979,890
979,892
979,963
979,968
979,979
979,995
979,1003
979,1005
979,1021
979,1025
979,1029
979,1034
979,1035
986,0
986,880
986,882
986,883
986,892
986,955
986,959
986,968
986,979
986,986
986,995
986,1003
986,1005
992,882
992,892
992,904
992,939
992,943
992,949
992,951
992,953
992,955
992,957
992,959
992,992
992,994
992,995
992,1010
994,0
994,882
994,897
994,904
994,920
994,943
994,949
994,951
994,953
994,955
994,957
994,963
994,968
994,986
994,992
994,994
994,1003
994,1005
994,1010
995,880
995,882
995,883
995,886
995,892
995,959
995,963
995,968
995,979
995,986
995,992
995,994
995,995
995,1003
995,1005
1003,0
1003,880
1003,882
1003,890
1003,892
1003,914
1003,959
1003,963
1003,968
1003,979
1003,986
1003,994
1003,995
1003,1003
1003,1005
1005,880
1005,882
1005,883
1005,890
1005,892
1005,953
1005,955
1005,959
1005,963
1005,968
1005,979
1005,986
1005,994
1005,995
1005,1003
1005,1005
1010,0
1010,894
1010,899
1010,904
1010,949
1010,951
1010,953
1010,957
1010,959
1010,963
1010,992
1010,994
1010,1010
1021,880
1021,883
1021,885
1021,886
1021,890
1021,914
1021,968
1021,1021
1021,1025
1021,1029
1021,1034
1021,1035
1021,1039
1021,1055
1021,1061
1023,1023
1023,1032
1023,1033
1023,1035
1023,1039
1023,1055
1023,1056
1023,1058
1023,1068
1023,1069
1023,1070
1023,1071
1023,1072
1023,1110
1023,1115
1025,880
1025,883
1025,885
1025,886
1025,890
1025,914
1025,968
1025,1021
1025,1025
1025,1029
1025,1033
1025,1034
1025,1035
1025,1039
1025,1061
1025,1069
1029,883
1029,885
1029,890
1029,914
1029,1021
1029,1025
1029,1029
1029,1032
1029,1033
1029,1034
1029,1035
1029,1056
1029,1058
1029,1061
1029,1068
1029,1074
1032,1023
1032,1032
1032,1033
1032,1034
1032,1055
1032,1056
1032,1058
1032,1068
1032,1069
1032,1070
1032,1071
1032,1072
1032,1074
1033,883
1033,886
1033,1023
1033,1025
1033,1032
1033,1033
1033,1035
1033,1039
1033,1055
1033,1056
1033,1058
1033,1061
1033,1068
1033,1069
1033,1070
1033,1071
1034,880
1034,883
1034,885
1034,886
1034,890
1034,914
1034,968
1034,1021
1034,1023
1034,1025
1034,1029
1034,1033
1034,1034
1034,1035
1034,1039
1034,1056
1034,1058
1034,1061
1034,1070
1034,1115
1035,880
1035,886
1035,890
1035,914
1035,1021
1035,1025
1035,1029
1035,1032
1035,1033
1035,1034
1035,1035
1035,1039
1035,1055
1035,1058
1035,1061
1035,1070
1039,886
1039,914
1039,1021
1039,1023
1039,1025
1039,1029
1039,1032
1039,1033
1039,1034
1039,1035
1039,1039
1039,1055
1039,1056
1039,1058
1039,1061
1039,1068
1055,1023
1055,1032
1055,1033
1055,1034
1055,1035
1055,1039
1055,1055
1055,1056
1055,1058
1055,1068
1055,1069
1055,1070
1055,1072
1055,1074
1055,1112
1056,1023
1056,1032
1056,1033
1056,1034
1056,1039
1056,1055
1056,1056
1056,1058
1056,1061
1056,1068
1056,1070
1056,1071
1056,1072
1056,1074
1058,885
1058,1023
1058,1029
1058,1032
1058,1033
1058,1034
1058,1035
1058,1039
1058,1055
1058,1056
1058,1058
1058,1068
1058,1069
1058,1070
1058,1072
1058,1113
1061,880
1061,883
1061,885
1061,886
1061,914
1061,968
1061,1021
1061,1025
1061,1029
1061,1034
1061,1035
1061,1039
1061,1056
1061,1061
1068,1023
1068,1032
1068,1033
1068,1034
1068,1035
1068,1039
1068,1055
1068,1056
1068,1058
1068,1068
1068,1069
1068,1070
1068,1071
1068,1072
1068,1112
1069,1023
1069,1033
1069,1055
1069,1056
1069,1058
1069,1069
1069,1070
1069,1071
1069,1072
1069,1106
1069,1110
1069,1111
1069,1112
1069,1113
1069,1115
1070,1023
1070,1032
1070,1039
1070,1055
1070,1056
1070,1058
1070,1068
1070,1069
1070,1070
1070,1071
1070,1072
1070,1074
1070,1110
1070,1119
1071,1023
1071,1032
1071,1055
1071,1056
1071,1058
1071,1069
1071,1070
1071,1071
1071,1072
1071,1074
1071,1106
1071,1110
1071,1111
1071,1112
1071,1113
1071,1115
1071,1119
1071,1142
1072,1032
1072,1055
1072,1058
1072,1068
1072,1069
1072,1070
1072,1071
1072,1072
1072,1074
1072,1106
1072,1110
1072,1111
1072,1112
1072,1113
1072,1115
1072,1119
1072,1137
1072,1142
1072,1160
1074,1056
1074,1071
1074,1072
1074,1074
1074,1106
1074,1110
1074,1111
1074,1112
1074,1113
1074,1115
1074,1119
1074,1122
1074,1131
1106,1071
1106,1072
1106,1074
1106,1106
1106,1110
1106,1111
1106,1112
1106,1113
1106,1115
1106,1119
1106,1122
1106,1142
1106,1160
1106,7726
1106,7728
1110,1023
1110,1032
1110,1069
1110,1070
1110,1071
1110,1072
1110,1074
1110,1106
1110,1110
1110,1111
1110,1112
1110,1113
1110,1115
1110,1119
1110,1122
1110,1142
1110,1257
1111,1068
1111,1069
1111,1070
1111,1071
1111,1072
1111,1074
1111,1106
1111,1110
1111,1111
1111,1112
1111,1113
1111,1115
1111,1142
1111,1249
1112,1069
1112,1071
1112,1074
1112,1106
1112,1110
1112,1111
1112,1112
1112,1113
1112,1115
1112,1119
1112,1122
1112,1131
1112,1137
1112,1142
1112,1147
1113,1069
1113,1071
1113,1072
1113,1074
1113,1106
1113,1110
1113,1111
1113,1112
1113,1113
1113,1115
1113,1119
1113,1142
1113,1160
1115,1069
1115,1070
1115,1071
1115,1074
1115,1106
1115,1110
1115,1111
1115,1112
1115,1113
1115,1115
1115,1122
1115,1131
1115,1137
1115,1142
1115,1214
1119,1072
1119,1074
1119,1106
1119,1110
1119,1112
1119,1113
1119,1115
1119,1119
1119,1122
1119,1142
1119,1147
1119,1160
1119,1205
1119,1249
1119,1257
1122,1072
1122,1074
1122,1106
1122,1110
1122,1111
1122,1112
1122,1113
1122,1119
1122,1122
1122,1131
1122,1142
1122,1147
1122,1160
1122,1249
1131,1074
1131,1106
1131,1111
1131,1112
1131,1119
1131,1122
1131,1131
1131,1137
1131,1142
1131,1147
1131,1160
1131,1205
1131,1214
1131,1234
1131,1235
1131,1236
1131,7727
1131,7728
1137,1106
1137,1115
1137,1122
1137,1131
1137,1137
1137,1147
1137,1160
1137,1205
1137,1214
1137,1236
1137,1249
1137,1257
1137,7612
1137,7616
1137,7726
1137,7727
1137,7728
1142,1072
1142,1074
1142,1106
1142,1110
1142,1112
1142,1113
1142,1115
1142,1119
1142,1122
1142,1131
1142,1137
1142,1142
1142,1147
1142,1160
1142,1236
1142,1249
1147,1106
1147,1112
1147,1119
1147,1122
1147,1131
1147,1137
1147,1142
1147,1147
1147,1205
1147,1234
1147,1236
1147,1249
1147,1257
1147,7726
1147,7727
1147,7728
1160,1074
1160,1111
1160,1112
1160,1113
1160,1115
1160,1131
1160,1137
1160,1142
1160,1147
1160,1160
1160,1205
1160,1214
1160,1234
1160,1235
1160,1236
1160,1249
1160,1257
1160,7726
1160,7728
1185,1185
1185,1186
1185,1187
1185,1201
1185,1212
1185,1229
1185,1231
1185,1279
1185,5895
1185,5911
1185,7720
1185,7722
1185,7731
1185,7742
1185,7745
1185,7748
1185,7749
1186,1186
1186,1188
1186,1190
1186,1193
1186,1199
1186,1201
1186,1208
1186,1212
1186,1265
1186,1267
1186,1304
1186,1306
1186,5873
1186,5874
1186,5883
1186,5886
1186,5888
1186,5895
1186,5896
1186,5901
1186,5909
1186,5911
1186,6358
1186,7131
1186,7134
1186,7598
1186,7720
1186,7722
1186,7732
1186,7742
1186,7745
1186,7748
1186,7749
1187,1185
1187,1188
1187,1197
1187,5895
1187,5896
1187,7134
1187,7742
1188,1185
1188,1186
1188,1187
1188,1188
1188,1193
1188,1201
1188,1202
1188,1333
1188,5873
1188,5874
1188,5896
1188,5912
1188,7722
1188,7731
1188,7742
1188,7749
1190,1185
1190,1186
1190,1191
1190,1193
1190,1197
1190,1206
1190,1229
1190,1267
1190,1306
1190,5886
1190,7722
1190,7732
1191,1191
1191,1194
1191,1195
1191,1204
1191,1206
1191,1261
1191,1267
1191,1272
1191,1280
1191,1284
1191,1286
1191,1291
1191,1292
1191,1294
1191,5880
1191,5887
1191,5888
1191,5898
1191,5902
1191,7131
1191,7598
1191,7603
1191,7652
1191,7742
1191,7954
1193,1186
1193,1187
1193,1190
1193,1193
1193,1199
1193,1208
1193,1212
1193,1221
1193,1229
1193,5895
1193,5896
1193,7134
1193,7601
1193,7720
1193,7722
1193,7742
1193,7745
1193,7749
1194,1191
1194,1194
1194,1198
1194,1230
1194,1272
1194,1279
1194,1284
1194,1286
1194,1294
1194,5880
1194,7131
1194,7598
1194,7599
1194,7601
1194,7603
1194,7720
1194,7742
1194,7954
1195,1191
1195,1262
1195,1291
1195,5902
1195,7598
1195,7599
1196,1205
1196,1232
1196,1233
1196,7327
1196,7328
1196,7606
1196,7608
1196,7609
1196,7612
1196,7616
1196,7726
1196,7728
1197,1193
1197,1197
1197,1198
1197,1211
1197,1230
1197,1237
1197,1264
1197,1280
1197,5888
1197,7131
1197,7134
1197,7599
1197,7720
1198,1186
1198,1197
1198,1198
1198,1204
1198,1206
1198,1210
1198,1225
1198,1230
1198,1262
1198,1264
1198,1265
1198,1267
1198,1272
1198,1279
1198,1280
1198,5888
1198,7134
1198,7598
1198,7603
1198,7652
1199,1185
1199,1201
1199,1208
1199,5911
1199,7722
1199,7748
1200,1200
1200,1201
1200,1221
1200,1314
1200,1326
1200,3124
1200,5873
1200,7722
1200,7732
1200,7742
1200,7745
1200,7748
1200,7749
1201,1185
1201,1188
1201,1193
1201,1199
1201,1201
1201,1202
1201,1204
1201,1208
1201,1229
1201,1231
1201,1304
1201,1306
1201,1314
1201,1326
1201,5883
1201,5909
1201,5911
1201,5912
1201,7134
1201,7720
1201,7731
1201,7732
1201,7742
1201,7745
1201,7748
1201,7749
1202,1186
1202,1201
1202,1204
1202,1212
1202,1304
1202,1306
1202,5895
1202,5909
1202,5912
1202,7722
1202,7731
1202,7742
1202,7749
1204,101
1204,1200
1204,1201
1204,1202
1204,1204
1204,1208
1204,1212
1204,1229
1204,1306
1204,1314
1204,5867
1204,5873
1204,5874
1204,5895
1204,5896
1204,5909
1204,7722
1204,7731
1204,7742
1204,7745
1204,7748
1204,7749
1205,1137
1205,1147
1205,1160
1205,1196
1205,1205
1205,1214
1205,1232
1205,1233
1205,1234
1205,1235
1205,1236
1205,1249
1205,1257
1205,1288
1205,7327
1205,7328
1205,7726
1205,7727
1205,7728
1206,1191
1206,1195
1206,1198
1206,1206
1206,1230
1206,1262
1206,1268
1206,1272
1206,1279
1206,1294
1206,5892
1206,7134
1206,7598
1206,7599
1206,7953
1208,1186
1208,1199
1208,1201
1208,1208
1208,1231
1208,7722
1208,7732
1208,7742
1208,7748
1210,1191
1210,1230
1210,1272
1210,1279
1210,7131
1210,7598
1210,7601
1210,7603
1211,1211
1211,1224
1211,1225
1211,1230
1211,1238
1211,1269
1211,1284
1211,5888
1211,6359
1211,7603
1211,7612
1211,7753
1211,7954
1212,1185
1212,1186
1212,1204
1212,1229
1212,7598
1212,7722
1214,0
1214,1137
1214,1147
1214,1196
1214,1205
1214,1214
1214,1234
1214,1235
1214,1236
1214,1257
1214,6359
1214,7606
1214,7615
1214,7726
1214,7727
1214,7728
1221,101
1221,1200
1221,1202
1221,1306
1221,5896
1221,5912
1221,7732
1222,1222
1222,1225
1222,1227
1222,1261
1222,1269
1222,1292
1222,6359
1222,6360
1222,7604
1222,7606
1222,7608
1222,7609
1222,7612
1222,7616
1222,7751
1222,7753
1222,7782
1222,7953
1222,7954
1224,1211
1224,1224
1224,1227
1224,1238
1224,1292
1224,5901
1224,7599
1224,7601
1224,7652
1224,7751
1224,7782
1224,7954
1225,1191
1225,1222
1225,1225
1225,1226
1225,1227
1225,1230
1225,1269
1225,1280
1225,1292
1225,5887
1225,5889
1225,5901
1225,5908
1225,6359
1225,7598
1225,7601
1225,7603
1225,7604
1225,7606
1225,7753
1225,7953
1225,7954
1226,1222
1226,1226
1226,1292
1226,5892
1226,5901
1226,6359
1226,7606
1226,7751
1226,7782
1226,7953
1227,1194
1227,1222
1227,1224
1227,1226
1227,1227
1227,1292
1227,5889
1227,6359
1227,7601
1227,7603
1227,7604
1227,7612
1227,7751
1227,7753
1227,7782
1227,7954
1229,1185
1229,1186
1229,1187
1229,1188
1229,1190
1229,1193
1229,1199
1229,1201
1229,1204
1229,1229
1229,5873
1229,5874
1229,5883
1229,5895
1229,5896
1229,5911
1229,7131
1229,7134
1229,7720
1229,7732
1229,7742
1229,7745
1229,7748
1229,7749
1230,1191
1230,1194
1230,1206
1230,1210
1230,1230
1230,1261
1230,1262
1230,1267
1230,1268
1230,1272
1230,1281
1230,1284
1230,1286
1230,5880
1230,5888
1230,5898
1230,7131
1230,7134
1230,7598
1230,7599
1230,7601
1230,7603
1230,7722
1230,7742
1230,7954
1231,1185
1231,1186
1231,1202
1231,1229
1231,1279
1231,5873
1231,5909
1231,7731
1231,7749
1232,1196
1232,1205
1232,1232
1232,1233
1232,1234
1232,1235
1232,7327
1232,7328
1232,7608
1232,7615
1232,7616
1232,7726
1232,7727
1232,7728
1233,1196
1233,1205
1233,1232
1233,1233
1233,1235
1233,1288
1233,7327
1233,7328
1233,7608
1233,7612
1233,7615
1233,7616
1233,7726
1233,7727
1233,7728
1234,1137
1234,1142
1234,1160
1234,1196
1234,1205
1234,1214
1234,1232
1234,1234
1234,1235
1234,1236
1234,1257
1234,1288
1234,7327
1234,7328
1234,7616
1234,7726
1234,7727
1234,7728
1235,1131
1235,1147
1235,1160
1235,1196
1235,1205
1235,1214
1235,1232
1235,1234
1235,1235
1235,1236
1235,1249
1235,1257
1235,7327
1235,7328
1235,7608
1235,7616
1235,7726
1235,7727
1235,7728
1236,1137
1236,1160
1236,1205
1236,1214
1236,1234
1236,1235
1236,1236
1236,1249
1236,7608
1236,7726
1236,7727
1236,7728
1237,1197
1237,1198
1237,1280
1237,5888
1237,5909
1237,7131
1237,7134
1238,1211
1238,1269
1238,7603
1238,7722
1238,7753
1238,7782
1238,7954
1241,0
1242,7608
1242,7609
1242,7612
1242,7615
1242,7616
1242,7726
1242,7727
1242,7728
1249,0
1249,1119
1249,1122
1249,1131
1249,1137
1249,1142
1249,1147
1249,1205
1249,1234
1249,1235
1249,1236
1249,1249
1249,1257
1249,7726
1249,7727
1257,1119
1257,1122
1257,1131
1257,1137
1257,1142
1257,1147
1257,1160
1257,1205
1257,1214
1257,1234
1257,1235
1257,1249
1257,1257
1257,7616
1257,7726
1260,502
1261,1191
1261,1224
1261,1261
1261,1280
1261,1283
1261,1291
1261,1292
1261,5887
1261,5889
1261,5901
1261,5904
1261,6360
1261,7601
1261,7606
1261,7652
1261,7954
1262,1198
1262,1200
1262,1237
1262,1264
1262,1272
1262,1279
1262,5886
1262,7134
1264,1186
1264,1195
1264,1197
1264,1198
1264,1262
1264,1264
1264,1279
1264,5895
1264,5904
1264,7134
1264,7598
1264,7601
1265,1198
1265,1267
1265,1268
1265,5902
1265,6358
1265,7134
1265,7599
1265,7601
1267,1186
1267,1191
1267,1198
1267,1206
1267,1230
1267,1265
1267,1267
1267,1279
1267,1280
1267,1286
1267,5880
1267,5888
1267,7131
1267,7134
1267,7601
1268,1206
1268,1230
1268,5888
1268,6358
1268,7131
1268,7134
1269,1211
1269,1224
1269,1261
1269,1292
1269,5901
1269,6360
1269,7601
1269,7954
1272,1190
1272,1191
1272,1194
1272,1197
1272,1230
1272,1265
1272,1272
1272,1283
1272,5880
1272,5888
1272,7131
1272,7652
1272,7722
1279,1186
1279,1195
1279,1197
1279,1198
1279,1206
1279,1211
1279,1230
1279,1262
1279,1267
1279,1268
1279,1272
1279,1279
1279,1280
1279,1284
1279,1286
1279,1291
1279,1292
1279,5880
1279,5887
1279,5888
1279,5892
1279,6360
1279,7131
1279,7598
1279,7599
1279,7601
1279,7603
1279,7652
1279,7722
1279,7745
1280,1193
1280,1194
1280,1195
1280,1198
1280,1206
1280,1212
1280,1230
1280,1237
1280,1261
1280,1264
1280,1279
1280,1280
1280,1281
1280,1284
1280,1291
1280,1292
1280,1294
1280,5911
1280,6358
1280,7601
1280,7603
1280,7652
1281,1194
1281,1229
1281,1237
1281,1291
1281,1294
1281,5902
1281,7601
1283,1211
1283,1224
1283,1261
1283,1292
1283,5887
1283,5898
1283,7603
1283,7954
1284,1191
1284,1194
1284,1210
1284,1286
1284,1291
1284,1292
1284,7134
1284,7598
1286,1194
1286,1230
1286,1262
1286,1281
1286,1294
1286,7131
1286,7601
1288,1205
1288,1242
1288,1269
1288,1288
1288,7328
1288,7615
1288,7616
1288,7726
1291,1191
1291,1195
1291,1279
1291,1281
1291,1291
1291,1292
1291,5880
1291,5901
1291,7131
1291,7598
1291,7599
1291,7601
1291,7652
1292,1197
1292,1206
1292,1224
1292,1225
1292,1227
1292,1238
1292,1261
1292,1280
1292,1281
1292,1283
1292,1286
1292,1292
1292,5883
1292,5901
1292,5902
1292,5908
1292,7598
1292,7599
1292,7601
1292,7603
1292,7609
1292,7612
1292,7751
1292,7753
1292,7953
1292,7954
1294,1194
1294,1230
1294,1279
1294,1280
1294,1281
1294,1294
1294,5902
1294,5912
1294,7131
1294,7598
1294,7652
1294,7954
1302,101
1302,1200
1302,1304
1302,1306
1302,1326
1302,3329
1304,101
1304,1200
1304,1204
1304,1231
1304,1302
1304,1304
1304,1306
1304,1326
1304,1333
1304,3124
1304,3139
1304,5867
1304,5895
1304,6010
1304,6357
1304,7720
1304,7731
1304,7732
1304,7748
1304,7749
1306,101
1306,1201
1306,1221
1306,1302
1306,1304
1306,1306
1306,1314
1306,1326
1306,1333
1306,1334
1306,3124
1306,3139
1306,3399
1306,5867
1306,5895
1306,6357
1306,7731
1306,7732
1306,7748
1306,7749
1310,311
1310,1310
1310,1337
1310,1347
1310,1451
1310,1468
1310,1501
1310,1590
1310,2675
1310,3121
1310,3145
1310,3147
1310,3985
1314,101
1314,1302
1314,1304
1314,1306
1314,1314
1314,1326
1314,1333
1314,3124
1314,3139
1314,3238
1314,3293
1314,3399
1314,6010
1314,6352
1314,7732
1314,7745
1326,101
1326,1201
1326,1302
1326,1304
1326,1306
1326,1314
1326,1326
1326,1333
1326,3124
1326,3139
1326,3238
1326,3322
1326,3399
1326,5867
1326,6010
1326,6352
1326,6357
1326,7732
1326,7749
1333,101
1333,1200
1333,1302
1333,1304
1333,1306
1333,1314
1333,1326
1333,1333
1333,3124
1333,3139
1333,3238
1333,3259
1333,3275
1333,3399
1333,6010
1333,6352
1333,6357
1333,7731
1333,7732
1334,1326
1337,311
1337,1310
1337,1337
1337,1347
1337,1451
1337,1468
1337,1501
1337,1587
1337,1627
1337,1675
1337,1752
1337,1781
1337,1997
1337,3121
1337,3145
1337,3147
1337,3985
1347,311
1347,1310
1347,1337
1347,1347
1347,1451
1347,1468
1347,1501
1347,1587
1347,1675
1347,2035
1347,2496
1347,2667
1347,2675
1347,3121
1347,3145
1347,3147
1347,3985
1451,311
1451,1310
1451,1337
1451,1347
1451,1451
1451,1468
1451,1501
1451,1587
1451,1590
1451,1627
1451,1675
1451,1749
1451,1752
1451,1850
1451,3121
1451,3147
1451,3985
1468,548
1468,1310
1468,1337
1468,1347
1468,1451
1468,1468
1468,1501
1468,1587
1468,1590
1468,1627
1468,1675
1468,1752
1468,2022
1468,3121
1468,3147
1501,311
1501,1310
1501,1337
1501,1347
1501,1451
1501,1468
1501,1501
1501,1587
1501,1627
1501,1675
1501,1752
1501,1781
1501,2035
1501,2595
1501,3121
1501,3145
1501,3147
1501,3985
1587,324
1587,548
1587,1337
1587,1347
1587,1451
1587,1468
1587,1587
1587,1590
1587,1627
1587,1675
1587,1749
1587,1752
1587,1781
1587,1850
1587,2022
1587,2035
1590,775
1590,1310
1590,1337
1590,1451
1590,1468
1590,1501
1590,1587
1590,1590
1590,1627
1590,1675
1590,1752
1590,1781
1590,1997
1590,2022
1590,3985
1627,548
1627,1310
1627,1451
1627,1468
1627,1501
1627,1587
1627,1590
1627,1627
1627,1675
1627,1752
1627,1781
1627,1997
1627,2022
1627,2035
1627,3985
1675,3
1675,552
1675,1310
1675,1347
1675,1451
1675,1468
1675,1501
1675,1587
1675,1590
1675,1627
1675,1675
1675,1749
1675,1752
1675,1781
1675,1850
1675,1997
1675,2022
1675,2035
1749,3
1749,7
1749,420
1749,539
1749,552
1749,797
1749,1451
1749,1587
1749,1590
1749,1749
1749,1752
1749,1781
1749,1850
1749,1997
1749,2022
1749,2035
1752,539
1752,548
1752,1337
1752,1468
1752,1501
1752,1587
1752,1627
1752,1675
1752,1749
1752,1752
1752,1781
1752,1850
1752,2022
1781,0
1781,3
1781,552
1781,1337
1781,1451
1781,1468
1781,1587
1781,1590
1781,1627
1781,1675
1781,1749
1781,1752
1781,1781
1781,1997
1781,2022
1781,2035
1850,3
1850,204
1850,539
1850,552
1850,553
1850,797
1850,1587
1850,1675
1850,1749
1850,1752
1850,1781
1850,1850
1850,1997
1850,2022
1850,2035
1993,1993
1993,2099
1993,2114
1993,2129
1993,2263
1993,2342
1993,2355
1993,2496
1993,4055
1993,4212
1993,4428
1993,4431
1993,4450
1993,4511
1993,4570
1993,4576
1997,3
1997,7
1997,143
1997,420
1997,539
1997,552
1997,553
1997,677
1997,691
1997,771
1997,772
1997,775
1997,788
1997,1587
1997,1590
1997,1675
1997,1749
1997,1850
1997,1997
1997,2022
1997,2035
2022,0
2022,3
2022,204
2022,420
2022,548
2022,553
2022,1451
2022,1587
2022,1627
2022,1749
2022,1752
2022,1781
2022,1850
2022,1997
2022,2022
2022,2035
2035,0
2035,3
2035,539
2035,552
2035,553
2035,691
2035,1587
2035,1627
2035,1749
2035,1752
2035,1781
2035,1850
2035,1997
2035,2022
2035,2035
2099,1993
2099,2099
2099,2114
2099,2129
2099,2263
2099,2340
2099,2355
2099,2496
2099,4055
2099,4319
2099,4425
2099,4428
2099,4511
2099,4570
2099,4576
2114,243
2114,1993
2114,2099
2114,2114
2114,2129
2114,2263
2114,2340
2114,2342
2114,2355
2114,2496
2114,2595
2114,4055
2114,4450
2114,4511
2114,4570
2114,4576
2129,243
2129,1501
2129,1993
2129,2099
2129,2114
2129,2129
2129,2263
2129,2340
2129,2355
2129,2496
2129,2517
2129,2595
2129,4450
2129,4570
2129,4576
2263,243
2263,1993
2263,2114
2263,2129
2263,2263
2263,2340
2263,2342
2263,2355
2263,2496
2263,2517
2263,3121
2263,3985
2263,4055
2263,4450
2263,4511
2263,4570
2263,4576
2340,243
2340,311
2340,1347
2340,2099
2340,2114
2340,2263
2340,2340
2340,2342
2340,2355
2340,2496
2340,2517
2340,2667
2340,2675
2340,3121
2340,4055
2342,243
2342,2114
2342,2129
2342,2263
2342,2340
2342,2342
2342,2355
2342,2496
2342,2517
2342,2595
2342,2667
2342,2675
2342,3121
2342,3145
2342,3147
2342,4570
2355,243
2355,1993
2355,2099
2355,2114
2355,2129
2355,2263
2355,2340
2355,2342
2355,2355
2355,2517
2355,2595
2355,3147
2355,4055
2496,243
2496,311
2496,2114
2496,2129
2496,2340
2496,2342
2496,2355
2496,2496
2496,2517
2496,2595
2496,2667
2496,2675
2496,3985
2517,243
2517,311
2517,1993
2517,2099
2517,2114
2517,2129
2517,2263
2517,2340
2517,2342
2517,2355
2517,2496
2517,2517
2517,2595
2517,2667
2517,2675
2517,3147
2595,243
2595,311
2595,1337
2595,1627
2595,1675
2595,2114
2595,2263
2595,2340
2595,2342
2595,2355
2595,2496
2595,2595
2595,2667
2595,2675
2595,3147
2667,311
2667,1310
2667,1347
2667,1675
2667,2114
2667,2263
2667,2340
2667,2342
2667,2496
2667,2595
2667,2667
2667,2675
2667,3121
2667,3145
2667,3985
2675,243
2675,311
2675,1310
2675,1501
2675,2340
2675,2342
2675,2355
2675,2496
2675,2517
2675,2667
2675,2675
2675,3121
2675,3145
2675,3147
2675,3985
3121,311
3121,1310
3121,1337
3121,1347
3121,1501
3121,1752
3121,2517
3121,2595
3121,2667
3121,2675
3121,3121
3121,3145
3121,3147
3121,3985
3124,101
3124,1302
3124,1304
3124,1306
3124,1314
3124,1326
3124,1333
3124,3124
3124,3139
3124,3238
3124,3259
3124,3270
3124,3275
3124,3293
3124,3318
3124,3320
3124,3322
3124,3329
3124,3338
3124,5867
3124,6010
3124,6352
3124,7732
3139,101
3139,1306
3139,1314
3139,1326
3139,1333
3139,3124
3139,3139
3139,3238
3139,3259
3139,3270
3139,3293
3139,3318
3139,3329
3139,3333
3139,3338
3139,3399
3139,6010
3139,6352
3145,243
3145,311
3145,1310
3145,1337
3145,1347
3145,1451
3145,1501
3145,2340
3145,2342
3145,2496
3145,2517
3145,2667
3145,3145
3145,3147
3145,3985
3147,1310
3147,1337
3147,1347
3147,1468
3147,1501
3147,1627
3147,1752
3147,2355
3147,2496
3147,2517
3147,2595
3147,2675
3147,3121
3147,3145
3147,3147
3147,3985
3238,101
3238,3139
3238,3238
3238,3259
3238,3270
3238,3275
3238,3293
3238,3318
3238,3320
3238,3322
3238,3329
3238,3333
3238,3399
3259,101
3259,3139
3259,3238
3259,3259
3259,3270
3259,3275
3259,3293
3259,3318
3259,3322
3259,3329
3259,3333
3259,3399
3259,3428
3259,3432
3270,3124
3270,3139
3270,3238
3270,3259
3270,3270
3270,3275
3270,3293
3270,3320
3270,3322
3270,3329
3270,3338
3270,3417
3275,1333
3275,3124
3275,3139
3275,3238
3275,3259
3275,3270
3275,3275
3275,3293
3275,3318
3275,3320
3275,3322
3275,3329
3275,3333
3275,3338
3275,3399
3293,3124
3293,3139
3293,3238
3293,3259
3293,3270
3293,3275
3293,3293
3293,3318
3293,3320
3293,3322
3293,3329
3293,3399
3293,3432
3293,3433
3318,3124
3318,3139
3318,3259
3318,3270
3318,3275
3318,3293
3318,3318
3318,3320
3318,3322
3318,3329
3318,3338
3318,3399
3318,3417
3318,3428
3318,3528
3318,3548
3320,101
3320,374
3320,3124
3320,3139
3320,3238
3320,3270
3320,3275
3320,3293
3320,3318
3320,3320
3320,3322
3320,3329
3320,3333
3320,3338
3320,3417
3320,3420
3320,3425
3320,3430
3320,3528
3320,3548
3322,3124
3322,3139
3322,3238
3322,3259
3322,3270
3322,3275
3322,3293
3322,3318
3322,3320
3322,3322
3322,3329
3322,3333
3322,3338
3322,3399
3322,3417
3322,3420
3322,3548
3329,3124
3329,3139
3329,3238
3329,3259
3329,3270
3329,3275
3329,3293
3329,3318
3329,3320
3329,3322
3329,3329
3329,3333
3329,3338
3329,3399
3333,101
3333,3238
3333,3259
3333,3293
3333,3318
3333,3320
3333,3322
3333,3329
3333,3333
3333,3338
3333,3417
3333,3420
3333,3425
3333,3428
3333,3432
3333,3433
3333,3528
3333,3548
3333,3586
3338,0
3338,3238
3338,3293
3338,3318
3338,3320
3338,3322
3338,3329
3338,3333
3338,3338
3338,3417
3338,3420
3338,3425
3338,3428
3338,3432
3338,3433
3338,3528
3338,3548
3399,1306
3399,1314
3399,1326
3399,1333
3399,3124
3399,3139
3399,3238
3399,3259
3399,3270
3399,3293
3399,3318
3399,3320
3399,3329
3399,3399
3399,3422
3399,3528
3417,374
3417,3275
3417,3293
3417,3322
3417,3333
3417,3338
3417,3417
3417,3420
3417,3425
3417,3428
3417,3432
3417,3433
3417,3505
3417,3528
3417,3548
3417,3572
3420,3320
3420,3322
3420,3333
3420,3338
3420,3417
3420,3420
3420,3425
3420,3430
3420,3432
3420,3433
3420,3505
3420,3528
3420,3548
3422,374
3422,3333
3422,3417
3422,3422
3422,3425
3422,3428
3422,3430
3422,3432
3422,3433
3422,3439
3422,3441
3422,3448
3422,3505
3422,3548
3422,3572
3422,3586
3422,3824
3422,5482
3425,3320
3425,3333
3425,3338
3425,3417
3425,3422
3425,3425
3425,3428
3425,3430
3425,3432
3425,3433
3425,3439
3425,3448
3425,3528
3425,3548
3425,3586
3425,5283
3428,374
3428,3320
3428,3338
3428,3420
3428,3422
3428,3425
3428,3428
3428,3432
3428,3433
3428,3439
3428,3441
3428,3448
3428,3528
3428,3548
3428,3572
3430,374
3430,3338
3430,3417
3430,3420
3430,3422
3430,3425
3430,3428
3430,3430
3430,3432
3430,3439
3430,3441
3430,3448
3430,3505
3430,3528
3430,3548
3430,3572
3430,3586
3430,3824
3430,5291
3430,5373
3430,5378
3432,374
3432,3333
3432,3338
3432,3417
3432,3420
3432,3422
3432,3425
3432,3428
3432,3430
3432,3432
3432,3433
3432,3439
3432,3505
3432,3528
3432,3548
3432,3572
3432,3586
3433,0
3433,3320
3433,3329
3433,3333
3433,3417
3433,3420
3433,3422
3433,3425
3433,3428
3433,3430
3433,3432
3433,3433
3433,3448
3433,3528
3433,3548
3439,374
3439,3422
3439,3428
3439,3430
3439,3432
3439,3439
3439,3441
3439,3448
3439,3505
3439,3572
3439,3586
3439,3824
3439,5283
3439,5291
3441,3422
3441,3430
3441,3439
3441,3441
3441,3448
3441,3505
3441,3572
3441,3586
3441,3824
3441,5283
3441,5291
3441,5358
3448,374
3448,3422
3448,3425
3448,3428
3448,3430
3448,3433
3448,3439
3448,3441
3448,3448
3448,3505
3448,3548
3448,3572
3448,3586
3448,3824
3448,5283
3448,5291
3448,5373
3448,5390
3448,5485
3505,374
3505,3422
3505,3425
3505,3428
3505,3430
3505,3432
3505,3441
3505,3448
3505,3505
3505,3572
3505,3586
3505,3824
3505,5283
3505,5291
3505,5364
3528,0
3528,3322
3528,3333
3528,3338
3528,3417
3528,3420
3528,3422
3528,3425
3528,3428
3528,3432
3528,3433
3528,3441
3528,3528
3528,3548
3528,3572
3528,5482
3548,0
3548,3320
3548,3322
3548,3333
3548,3338
3548,3417
3548,3420
3548,3422
3548,3425
3548,3432
3548,3433
3548,3528
3548,3548
3572,374
3572,3422
3572,3428
3572,3430
3572,3439
3572,3441
3572,3448
3572,3505
3572,3572
3572,3586
3572,3824
3572,5291
3572,5373
3572,5482
3586,374
3586,3432
3586,3441
3586,3448
3586,3505
3586,3572
3586,3586
3586,3824
3586,5283
3586,5291
3586,5368
3586,5482
3824,374
3824,3428
3824,3430
3824,3439
3824,3441
3824,3448
3824,3505
3824,3572
3824,3586
3824,3824
3824,5283
3824,5291
3824,5364
3824,5378
3824,5431
3824,5482
3824,5485
3824,5621
3835,3835
3835,4584
3835,4645
3835,4661
3835,4711
3835,4828
3835,4855
3835,5364
3835,5390
3835,5450
3835,5459
3835,5555
3835,5559
3835,5621
3835,5648
3867,125
3867,3867
3867,3980
3867,4020
3867,4038
3867,4162
3867,4164
3867,4241
3867,5047
3867,5061
3867,5171
3867,5197
3867,5234
3867,5316
3980,3867
3980,3980
3980,4020
3980,4038
3980,4162
3980,4178
3980,4224
3980,4241
3980,4887
3980,5047
3980,5058
3980,5061
3980,5171
3980,5197
3980,5234
3980,5316
3985,243
3985,311
3985,1310
3985,1337
3985,1347
3985,1451
3985,1501
3985,2595
3985,2667
3985,2675
3985,3121
3985,3145
3985,3147
3985,3985
4020,125
4020,3980
4020,4020
4020,4038
4020,4162
4020,4164
4020,4178
4020,4241
4020,4319
4020,5058
4020,5061
4020,5171
4020,5197
4020,5234
4020,5316
4038,125
4038,2263
4038,3867
4038,3980
4038,4020
4038,4038
4038,4162
4038,4164
4038,4167
4038,4212
4038,4241
4038,4319
4038,4425
4038,4450
4038,5234
4055,1993
4055,2099
4055,2114
4055,2129
4055,2496
4055,2517
4055,3145
4055,4055
4055,4212
4055,4428
4055,4450
4055,4511
4055,4570
4055,4576
4162,2099
4162,3867
4162,3980
4162,4162
4162,4164
4162,4167
4162,4178
4162,4224
4162,4241
4162,4319
4162,4425
4162,4428
4162,4431
4162,4450
4162,5197
4164,0
4164,3867
4164,4038
4164,4162
4164,4164
4164,4167
4164,4178
4164,4212
4164,4224
4164,4241
4164,4319
4164,4425
4164,4428
4164,4431
4164,5234
4167,1993
4167,4020
4167,4038
4167,4162
4167,4164
4167,4167
4167,4178
4167,4212
4167,4224
4167,4241
4167,4319
4167,4425
4167,4428
4167,4431
4167,4576
4167,5171
4167,5197
4178,0
4178,2114
4178,3867
4178,3980
4178,4020
4178,4038
4178,4162
4178,4164
4178,4167
4178,4178
4178,4212
4178,4224
4178,4241
4178,4319
4178,4425
4178,4428
4178,4431
4178,4450
4178,4511
4212,0
4212,1993
4212,2340
4212,4020
4212,4162
4212,4164
4212,4178
4212,4212
4212,4224
4212,4319
4212,4425
4212,4431
4212,4450
4212,4570
4212,4576
4224,2114
4224,2263
4224,3867
4224,3980
4224,4038
4224,4162
4224,4164
4224,4167
4224,4178
4224,4212
4224,4224
4224,4241
4224,4319
4224,4428
4224,4431
4224,4450
4224,4511
4224,5234
4241,0
4241,125
4241,3867
4241,3980
4241,4020
4241,4038
4241,4162
4241,4164
4241,4167
4241,4178
4241,4212
4241,4224
4241,4241
4241,4431
4241,5171
4241,5197
4241,5234
4319,1993
4319,4038
4319,4055
4319,4162
4319,4164
4319,4167
4319,4178
4319,4212
4319,4224
4319,4241
4319,4319
4319,4425
4319,4428
4319,4431
4319,4511
4319,4576
4425,1993
4425,2129
4425,4055
4425,4162
4425,4164
4425,4167
4425,4178
4425,4319
4425,4425
4425,4428
4425,4431
4425,4450
4425,4511
4428,1993
4428,2099
4428,2595
4428,4055
4428,4164
4428,4178
4428,4212
4428,4224
4428,4241
4428,4319
4428,4425
4428,4428
4428,4450
4428,4511
4428,4570
4428,4576
4431,1993
4431,2099
4431,4020
4431,4162
4431,4164
4431,4167
4431,4178
4431,4212
4431,4224
4431,4241
4431,4319
4431,4425
4431,4428
4431,4431
4431,4450
4431,4511
4431,4570
4431,4576
4450,2099
4450,2129
4450,4055
4450,4164
4450,4167
4450,4178
4450,4319
4450,4425
4450,4428
4450,4431
4450,4450
4450,4511
4450,4570
4450,4576
4511,311
4511,1993
4511,2099
4511,2129
4511,2263
4511,4055
4511,4162
4511,4167
4511,4178
4511,4212
4511,4319
4511,4425
4511,4428
4511,4450
4511,4511
4511,4570
4511,4576
4570,1993
4570,2099
4570,2114
4570,2263
4570,2342
4570,2355
4570,4055
4570,4167
4570,4212
4570,4425
4570,4428
4570,4431
4570,4450
4570,4511
4570,4570
4570,4576
4576,1993
4576,2099
4576,2114
4576,2129
4576,2263
4576,2355
4576,4055
4576,4178
4576,4425
4576,4428
4576,4431
4576,4450
4576,4511
4576,4570
4576,4576
4584,3835
4584,4584
4584,4645
4584,4661
4584,4711
4584,4825
4584,4828
4584,4848
4584,4855
4584,4902
4584,5058
4584,5061
4584,5171
4584,5450
4584,5459
4584,5555
4584,5556
4584,5621
4645,3835
4645,4584
4645,4645
4645,4661
4645,4711
4645,4825
4645,4828
4645,4848
4645,4855
4645,4887
4645,4902
4645,5058
4645,5197
4645,5559
4645,5621
4645,5648
4661,3835
4661,3867
4661,4584
4661,4645
4661,4661
4661,4825
4661,4828
4661,4848
4661,4855
4661,4887
4661,4902
4661,5047
4661,5058
4661,5061
4661,5316
4661,5559
4661,5621
4711,3835
4711,4584
4711,4645
4711,4661
4711,4711
4711,4825
4711,4848
4711,4855
4711,4887
4711,5047
4711,5058
4711,5450
4711,5459
4711,5555
4711,5556
4711,5559
4711,5621
4825,125
4825,4645
4825,4661
4825,4825
4825,4828
4825,4848
4825,4855
4825,4887
4825,4902
4825,5047
4825,5061
4825,5559
4825,5621
4828,125
4828,4584
4828,4645
4828,4661
4828,4711
4828,4825
4828,4828
4828,4848
4828,4855
4828,4902
4828,5047
4828,5316
4828,5450
4828,5559
4848,3835
4848,4584
4848,4645
4848,4661
4848,4711
4848,4825
4848,4828
4848,4848
4848,4855
4848,4887
4848,4902
4848,5047
4848,5058
4848,5061
4848,5171
4848,5316
4848,5621
4855,4584
4855,4645
4855,4661
4855,4711
4855,4825
4855,4828
4855,4848
4855,4855
4855,4887
4855,4902
4855,5047
4855,5061
4855,5197
4855,5559
4887,125
4887,3980
4887,4224
4887,4584
4887,4645
4887,4661
4887,4825
4887,4828
4887,4848
4887,4855
4887,4887
4887,4902
4887,5047
4887,5171
4887,5234
4887,5316
4902,125
4902,3835
4902,3867
4902,4645
4902,4661
4902,4828
4902,4848
4902,4855
4902,4887
4902,4902
4902,5047
4902,5058
4902,5061
4902,5171
4902,5234
4902,5316
5047,0
5047,125
5047,3980
5047,4178
5047,4645
5047,4661
5047,4825
5047,4828
5047,4848
5047,4855
5047,4887
5047,4902
5047,5047
5047,5058
5047,5061
5047,5171
5047,5197
5047,5316
5058,125
5058,3980
5058,4020
5058,4241
5058,4584
5058,4645
5058,4661
5058,4825
5058,4848
5058,4855
5058,4902
5058,5047
5058,5058
5058,5061
5058,5171
5058,5234
5058,5316
5061,125
5061,3867
5061,4825
5061,4848
5061,4855
5061,4887
5061,4902
5061,5047
5061,5058
5061,5061
5061,5171
5061,5197
5061,5316
5171,125
5171,3867
5171,3980
5171,4020
5171,4224
5171,4241
5171,4511
5171,4902
5171,5047
5171,5058
5171,5061
5171,5171
5171,5197
5171,5234
5171,5316
5197,125
5197,3867
5197,3980
5197,4020
5197,4038
5197,4162
5197,4167
5197,4241
5197,4319
5197,4855
5197,4902
5197,5047
5197,5058
5197,5171
5197,5197
5197,5234
5197,5316
5234,125
5234,3867
5234,3980
5234,4020
5234,4038
5234,4167
5234,4212
5234,4241
5234,5058
5234,5171
5234,5197
5234,5234
5234,5316
5283,0
5283,374
5283,3441
5283,3448
5283,3505
5283,3572
5283,3824
5283,5283
5283,5291
5283,5358
5283,5364
5283,5368
5283,5373
5283,5378
5283,5390
5283,5482
5283,5555
5291,374
5291,3428
5291,3430
5291,3439
5291,3441
5291,3505
5291,3572
5291,3586
5291,3824
5291,5283
5291,5291
5291,5358
5291,5364
5291,5368
5291,5373
5291,5431
5291,5459
5291,5485
5316,125
5316,3867
5316,3980
5316,4020
5316,4038
5316,4164
5316,4224
5316,4645
5316,4661
5316,4711
5316,4855
5316,4887
5316,4902
5316,5047
5316,5058
5316,5061
5316,5197
5316,5316
5358,3824
5358,5283
5358,5291
5358,5358
5358,5364
5358,5368
5358,5373
5358,5378
5358,5390
5358,5459
5358,5482
5358,5485
5358,5555
5358,5559
5358,5621
5364,3835
5364,4855
5364,5291
5364,5358
5364,5364
5364,5368
5364,5373
5364,5378
5364,5390
5364,5431
5364,5459
5364,5482
5364,5485
5364,5559
5364,5648
5368,0
5368,374
5368,3824
5368,5283
5368,5291
5368,5364
5368,5368
5368,5373
5368,5378
5368,5390
5368,5450
5368,5459
5368,5482
5368,5485
5373,0
5373,374
5373,3439
5373,3441
5373,3505
5373,3572
5373,3586
5373,5283
5373,5291
5373,5358
5373,5368
5373,5373
5373,5378
5373,5450
5373,5482
5373,5485
5373,5648
5378,0
5378,5283
5378,5291
5378,5358
5378,5364
5378,5368
5378,5378
5378,5390
5378,5450
5378,5459
5378,5482
5378,5485
5378,5555
5390,0
5390,5358
5390,5364
5390,5368
5390,5390
5390,5431
5390,5450
5390,5459
5390,5482
5390,5485
5390,5555
5390,5556
5390,5559
5390,5648
5431,3835
5431,4887
5431,5283
5431,5358
5431,5364
5431,5368
5431,5378
5431,5390
5431,5431
5431,5459
5431,5482
5431,5485
5431,5556
5431,5621
5431,5648
5450,0
5450,3835
5450,4584
5450,4645
5450,4711
5450,4828
5450,5358
5450,5364
5450,5390
5450,5450
5450,5459
5450,5555
5450,5556
5450,5559
5450,5621
5450,5648
5459,0
5459,3824
5459,3835
5459,4584
5459,5291
5459,5358
5459,5368
5459,5378
5459,5390
5459,5431
5459,5450
5459,5459
5459,5482
5459,5555
5459,5556
5459,5559
5459,5621
5459,5648
5482,3586
5482,3824
5482,5283
5482,5291
5482,5358
5482,5364
5482,5368
5482,5373
5482,5378
5482,5390
5482,5431
5482,5482
5482,5485
5485,374
5485,3448
5485,5283
5485,5358
5485,5364
5485,5368
5485,5373
5485,5378
5485,5390
5485,5431
5485,5459
5485,5482
5485,5485
5555,3835
5555,4584
5555,4661
5555,5390
5555,5431
5555,5450
5555,5459
5555,5555
5555,5556
5555,5559
5555,5621
5555,5648
5556,0
5556,3835
5556,4584
5556,4645
5556,4661
5556,4711
5556,5364
5556,5378
5556,5431
5556,5450
5556,5459
5556,5555
5556,5556
5556,5559
5556,5621
5556,5648
5559,3835
5559,4584
5559,4645
5559,4711
5559,4825
5559,5364
5559,5378
5559,5390
5559,5431
5559,5450
5559,5459
5559,5555
5559,5556
5559,5559
5559,5621
5559,5648
5621,3835
5621,4584
5621,4645
5621,4661
5621,4825
5621,4855
5621,5390
5621,5431
5621,5450
5621,5459
5621,5555
5621,5556
5621,5559
5621,5621
5621,5648
5648,3835
5648,4584
5648,4645
5648,4887
5648,5358
5648,5390
5648,5450
5648,5459
5648,5555
5648,5556
5648,5559
5648,5621
5648,5648
5867,101
5867,1304
5867,1306
5867,1314
5867,3124
5867,3139
5867,6010
5867,7722
5867,7731
5867,7742
5873,1185
5873,1186
5873,1191
5873,1201
5873,1202
5873,5873
5873,5874
5873,5886
5873,7720
5873,7731
5873,7742
5873,7748
5874,1185
5874,1188
5874,1204
5874,5873
5874,7749
5880,1191
5880,1194
5880,1211
5880,1272
5880,1291
5880,5880
5880,5888
5880,5892
5880,6358
5880,7134
5880,7599
5880,7603
5883,1186
5883,1190
5883,1208
5883,1229
5883,1267
5883,1268
5883,5883
5883,5895
5883,7134
5883,7599
5883,7720
5883,7722
5883,7954
5886,1185
5886,1186
5886,1206
5886,1230
5886,5883
5886,7749
5887,1222
5887,1225
5887,1227
5887,1283
5887,1292
5887,5887
5887,5889
5887,5901
5887,6360
5887,7601
5887,7603
5887,7606
5887,7609
5887,7753
5887,7782
5887,7953
5888,1187
5888,1206
5888,1224
5888,1237
5888,1280
5888,1292
5888,5880
5888,5888
5888,5898
5888,5902
5888,7131
5888,7134
5888,7598
5888,7599
5888,7720
5888,7722
5889,1211
5889,1222
5889,1261
5889,1292
5889,5887
5889,6360
5889,7782
5889,7953
5889,7954
5892,1194
5892,1230
5892,1279
5892,5880
5892,7131
5892,7134
5892,7603
5895,1186
5895,1187
5895,1193
5895,1212
5895,1229
5895,1279
5895,5867
5895,5874
5895,5883
5895,5886
5895,5888
5895,5895
5895,5896
5895,7598
5895,7720
5895,7722
5895,7742
5896,1186
5896,1193
5896,5883
5896,5895
5896,7131
5896,7598
5896,7722
5896,7742
5898,1191
5898,1198
5898,1284
5898,5902
5898,7599
5901,1238
5901,1261
5901,1269
5901,1280
5901,1291
5901,1292
5901,5901
5901,5904
5901,5908
5901,7131
5901,7134
5901,7601
5901,7603
5901,7604
5901,7606
5901,7612
5901,7753
5901,7782
5901,7953
5902,1191
5902,1194
5902,1210
5902,1226
5902,1229
5902,1267
5902,1279
5902,5902
5902,6358
5902,7131
5902,7598
5902,7599
5902,7603
5902,7953
5904,1225
5904,1226
5904,1284
5904,1292
5904,5901
5904,5908
5904,7953
5908,1261
5908,1264
5908,5887
5908,5898
5908,5901
5908,5904
5908,7601
5908,7603
5908,7612
5909,1185
5909,1204
5909,1231
5909,5909
5909,5911
5909,7720
5909,7745
5909,7749
5911,1185
5911,1186
5911,1201
5911,1204
5911,1229
5911,1280
5911,1294
5911,5895
5911,5909
5911,5911
5911,5912
5911,7720
5911,7745
5912,1186
5912,1200
5912,1201
5912,1202
5912,1229
5912,1304
5912,5911
5912,7742
5912,7745
6010,1302
6010,1304
6010,1306
6010,1314
6010,1326
6010,3399
6010,5867
6010,6352
6352,101
6352,1314
6352,1333
6352,3238
6352,6357
6352,7748
6357,101
6357,1201
6357,1304
6357,1314
6357,1333
6357,7731
6357,7749
6358,1195
6358,1198
6358,1267
6358,1279
6358,1280
6358,1294
6358,5902
6358,6358
6358,7598
6358,7652
6358,7722
6359,1222
6359,1224
6359,1225
6359,1227
6359,1292
6359,7604
6359,7612
6359,7652
6359,7753
6359,7954
6360,1224
6360,1226
6360,1261
6360,5887
6360,5892
6360,7751
6360,7753
7131,1186
7131,1190
7131,1193
7131,1194
7131,1198
7131,1201
7131,1206
7131,1208
7131,1210
7131,1225
7131,1230
7131,1264
7131,1272
7131,1279
7131,5886
7131,5888
7131,5901
7131,5904
7131,5909
7131,5911
7131,6358
7131,7131
7131,7134
7131,7598
7131,7599
7131,7603
7131,7652
7131,7720
7131,7722
7131,7732
7131,7745
7134,1186
7134,1193
7134,1198
7134,1201
7134,1210
7134,1224
7134,1272
7134,5883
7134,5886
7134,5888
7134,5895
7134,5902
7134,7131
7134,7134
7134,7598
7134,7599
7134,7722
7134,7731
7134,7732
7134,7745
7134,7748
7134,7749
7327,1196
7327,1205
7327,1214
7327,1225
7327,1232
7327,1233
7327,1234
7327,1235
7327,1288
7327,7327
7327,7328
7327,7604
7327,7608
7327,7609
7327,7615
7327,7726
7327,7727
7327,7728
7328,1196
7328,1205
7328,1232
7328,1233
7328,1234
7328,1235
7328,1236
7328,1288
7328,7327
7328,7328
7328,7604
7328,7608
7328,7612
7328,7615
7328,7616
7328,7726
7328,7727
7328,7728
7590,1241
7598,1188
7598,1191
7598,1195
7598,1197
7598,1206
7598,1210
7598,1211
7598,1230
7598,1237
7598,1261
7598,1264
7598,1265
7598,1279
7598,1280
7598,1294
7598,5886
7598,5888
7598,5892
7598,5898
7598,5911
7598,6358
7598,7131
7598,7134
7598,7598
7598,7599
7598,7720
7598,7748
7598,7954
7599,1191
7599,1194
7599,1198
7599,1230
7599,1267
7599,1272
7599,1279
7599,1280
7599,1283
7599,1291
7599,1294
7599,5880
7599,5883
7599,5888
7599,5898
7599,7131
7599,7598
7599,7599
7599,7601
7599,7603
7599,7652
7601,1191
7601,1194
7601,1198
7601,1222
7601,1224
7601,1225
7601,1226
7601,1230
7601,1261
7601,1267
7601,1268
7601,1269
7601,1272
7601,1279
7601,1280
7601,1281
7601,1292
7601,1294
7601,5908
7601,7131
7601,7598
7601,7599
7601,7601
7601,7603
7601,7652
7601,7782
7601,7953
7601,7954
7603,1194
7603,1206
7603,1224
7603,1225
7603,1238
7603,1268
7603,1279
7603,1280
7603,1286
7603,1292
7603,5892
7603,5901
7603,7131
7603,7598
7603,7599
7603,7601
7603,7603
7603,7604
7603,7652
7603,7751
7603,7753
7603,7953
7603,7954
7604,1222
7604,5889
7604,5904
7604,7603
7604,7604
7604,7606
7604,7608
7604,7612
7604,7616
7604,7727
7604,7728
7604,7751
7604,7753
7604,7782
7604,7953
7604,7954
7606,1191
7606,1222
7606,1225
7606,1226
7606,1227
7606,1242
7606,5887
7606,5889
7606,6360
7606,7604
7606,7606
7606,7608
7606,7609
7606,7612
7606,7615
7606,7616
7606,7720
7606,7751
7606,7753
7606,7782
7606,7953
7606,7954
7608,1196
7608,1222
7608,1232
7608,1233
7608,1242
7608,1288
7608,5887
7608,7327
7608,7328
7608,7603
7608,7604
7608,7608
7608,7609
7608,7612
7608,7615
7608,7616
7608,7726
7608,7727
7608,7728
7609,1214
7609,1225
7609,1227
7609,1232
7609,1233
7609,1234
7609,1261
7609,6359
7609,7327
7609,7604
7609,7606
7609,7608
7609,7609
7609,7612
7609,7615
7609,7616
7609,7726
7609,7751
7609,7753
7609,7782
7609,7954
7612,1214
7612,1222
7612,1225
7612,1226
7612,1227
7612,5889
7612,5904
7612,6359
7612,7328
7612,7604
7612,7606
7612,7609
7612,7612
7612,7615
7612,7616
7612,7751
7612,7753
7612,7782
7612,7953
7612,7954
7615,1222
7615,1233
7615,1234
7615,1288
7615,7327
7615,7328
7615,7604
7615,7606
7615,7608
7615,7609
7615,7615
7615,7616
7615,7726
7615,7727
7615,7728
7615,7782
7615,7953
7616,1205
7616,1225
7616,1227
7616,1232
7616,1233
7616,1234
7616,1236
7616,1288
7616,7327
7616,7328
7616,7604
7616,7606
7616,7608
7616,7609
7616,7612
7616,7615
7616,7616
7616,7726
7616,7727
7616,7728
7616,7753
7652,1191
7652,1194
7652,1197
7652,1198
7652,1210
7652,1264
7652,1267
7652,1268
7652,1272
7652,1279
7652,1294
7652,5880
7652,5892
7652,5901
7652,5908
7652,6358
7652,7131
7652,7134
7652,7598
7652,7599
7652,7601
7652,7603
7652,7652
7652,7749
7652,7953
7720,1185
7720,1186
7720,1190
7720,1193
7720,1194
7720,1200
7720,1229
7720,5873
7720,5874
7720,5883
7720,5886
7720,5888
7720,5895
7720,5909
7720,7134
7720,7598
7720,7720
7720,7722
7720,7731
7720,7742
7720,7745
7720,7748
7722,1185
7722,1186
7722,1190
7722,1191
7722,1193
7722,1197
7722,1198
7722,1202
7722,1204
7722,1208
7722,1264
7722,1272
7722,1306
7722,1314
7722,5895
7722,5911
7722,7131
7722,7134
7722,7599
7722,7603
7722,7652
7722,7720
7722,7722
7722,7731
7722,7732
7722,7742
7722,7745
7722,7748
7722,7749
7722,7954
7726,1137
7726,1147
7726,1160
7726,1205
7726,1214
7726,1232
7726,1233
7726,1234
7726,1235
7726,1236
7726,1249
7726,1257
7726,1288
7726,7327
7726,7328
7726,7608
7726,7609
7726,7615
7726,7616
7726,7726
7726,7727
7726,7728
7726,7782
7727,0
7727,1131
7727,1137
7727,1147
7727,1160
7727,1196
7727,1205
7727,1214
7727,1222
7727,1232
7727,1233
7727,1234
7727,1235
7727,1242
7727,1257
7727,7328
7727,7606
7727,7608
7727,7612
7727,7615
7727,7616
7727,7726
7727,7727
7727,7728
7728,1131
7728,1160
7728,1196
7728,1205
7728,1214
7728,1232
7728,1233
7728,1234
7728,1235
7728,1236
7728,1249
7728,1257
7728,7327
7728,7328
7728,7608
7728,7609
7728,7612
7728,7616
7728,7726
7728,7727
7728,7728
7731,101
7731,1185
7731,1188
7731,1190
7731,1201
7731,1202
7731,1204
7731,1208
7731,1221
7731,1314
7731,1326
7731,1333
7731,5867
7731,5895
7731,5896
7731,6010
7731,6357
7731,7720
7731,7731
7731,7732
7731,7745
7731,7748
7731,7749
7732,101
7732,1193
7732,1199
7732,1201
7732,1202
7732,1204
7732,1221
7732,1304
7732,1314
7732,1326
7732,1333
7732,5896
7732,5909
7732,7134
7732,7720
7732,7722
7732,7731
7732,7732
7732,7742
7732,7745
7732,7748
7732,7749
7742,1185
7742,1186
7742,1188
7742,1199
7742,1201
7742,1202
7742,1204
7742,1208
7742,1229
7742,1291
7742,5873
7742,5874
7742,5883
7742,5912
7742,7131
7742,7134
7742,7720
7742,7722
7742,7731
7742,7732
7742,7742
7742,7745
7742,7748
7742,7749
7745,1185
7745,1186
7745,1188
7745,1191
7745,1193
7745,1201
7745,1204
7745,1212
7745,1229
7745,1304
7745,1306
7745,1314
7745,5873
7745,5874
7745,5883
7745,5895
7745,5909
7745,5911
7745,6010
7745,7720
7745,7722
7745,7731
7745,7742
7745,7745
7745,7748
7745,7749
7748,1186
7748,1188
7748,1200
7748,1201
7748,1202
7748,1204
7748,1208
7748,1229
7748,1231
7748,1314
7748,5909
7748,5912
7748,7720
7748,7722
7748,7731
7748,7732
7748,7742
7748,7745
7748,7748
7748,7749
7749,1188
7749,1193
7749,1200
7749,1201
7749,1202
7749,1204
7749,1208
7749,1221
7749,1229
7749,1306
7749,1326
7749,5886
7749,5909
7749,5911
7749,5912
7749,6357
7749,7134
7749,7720
7749,7731
7749,7732
7749,7742
7749,7745
7749,7748
7749,7749
7751,1198
7751,1222
7751,1224
7751,1225
7751,1226
7751,1227
7751,1283
7751,1292
7751,5887
7751,5904
7751,6359
7751,6360
7751,7604
7751,7606
7751,7615
7751,7751
7751,7753
7751,7953
7751,7954
7753,1222
7753,1225
7753,1227
7753,1281
7753,5887
7753,5901
7753,6359
7753,7601
7753,7603
7753,7604
7753,7606
7753,7609
7753,7612
7753,7615
7753,7751
7753,7753
7753,7782
7753,7953
7753,7954
7782,1211
7782,1222
7782,1225
7782,1226
7782,1227
7782,1238
7782,5887
7782,5901
7782,6359
7782,6360
7782,7601
7782,7604
7782,7606
7782,7609
7782,7612
7782,7615
7782,7616
7782,7751
7782,7753
7782,7782
7782,7953
7953,1191
7953,1211
7953,1222
7953,1224
7953,1225
7953,1227
7953,1238
7953,1261
7953,1268
7953,5887
7953,5889
7953,5901
7953,6359
7953,7131
7953,7601
7953,7603
7953,7604
7953,7606
7953,7612
7953,7615
7953,7616
7953,7751
7953,7753
7953,7782
7953,7953
7953,7954
7954,1222
7954,1224
7954,1225
7954,1227
7954,1261
7954,1265
7954,1267
7954,1269
7954,1279
7954,1283
7954,1292
7954,5887
7954,5888
7954,5901
7954,6359
7954,7601
7954,7606
7954,7609
7954,7652
7954,7751
7954,7753
7954,7782
7954,7953
7954,7954
