0,0
0,1
0,2
0,3
0,5
0,7
0,13
0,140
0,143
0,163
0,169
0,204
0,207
0,269
0,408
0,419
0,422
0,502
0,536
0,549
0,552
0,611
0,698
0,716
0,724
0,740
0,772
0,872
0,873
0,875
0,878
0,882
0,884
0,886
0,887
0,891
0,893
0,895
0,902
0,905
0,909
0,918
0,925
0,932
0,934
0,938
0,941
0,949
0,960
0,964
0,966
0,977
0,993
0,1017
0,1019
0,1053
0,1067
0,1107
0,1133
0,1185
0,1188
0,1192
0,1194
0,1197
0,1202
0,1203
0,1204
0,1205
0,1212
0,1216
0,1219
0,1222
0,1227
0,1231
0,1232
0,1236
0,1250
0,1254
0,1259
0,1261
0,1265
0,1279
0,1280
0,1283
0,1288
0,1295
0,1314
0,1317
0,1319
0,1328
0,1334
0,1337
0,1590
0,1599
0,1751
0,1848
0,1991
0,1995
0,2005
0,2036
0,2098
0,2671
0,3245
0,3256
0,3375
0,3408
0,3469
0,3480
0,3518
0,3989
0,4164
0,4165
0,4187
0,4191
0,4434
0,5157
0,5360
0,5363
0,5368
0,5393
0,5417
0,5421
0,5555
0,5576
0,5895
0,5901
0,5904
0,5911
0,6359
0,7590
0,7654
0,7724
0,7731
0,7752
1,0
1,1
1,2
1,3
1,5
1,6
1,7
1,8
1,13
1,140
1,163
1,169
1,207
1,269
1,408
1,419
1,420
1,422
1,502
1,611
1,698
1,925
1,1188
1,1189
1,1202
1,1232
1,1261
1,1301
1,1307
1,1313
1,1317
1,1328
1,2340
1,2344
1,3128
1,3239
1,3245
1,3258
1,3291
1,3332
1,3384
1,3423
1,3424
1,3427
1,3445
1,3459
1,3469
1,3490
1,3571
1,3998
1,4187
1,4199
1,4432
1,4574
1,5047
1,5096
1,5407
1,5871
1,5900
1,6010
1,6352
1,7590
2,0
2,1
2,2
2,3
2,7
2,13
2,140
2,143
2,163
2,204
2,207
2,408
2,420
2,422
2,502
2,536
2,549
2,552
2,611
2,677
2,680
2,698
2,699
2,708
2,716
2,733
2,740
2,1202
2,1232
2,1261
2,1265
2,1297
2,1314
2,1317
2,1328
2,1334
2,1750
2,1755
2,1995
2,2005
2,2036
2,2098
2,3260
2,3375
2,3384
2,3476
2,4162
3,0
3,1
3,2
3,3
3,5
3,6
3,7
3,52
3,121
3,140
3,143
3,163
3,169
3,207
3,269
3,408
3,419
3,422
3,502
3,708
3,878
3,1037
3,1188
3,1202
3,1265
3,1307
3,1314
3,1317
3,1328
3,2115
3,2263
3,2344
3,2347
3,3237
3,3239
3,3245
3,3260
3,3263
3,3291
3,3427
3,3503
3,3998
3,4425
3,4827
3,5062
3,5157
3,5161
3,5170
3,5360
3,5368
3,5407
3,5417
3,5450
3,6010
3,6352
3,7590
4,0
4,3
4,4
4,5
4,6
5,0
5,1
5,4
5,5
5,6
6,3
6,4
6,5
6,6
7,0
7,1
7,3
7,7
7,163
7,169
7,204
7,269
7,422
7,549
7,611
7,677
7,1019
7,1239
7,1254
7,1588
7,1995
7,2005
7,2494
7,7590
7,7731
8,3
9,9
9,21
9,5492
10,10
10,29
10,1320
11,11
11,86
11,94
11,3274
12,12
12,46
12,114
12,2352
13,0
13,2
13,3
13,13
13,22
13,87
13,611
13,1197
13,1301
13,1302
13,1307
13,1313
13,1314
13,1319
13,3128
13,3134
13,3237
13,3245
13,3247
13,3255
13,3256
13,3258
13,3263
13,3291
13,3375
13,3384
13,3427
13,3476
13,5890
13,6010
13,6352
13,7731
13,7732
14,32
14,116
14,2586
14,2696
15,15
15,34
15,60
15,4856
16,58
16,74
16,76
16,5615
17,62
17,68
17,75
17,104
18,84
18,126
18,127
18,1682
19,22
19,44
19,116
19,125
20,19
20,20
20,241
21,30
21,143
21,5562
22,34
22,43
22,97
22,2527
23,38
23,44
23,2216
23,2696
24,12
24,102
24,117
24,4132
25,24
25,88
25,4514
25,5118
26,13
26,4194
26,4372
26,5118
27,43
27,129
27,130
27,1706
28,82
28,84
28,3444
29,55
29,69
29,74
29,5524
30,74
30,106
30,375
31,14
31,23
31,44
31,46
32,14
32,23
32,32
32,95
33,32
33,104
33,241
33,2352
34,33
34,2363
34,2527
34,4473
35,35
35,113
35,3257
35,3390
36,17
36,36
36,2106
36,4640
37,36
37,68
37,104
37,4632
38,38
38,138
38,5200
38,5373
39,39
39,94
39,133
39,2216
40,57
40,4689
40,5473
40,5684
41,41
41,50
41,135
41,3516
42,42
42,109
42,574
42,1899
43,37
43,43
43,72
43,4625
44,20
44,309
44,2273
44,2809
45,45
45,47
45,77
45,5684
46,46
46,311
46,4049
46,4460
47,80
47,103
47,4722
47,4856
48,108
48,117
48,4307
48,4358
49,100
49,3999
49,4194
49,5318
50,50
50,56
50,112
50,4259
51,51
51,108
51,115
51,584
52,24
52,127
52,5265
53,132
53,137
53,1601
53,3184
54,54
54,99
54,309
54,4787
55,11
55,55
55,3976
55,5410
56,56
56,89
56,4307
56,5050
57,9
57,62
57,96
58,15
58,58
58,67
58,5615
59,60
59,100
59,4722
60,103
60,123
60,4786
60,5684
61,72
61,107
61,1800
61,1951
62,36
62,40
62,5562
63,41
63,63
63,5468
64,10
64,94
64,113
64,3438
65,48
65,4253
65,5050
65,5281
66,128
66,5226
66,5373
66,5411
67,67
67,111
67,3570
67,5444
68,63
68,134
68,4787
68,4856
69,9
69,69
69,97
69,3976
70,70
70,110
70,122
70,3382
71,13
71,71
71,3274
72,28
72,2157
72,4640
73,86
73,92
73,119
73,3395
74,0
74,69
74,78
74,375
74,5432
75,76
75,77
75,4982
76,57
76,58
76,80
76,4967
77,60
77,78
77,99
77,3584
78,40
78,78
78,3599
78,5200
79,35
79,58
79,3142
79,3509
80,16
80,51
80,3451
80,5420
81,16
81,107
81,1794
81,1800
82,54
82,128
82,131
82,3184
83,56
83,5265
84,135
84,3249
84,3382
84,3479
86,42
86,92
86,3249
86,3541
87,132
87,1586
87,1627
87,1706
88,77
88,88
88,5132
89,49
89,52
89,120
89,4159
90,89
90,90
90,117
90,124
91,26
91,88
91,124
91,4514
92,27
92,92
92,122
92,3516
93,61
93,3241
93,3360
93,3438
94,94
94,105
94,125
94,3392
95,24
95,3390
95,3491
95,3509
96,96
96,110
96,3907
96,5492
97,55
97,96
97,5444
98,53
98,98
98,3411
99,49
99,3570
99,5373
99,5468
100,66
100,75
100,5444
101,65
101,67
101,101
102,64
102,83
102,102
102,4358
103,76
103,134
103,3479
103,4787
104,25
104,116
104,309
104,4460
105,50
105,91
105,105
105,5050
106,77
106,106
106,130
106,3616
107,61
107,70
107,130
107,1794
108,23
108,793
108,2084
109,81
109,108
109,109
109,2063
110,133
110,3274
110,3509
110,3541
111,39
111,48
111,4272
111,4287
112,90
112,5132
112,5281
113,30
113,86
113,3395
113,3524
114,20
114,72
114,126
114,2453
115,26
115,115
115,116
116,18
116,31
116,2106
116,4049
117,107
117,117
117,4259
117,4272
118,46
118,81
118,1671
119,64
119,98
119,119
119,3257
120,65
120,91
120,124
120,136
121,121
121,1250
121,2263
121,3134
121,3256
121,3476
121,3821
121,3979
121,3989
121,3998
121,4191
121,4199
121,4827
121,5047
121,5062
121,5096
121,5157
121,5161
121,5170
121,5188
121,5222
121,5421
121,6010
122,45
122,73
122,3360
122,3479
123,79
123,95
123,123
124,26
124,73
124,124
124,4253
125,71
125,93
125,3241
125,3474
126,27
126,92
126,131
126,137
127,14
127,127
127,1347
127,1586
128,118
128,128
128,137
129,15
129,18
129,130
129,1706
130,53
130,131
130,1347
130,3185
131,129
131,4070
132,66
132,126
132,132
132,3224
133,72
133,99
133,2757
133,4511
134,80
134,91
134,102
134,4689
135,10
135,79
135,2862
135,3541
136,0
136,25
136,118
136,5880
137,93
137,132
137,1431
137,3184
138,59
138,110
138,138
138,3303
140,0
140,1
140,2
140,3
140,207
140,324
140,502
140,2005
143,0
143,1
143,2
143,3
143,169
143,422
143,7590
163,0
163,1
163,2
163,3
163,163
163,611
163,1328
163,5393
169,0
169,1
169,2
169,3
169,163
169,169
169,420
169,1261
169,4646
204,0
204,2
204,7
204,204
204,420
204,536
204,549
204,891
204,909
204,1210
204,1214
204,1229
204,1342
204,1755
204,1995
204,7601
207,0
207,1
207,2
207,143
207,207
207,324
207,1321
212,0
241,44
241,115
241,2273
243,121
243,136
243,243
243,311
243,699
243,1314
243,2115
243,2159
243,2263
243,2340
243,2344
243,2347
243,2494
243,2501
243,2615
243,2667
243,2671
243,3126
243,4044
243,4434
243,5568
243,5906
269,0
269,1
269,2
269,269
269,536
269,1328
309,101
309,112
309,241
309,309
309,4049
311,35
311,243
311,311
311,708
311,740
311,1037
311,1108
311,1309
311,1337
311,1342
311,1501
311,1751
311,2340
311,2494
311,2501
311,2615
311,2667
311,2671
311,3123
311,3132
311,3248
311,4044
311,4519
311,4578
324,140
324,502
324,1848
373,1
373,373
373,536
373,893
373,3417
373,3421
373,3423
373,3424
373,3431
373,3459
373,3503
373,3571
373,3579
373,3866
373,5047
373,5188
373,5407
373,5450
373,5563
373,5576
375,29
375,375
408,0
408,1
408,2
408,3
408,7
408,408
408,536
408,1328
419,0
419,1
419,2
419,3
419,143
419,419
419,422
420,0
420,1
420,2
420,3
420,536
420,611
420,740
420,1319
420,1755
420,1848
420,2005
420,5563
420,5572
422,0
422,1
422,2
422,419
422,422
422,1261
502,0
502,2
502,3
502,207
502,502
502,1232
536,0
536,1
536,2
536,7
536,140
536,169
536,420
536,422
536,536
536,549
536,552
536,611
536,698
536,699
536,724
536,740
536,887
536,1751
536,1755
536,1848
536,1991
536,1995
536,2005
536,2036
536,3128
536,3237
536,5188
536,5568
549,0
549,2
549,408
549,536
549,549
549,552
549,611
549,677
549,680
549,698
549,699
549,708
549,716
549,724
549,733
549,740
549,1024
549,1309
549,1751
549,1995
549,2036
549,2344
549,4162
552,0
552,2
552,169
552,420
552,549
552,552
552,677
552,680
552,698
552,699
552,708
552,724
552,733
552,740
552,772
552,964
552,966
552,1032
552,1216
552,1271
552,1755
552,1995
552,2159
552,2263
552,2340
552,3260
574,584
574,643
574,2048
584,584
584,643
584,2084
611,0
611,1
611,2
611,7
611,13
611,536
611,549
611,552
611,611
611,677
611,680
611,698
611,699
611,708
611,874
611,964
611,1751
611,1755
611,1848
611,1995
611,2036
611,2615
611,3417
611,3571
611,4176
611,5450
643,42
643,2063
643,2084
677,2
677,549
677,552
677,611
677,677
677,680
677,698
677,699
677,716
677,724
677,733
677,740
677,772
677,1067
677,1267
677,1755
677,3423
677,4434
677,7748
680,2
680,549
680,552
680,611
680,677
680,680
680,698
680,699
680,708
680,716
680,724
680,733
680,740
680,772
680,875
680,966
680,1991
680,1995
680,2347
680,3518
687,51
687,109
687,687
698,1
698,536
698,549
698,552
698,611
698,677
698,680
698,698
698,699
698,708
698,716
698,724
698,733
698,740
698,772
698,874
698,875
698,966
698,1301
698,1337
698,1995
699,0
699,2
699,7
699,536
699,549
699,552
699,611
699,677
699,680
699,698
699,699
699,708
699,716
699,724
699,740
699,772
699,875
699,938
699,1110
699,5910
708,7
708,536
708,549
708,552
708,611
708,677
708,680
708,698
708,699
708,708
708,716
708,724
708,733
708,740
708,772
708,874
708,966
708,1025
708,1189
708,1995
708,3258
708,3263
708,3272
708,3423
708,5576
716,0
716,204
716,536
716,549
716,552
716,677
716,680
716,698
716,699
716,708
716,716
716,724
716,733
716,740
716,772
716,873
716,875
716,887
716,893
716,905
716,960
716,964
716,966
716,1193
716,1288
724,0
724,2
724,536
724,552
724,677
724,698
724,699
724,708
724,716
724,724
724,733
724,740
724,772
724,884
724,887
724,964
724,1043
724,4000
733,0
733,536
733,549
733,552
733,611
733,677
733,680
733,698
733,699
733,708
733,716
733,724
733,733
733,740
733,772
733,874
733,884
733,887
733,893
733,964
733,966
733,977
733,1263
733,1342
733,1755
740,2
740,536
740,549
740,552
740,677
740,680
740,698
740,699
740,708
740,716
740,724
740,733
740,740
740,772
740,874
740,875
740,884
740,893
740,905
740,934
740,964
740,966
740,1019
740,1020
740,1114
740,1154
740,1301
740,5867
772,0
772,536
772,552
772,677
772,680
772,698
772,699
772,708
772,716
772,724
772,733
772,740
772,772
772,874
772,875
772,887
772,893
772,905
772,916
772,960
772,964
772,966
772,993
772,4000
793,51
793,574
793,687
807,109
807,807
872,0
872,872
872,873
872,880
872,882
872,886
872,891
872,895
872,902
872,923
872,925
872,934
872,993
872,1004
872,1194
872,1200
872,1274
872,1283
872,7752
873,0
873,716
873,873
873,886
873,895
873,902
873,909
873,918
873,923
873,941
873,942
873,949
873,1004
873,1020
873,1027
873,1034
873,1039
873,1043
873,1045
873,1053
873,1075
873,5911
873,7954
874,0
874,708
874,716
874,740
874,772
874,874
874,875
874,878
874,882
874,884
874,887
874,893
874,905
874,934
874,960
874,964
874,966
874,977
874,1019
874,3132
874,7724
875,0
875,698
875,716
875,724
875,740
875,772
875,874
875,875
875,878
875,882
875,884
875,887
875,893
875,905
875,916
875,934
875,960
875,966
875,1004
875,1019
875,1043
875,1134
875,1193
878,0
878,7
878,872
878,875
878,878
878,882
878,884
878,891
878,893
878,916
878,925
878,934
878,938
878,960
878,977
878,993
878,1017
878,1019
878,1110
878,1206
878,1222
878,4187
880,0
880,872
880,873
880,875
880,878
880,880
880,882
880,886
880,891
880,895
880,909
880,918
880,923
880,925
880,934
880,938
880,993
880,1004
880,1017
880,1019
880,1030
880,7607
882,0
882,872
882,875
882,878
882,880
882,882
882,884
882,891
882,893
882,895
882,902
882,916
882,925
882,938
882,960
882,966
882,977
882,1017
882,1019
882,1139
882,1247
882,1590
882,2667
882,6352
884,549
884,698
884,716
884,733
884,772
884,874
884,875
884,880
884,882
884,884
884,887
884,893
884,905
884,916
884,925
884,934
884,938
884,964
884,966
884,977
884,993
884,1590
884,5572
884,5896
886,0
886,549
886,872
886,878
886,880
886,886
886,891
886,895
886,902
886,909
886,923
886,925
886,942
886,993
886,1004
886,1017
886,1220
886,1751
887,0
887,699
887,724
887,740
887,772
887,874
887,884
887,887
887,893
887,905
887,916
887,934
887,960
887,964
887,966
887,977
887,993
887,1107
887,5888
891,0
891,243
891,872
891,873
891,878
891,886
891,891
891,895
891,902
891,909
891,923
891,925
891,938
891,942
891,993
891,1004
891,1017
891,1037
891,1043
891,1189
891,2036
891,4569
891,7133
893,0
893,13
893,733
893,874
893,875
893,882
893,884
893,887
893,893
893,905
893,934
893,938
893,960
893,964
893,966
893,977
893,1019
893,1750
893,2494
893,4191
895,0
895,3
895,733
895,872
895,873
895,886
895,895
895,902
895,909
895,918
895,923
895,925
895,932
895,941
895,942
895,949
895,1004
895,1222
895,3123
895,5881
902,872
902,873
902,880
902,886
902,891
902,895
902,902
902,909
902,918
902,923
902,925
902,942
902,993
902,1004
902,1019
902,1030
902,1043
902,1275
902,1283
902,1596
905,0
905,716
905,724
905,740
905,772
905,874
905,875
905,884
905,887
905,893
905,905
905,938
905,960
905,964
905,1067
905,1228
905,2036
905,3374
908,7781
909,0
909,872
909,873
909,880
909,886
909,891
909,895
909,902
909,909
909,918
909,923
909,925
909,932
909,941
909,942
909,949
909,993
909,1004
909,1020
909,1027
909,1075
909,1291
909,2615
909,3247
909,3260
909,7612
916,552
916,772
916,875
916,878
916,880
916,882
916,884
916,887
916,916
916,934
916,938
916,960
916,977
916,993
916,1017
916,1019
916,1028
916,7133
918,0
918,873
918,886
918,891
918,895
918,902
918,909
918,918
918,923
918,925
918,932
918,941
918,942
918,949
918,1004
918,1020
918,1027
918,1030
918,1043
918,1045
918,1048
918,1075
918,1255
918,2347
918,3126
923,0
923,872
923,873
923,884
923,886
923,891
923,895
923,902
923,909
923,923
923,925
923,960
923,993
923,1004
923,1017
923,1283
925,0
925,311
925,549
925,872
925,873
925,878
925,880
925,882
925,886
925,891
925,895
925,902
925,909
925,918
925,923
925,925
925,932
925,993
925,1004
925,1017
925,7731
932,0
932,873
932,895
932,909
932,918
932,932
932,941
932,949
932,960
932,1020
932,1027
932,1028
932,1030
932,1039
932,1043
932,1045
932,1053
932,1075
932,7724
934,0
934,698
934,733
934,874
934,875
934,878
934,880
934,882
934,884
934,887
934,893
934,905
934,916
934,934
934,938
934,960
934,966
934,977
934,1017
934,1050
934,5906
938,0
938,552
938,874
938,878
938,880
938,882
938,891
938,916
938,934
938,938
938,960
938,964
938,977
938,993
938,1004
938,1017
938,1019
938,1048
938,1075
938,1291
938,3126
938,7728
941,0
941,873
941,891
941,895
941,909
941,918
941,932
941,934
941,938
941,941
941,942
941,949
941,977
941,1020
941,1027
941,1043
941,1045
941,1053
941,5898
942,0
942,1
942,872
942,873
942,874
942,886
942,895
942,909
942,918
942,932
942,941
942,942
942,949
942,1020
942,1024
942,1030
942,1043
942,1045
942,1075
942,1751
949,0
949,873
949,886
949,909
949,918
949,932
949,941
949,949
949,1020
949,1024
949,1027
949,1028
949,1030
949,1034
949,1043
949,1048
949,1053
949,1075
949,1221
949,2115
949,5357
960,698
960,873
960,874
960,878
960,880
960,882
960,884
960,887
960,893
960,916
960,934
960,938
960,960
960,964
960,966
960,977
960,993
960,1017
960,2667
960,7615
964,0
964,552
964,698
964,716
964,724
964,733
964,740
964,772
964,874
964,875
964,884
964,887
964,905
964,916
964,964
964,966
964,993
964,1028
964,1110
964,1139
964,1302
966,0
966,552
966,698
966,699
966,716
966,724
966,772
966,874
966,875
966,884
966,887
966,893
966,905
966,916
966,934
966,938
966,964
966,966
966,1019
966,1105
966,1501
966,2494
977,0
977,874
977,880
977,882
977,887
977,893
977,916
977,932
977,934
977,938
977,960
977,966
977,977
977,993
977,1004
977,1017
977,1019
977,1035
993,875
993,878
993,880
993,882
993,886
993,887
993,891
993,902
993,916
993,923
993,925
993,934
993,960
993,977
993,993
993,1004
993,1017
993,1019
993,1235
1004,0
1004,204
1004,872
1004,878
1004,880
1004,882
1004,886
1004,891
1004,893
1004,895
1004,909
1004,916
1004,918
1004,923
1004,925
1004,934
1004,942
1004,1004
1004,1017
1004,1019
1004,1027
1004,1236
1004,3123
1004,5901
1017,0
1017,872
1017,878
1017,880
1017,882
1017,886
1017,891
1017,902
1017,916
1017,938
1017,960
1017,977
1017,993
1017,1017
1017,1019
1017,1030
1017,1228
1017,2494
1017,5884
1017,7728
1019,7
1019,873
1019,875
1019,878
1019,880
1019,882
1019,891
1019,916
1019,925
1019,938
1019,960
1019,993
1019,1004
1019,1017
1019,1019
1019,1075
1019,1228
1019,1270
1019,1751
1020,878
1020,895
1020,909
1020,918
1020,932
1020,942
1020,949
1020,1020
1020,1024
1020,1027
1020,1030
1020,1039
1020,1043
1020,1045
1020,1048
1020,1053
1020,1075
1020,5895
1024,932
1024,941
1024,949
1024,993
1024,1024
1024,1025
1024,1027
1024,1028
1024,1030
1024,1032
1024,1034
1024,1039
1024,1045
1024,1048
1024,1050
1024,1053
1024,1060
1024,1075
1024,1107
1024,1337
1024,1995
1024,5867
1025,373
1025,536
1025,708
1025,1024
1025,1025
1025,1028
1025,1032
1025,1034
1025,1035
1025,1037
1025,1039
1025,1048
1025,1050
1025,1060
1025,1067
1025,1105
1025,1107
1025,1108
1025,1114
1025,1119
1025,2340
1025,4318
1027,884
1027,918
1027,932
1027,941
1027,942
1027,949
1027,1017
1027,1024
1027,1027
1027,1028
1027,1030
1027,1043
1027,1045
1027,1048
1027,1075
1027,1139
1027,1271
1028,1024
1028,1025
1028,1027
1028,1028
1028,1030
1028,1032
1028,1034
1028,1035
1028,1039
1028,1048
1028,1050
1028,1053
1028,1060
1028,1067
1028,1110
1028,1222
1028,1254
1028,1292
1028,7726
1030,0
1030,698
1030,873
1030,932
1030,941
1030,942
1030,1020
1030,1024
1030,1027
1030,1030
1030,1035
1030,1039
1030,1043
1030,1045
1030,1050
1030,1053
1030,1075
1030,1114
1030,1291
1030,1755
1032,0
1032,680
1032,1025
1032,1028
1032,1032
1032,1034
1032,1035
1032,1037
1032,1039
1032,1048
1032,1050
1032,1060
1032,1067
1032,1105
1032,1107
1032,1108
1032,1110
1032,1114
1032,1115
1032,1119
1032,1133
1032,1154
1032,1158
1032,1204
1032,1222
1034,552
1034,884
1034,941
1034,1020
1034,1024
1034,1027
1034,1028
1034,1034
1034,1035
1034,1037
1034,1039
1034,1048
1034,1050
1034,1060
1034,1067
1034,1107
1034,1139
1034,1158
1035,1024
1035,1025
1035,1028
1035,1034
1035,1035
1035,1037
1035,1039
1035,1048
1035,1050
1035,1053
1035,1060
1035,1105
1035,1107
1035,1108
1035,1114
1035,1115
1035,7325
1035,7726
1037,909
1037,918
1037,942
1037,1025
1037,1032
1037,1034
1037,1037
1037,1039
1037,1048
1037,1050
1037,1060
1037,1067
1037,1105
1037,1107
1037,1108
1037,1110
1037,1114
1037,1115
1037,1119
1037,1185
1037,1212
1037,1239
1039,549
1039,1024
1039,1025
1039,1028
1039,1030
1039,1032
1039,1034
1039,1035
1039,1037
1039,1039
1039,1045
1039,1048
1039,1050
1039,1053
1039,1060
1039,1067
1039,1107
1039,1108
1039,1158
1043,873
1043,895
1043,918
1043,932
1043,941
1043,942
1043,949
1043,977
1043,1020
1043,1024
1043,1027
1043,1030
1043,1037
1043,1043
1043,1045
1043,1048
1043,1050
1043,1053
1043,1075
1043,1221
1043,1229
1043,7603
1045,893
1045,909
1045,918
1045,932
1045,941
1045,942
1045,949
1045,1020
1045,1024
1045,1027
1045,1030
1045,1032
1045,1034
1045,1035
1045,1039
1045,1043
1045,1045
1045,1050
1045,1053
1045,1060
1045,1075
1045,3979
1048,549
1048,724
1048,918
1048,932
1048,949
1048,1024
1048,1025
1048,1027
1048,1028
1048,1032
1048,1034
1048,1035
1048,1039
1048,1043
1048,1045
1048,1048
1048,1050
1048,1053
1048,1060
1048,1067
1048,1108
1048,1115
1048,1309
1048,2159
1050,1024
1050,1025
1050,1028
1050,1032
1050,1034
1050,1035
1050,1037
1050,1039
1050,1045
1050,1048
1050,1050
1050,1053
1050,1060
1050,1075
1050,1114
1050,1206
1053,873
1053,941
1053,949
1053,1020
1053,1024
1053,1027
1053,1028
1053,1030
1053,1034
1053,1035
1053,1043
1053,1045
1053,1048
1053,1050
1053,1053
1053,1060
1053,1107
1053,1195
1053,1220
1053,1451
1053,5908
1060,0
1060,1024
1060,1025
1060,1027
1060,1028
1060,1034
1060,1035
1060,1037
1060,1039
1060,1045
1060,1048
1060,1050
1060,1053
1060,1060
1060,1185
1060,1196
1060,7325
1060,7612
1060,7726
1067,677
1067,1025
1067,1032
1067,1034
1067,1035
1067,1037
1067,1039
1067,1053
1067,1067
1067,1105
1067,1107
1067,1110
1067,1114
1067,1115
1067,1119
1067,1125
1067,1133
1067,1154
1067,1196
1067,1239
1075,873
1075,909
1075,916
1075,918
1075,932
1075,941
1075,942
1075,949
1075,1020
1075,1024
1075,1027
1075,1028
1075,1030
1075,1043
1075,1045
1075,1048
1075,1053
1075,1060
1075,1075
1075,1235
1075,1259
1075,6358
1075,7728
1105,1025
1105,1032
1105,1037
1105,1039
1105,1067
1105,1105
1105,1107
1105,1108
1105,1110
1105,1114
1105,1119
1105,1125
1105,1133
1105,1239
1105,2615
1105,3126
1105,3132
1105,4044
1107,0
1107,878
1107,1032
1107,1035
1107,1037
1107,1039
1107,1060
1107,1067
1107,1105
1107,1107
1107,1108
1107,1110
1107,1114
1107,1115
1107,1119
1107,1125
1107,1158
1107,1302
1108,1032
1108,1035
1108,1037
1108,1067
1108,1105
1108,1107
1108,1108
1108,1110
1108,1114
1108,1115
1108,1119
1108,1125
1108,1134
1108,1154
1108,1158
1108,1185
1108,1229
1108,7614
1110,1025
1110,1028
1110,1032
1110,1035
1110,1037
1110,1067
1110,1105
1110,1107
1110,1108
1110,1110
1110,1114
1110,1115
1110,1119
1110,1125
1110,1133
1110,1139
1110,1158
1110,1206
1110,7325
1110,7726
1114,1017
1114,1025
1114,1032
1114,1035
1114,1037
1114,1039
1114,1067
1114,1105
1114,1107
1114,1108
1114,1110
1114,1114
1114,1115
1114,1119
1114,1125
1114,1133
1114,1139
1114,1158
1114,1219
1114,1289
1115,1025
1115,1032
1115,1105
1115,1107
1115,1108
1115,1110
1115,1114
1115,1115
1115,1119
1115,1125
1115,1133
1115,1154
1115,1158
1115,1188
1115,1270
1115,1275
1119,1067
1119,1105
1119,1107
1119,1108
1119,1110
1119,1114
1119,1115
1119,1119
1119,1125
1119,1133
1119,1154
1119,1158
1119,1185
1119,1208
1119,1222
1119,1298
1119,5883
1119,7608
1119,7612
1125,905
1125,1107
1125,1110
1125,1114
1125,1115
1125,1119
1125,1125
1125,1133
1125,1134
1125,1139
1125,1154
1125,1158
1125,1185
1125,1222
1125,7608
1125,7751
1133,942
1133,1032
1133,1060
1133,1067
1133,1107
1133,1110
1133,1114
1133,1115
1133,1119
1133,1125
1133,1133
1133,1134
1133,1139
1133,1154
1133,1158
1133,1185
1133,1188
1133,1193
1133,1222
1133,1239
1133,1280
1133,1291
1133,3126
1133,7728
1134,1045
1134,1108
1134,1119
1134,1125
1134,1133
1134,1134
1134,1139
1134,1154
1134,1185
1134,1188
1134,1189
1134,1193
1134,1222
1134,1239
1134,1291
1134,7134
1134,7724
1134,7726
1134,7728
1134,7732
1139,0
1139,964
1139,1108
1139,1110
1139,1115
1139,1119
1139,1133
1139,1134
1139,1139
1139,1154
1139,1158
1139,1185
1139,1189
1139,1193
1139,1222
1139,1228
1139,1239
1139,7615
1139,7724
1139,7726
1139,7728
1154,740
1154,966
1154,1108
1154,1110
1154,1114
1154,1119
1154,1125
1154,1133
1154,1134
1154,1139
1154,1154
1154,1158
1154,1189
1154,1193
1154,1222
1154,1302
1154,7325
1154,7724
1154,7726
1154,7728
1158,1027
1158,1032
1158,1037
1158,1107
1158,1108
1158,1110
1158,1114
1158,1115
1158,1119
1158,1125
1158,1133
1158,1134
1158,1139
1158,1154
1158,1158
1158,1185
1158,1239
1158,1291
1158,7608
1158,7726
1184,0
1184,918
1184,1184
1184,1206
1184,1208
1184,1210
1184,1220
1184,1242
1184,1295
1184,5871
1184,5873
1184,5888
1184,5906
1184,5908
1184,7325
1184,7614
1184,7742
1184,7744
1184,7747
1185,0
1185,1108
1185,1125
1185,1134
1185,1139
1185,1154
1185,1158
1185,1185
1185,1188
1185,1193
1185,1199
1185,1222
1185,1239
1185,1291
1185,5911
1185,7614
1185,7724
1185,7726
1188,0
1188,3
1188,536
1188,708
1188,1139
1188,1154
1188,1188
1188,1189
1188,1193
1188,1222
1188,1239
1188,1291
1188,3256
1188,3476
1188,7608
1188,7614
1188,7724
1188,7726
1188,7728
1189,0
1189,1025
1189,1134
1189,1154
1189,1188
1189,1189
1189,1193
1189,1222
1189,1228
1189,1239
1189,1291
1189,1307
1189,3263
1189,3866
1189,4827
1189,6010
1189,7325
1189,7327
1189,7615
1189,7724
1189,7726
1189,7728
1192,873
1192,1193
1192,1194
1192,1228
1192,1239
1192,1270
1192,1292
1192,5890
1192,5898
1192,7325
1192,7327
1192,7607
1192,7614
1192,7615
1192,7724
1192,7726
1193,716
1193,875
1193,934
1193,1134
1193,1139
1193,1154
1193,1185
1193,1188
1193,1189
1193,1192
1193,1193
1193,1222
1193,1228
1193,1239
1193,1288
1193,1291
1193,1292
1193,2501
1193,5867
1193,7325
1193,7327
1193,7606
1193,7607
1193,7614
1193,7724
1193,7726
1193,7728
1194,872
1194,880
1194,1019
1194,1194
1194,1200
1194,1213
1194,1227
1194,1236
1194,1283
1194,1289
1194,1298
1194,5886
1194,5896
1194,6358
1194,6359
1194,7599
1194,7601
1194,7603
1194,7606
1194,7608
1194,7615
1194,7751
1194,7752
1194,7781
1194,7953
1194,7954
1195,1105
1195,1189
1195,1196
1195,1197
1195,1206
1195,1208
1195,1231
1195,1263
1195,1278
1195,1281
1195,1295
1195,5873
1195,5911
1195,7609
1195,7723
1195,7732
1195,7744
1195,7747
1195,7748
1196,1050
1196,1053
1196,1108
1196,1184
1196,1195
1196,1196
1196,1203
1196,1208
1196,1219
1196,1220
1196,1221
1196,1238
1196,1263
1196,1280
1196,1295
1196,1301
1196,1302
1196,5873
1196,5906
1196,5908
1196,5911
1196,7722
1196,7723
1196,7726
1196,7731
1196,7732
1196,7742
1196,7744
1196,7747
1196,7748
1197,13
1197,1196
1197,1197
1197,1205
1197,1208
1197,1271
1197,1288
1197,1313
1197,1314
1197,5867
1197,7723
1197,7731
1197,7732
1197,7742
1197,7744
1197,7747
1197,7748
1197,7954
1199,902
1199,1024
1199,1184
1199,1199
1199,1200
1199,1213
1199,1214
1199,1221
1199,1225
1199,1259
1199,1267
1199,1274
1199,1278
1199,1279
1199,1283
1199,1289
1199,5881
1199,5883
1199,5895
1199,5901
1199,6359
1199,7133
1199,7596
1199,7599
1199,7601
1199,7603
1199,7654
1199,7723
1199,7742
1200,1194
1200,1200
1200,1204
1200,1205
1200,1221
1200,1231
1200,1236
1200,1247
1200,1259
1200,1274
1200,1288
1200,5881
1200,5895
1200,5901
1200,6360
1200,7133
1200,7601
1200,7603
1200,7607
1200,7654
1200,7752
1202,0
1202,1
1202,2
1202,3
1202,1202
1202,1265
1202,1317
1203,0
1203,311
1203,1184
1203,1197
1203,1203
1203,1205
1203,1206
1203,1208
1203,1220
1203,1226
1203,1254
1203,1271
1203,1289
1203,1295
1203,5880
1203,5888
1203,7133
1203,7134
1203,7614
1203,7654
1203,7722
1203,7723
1203,7742
1203,7744
1203,7747
1204,0
1204,1197
1204,1200
1204,1208
1204,1213
1204,1221
1204,1250
1204,5873
1204,5881
1204,5883
1204,5898
1204,5904
1204,7603
1205,311
1205,724
1205,923
1205,1203
1205,1206
1205,1219
1205,1220
1205,1235
1205,1254
1205,1751
1205,5880
1205,5888
1205,7133
1205,7722
1205,7723
1205,7732
1205,7747
1206,13
1206,1020
1206,1045
1206,1196
1206,1199
1206,1203
1206,1205
1206,1206
1206,1208
1206,1210
1206,1214
1206,1219
1206,1220
1206,1229
1206,1238
1206,1281
1206,1283
1206,5873
1206,5880
1206,5884
1206,5888
1206,5890
1206,5895
1206,5908
1206,5911
1206,6359
1206,7133
1206,7599
1206,7722
1206,7723
1206,7731
1206,7732
1206,7742
1206,7748
1208,13
1208,1184
1208,1196
1208,1204
1208,1205
1208,1206
1208,1208
1208,1210
1208,1219
1208,1220
1208,1242
1208,1263
1208,1275
1208,1295
1208,5883
1208,5888
1208,5890
1208,5911
1208,6360
1208,7612
1208,7722
1208,7732
1208,7742
1208,7747
1208,7748
1210,938
1210,1105
1210,1184
1210,1208
1210,1219
1210,1242
1210,1295
1210,2667
1210,4000
1210,4574
1210,5884
1210,5911
1210,6360
1210,7747
1212,0
1212,1048
1212,1206
1212,1213
1212,1216
1212,1221
1212,1257
1212,1279
1212,1281
1212,3989
1212,7596
1212,7732
1212,7747
1212,7953
1213,886
1213,949
1213,1020
1213,1050
1213,1067
1213,1199
1213,1212
1213,1213
1213,1214
1213,1216
1213,1221
1213,1267
1213,1274
1213,1281
1213,1289
1213,3128
1213,5888
1213,5895
1213,5898
1213,6359
1213,7133
1213,7134
1213,7596
1213,7599
1213,7654
1213,7722
1213,7723
1214,1199
1214,1206
1214,1212
1214,1213
1214,1214
1214,1216
1214,1221
1214,1254
1214,1281
1214,2494
1214,5886
1214,5888
1214,7134
1214,7599
1216,1197
1216,1199
1216,1212
1216,1213
1216,1214
1216,1247
1216,1267
1216,1278
1216,3401
1216,3998
1216,7134
1216,7781
1219,0
1219,1195
1219,1205
1219,1210
1219,1238
1219,1254
1219,1295
1219,5906
1219,5908
1219,6358
1219,7732
1219,7747
1220,1053
1220,1184
1220,1195
1220,1196
1220,1203
1220,1205
1220,1206
1220,1219
1220,1220
1220,1257
1220,1271
1220,1295
1220,5880
1220,5888
1220,5906
1220,5908
1220,7722
1220,7723
1220,7731
1220,7732
1220,7742
1220,7744
1220,7747
1220,7748
1221,949
1221,1034
1221,1037
1221,1199
1221,1200
1221,1213
1221,1221
1221,1225
1221,1231
1221,1254
1221,1259
1221,1267
1221,1274
1221,1279
1221,1281
1221,1284
1221,1301
1221,5881
1221,5890
1221,5895
1221,5901
1221,7133
1221,7134
1221,7596
1221,7599
1221,7601
1222,895
1222,909
1222,1108
1222,1115
1222,1119
1222,1125
1222,1133
1222,1134
1222,1139
1222,1154
1222,1158
1222,1185
1222,1188
1222,1189
1222,1222
1222,1239
1222,1848
1222,6357
1222,7607
1222,7724
1222,7726
1222,7728
1225,0
1225,873
1225,923
1225,1199
1225,1200
1225,1213
1225,1221
1225,1225
1225,1231
1225,1274
1225,1279
1225,1289
1225,5881
1225,5884
1225,5895
1225,7134
1225,7596
1225,7599
1225,7603
1225,7747
1226,0
1226,699
1226,1199
1226,1257
1226,1274
1226,1284
1226,1289
1226,4044
1226,5900
1226,5901
1226,5904
1226,7133
1226,7596
1226,7599
1226,7953
1227,0
1227,204
1227,1212
1227,1221
1227,1254
1227,1280
1227,1283
1227,5884
1227,5904
1227,7601
1227,7654
1227,7953
1228,1185
1228,1188
1228,1192
1228,1193
1228,1228
1228,1239
1228,1291
1228,1292
1228,5901
1228,7325
1228,7327
1228,7603
1228,7607
1228,7609
1228,7612
1228,7614
1228,7615
1228,7724
1228,7726
1228,7728
1229,873
1229,932
1229,934
1229,941
1229,1194
1229,1199
1229,1206
1229,1225
1229,1229
1229,1231
1229,1236
1229,1255
1229,1270
1229,1278
1229,1280
1229,1283
1229,5886
1229,5898
1229,5901
1229,7609
1231,918
1231,1199
1231,1221
1231,1225
1231,1231
1231,1247
1231,1267
1231,1274
1231,1283
1231,1289
1231,1755
1231,5881
1231,7133
1231,7134
1231,7596
1231,7599
1231,7654
1232,0
1232,1
1232,2
1232,3
1232,140
1232,1232
1232,1321
1232,7590
1235,1193
1235,1271
1235,1275
1235,1291
1235,2501
1235,5898
1235,7327
1235,7607
1235,7612
1235,7614
1235,7615
1235,7724
1236,1194
1236,1216
1236,1227
1236,1236
1236,1255
1236,1298
1236,5881
1236,5886
1236,5896
1236,5898
1236,5901
1236,6358
1236,6360
1236,7601
1236,7606
1236,7607
1236,7608
1236,7609
1236,7612
1236,7614
1236,7615
1236,7751
1236,7752
1236,7781
1236,7953
1236,7954
1238,0
1238,1184
1238,1195
1238,1203
1238,1206
1238,1238
1238,1242
1238,1263
1238,1267
1238,1279
1238,1284
1238,1295
1238,1313
1238,5873
1238,5906
1238,6359
1238,7608
1238,7742
1238,7744
1238,7747
1238,7748
1239,874
1239,1105
1239,1133
1239,1134
1239,1185
1239,1188
1239,1189
1239,1193
1239,1228
1239,1235
1239,1239
1239,1271
1239,1291
1239,1292
1239,2667
1239,4044
1239,7327
1239,7607
1239,7615
1239,7722
1239,7724
1239,7726
1239,7728
1242,1184
1242,1208
1242,1219
1242,1226
1242,1263
1242,1295
1242,5871
1242,5880
1242,5911
1242,7134
1242,7606
1242,7781
1247,1024
1247,1214
1247,1216
1247,1254
1247,1271
1247,1289
1247,4176
1247,5871
1247,5873
1247,5895
1247,7134
1247,7603
1247,7954
1250,0
1250,1184
1250,1199
1250,1200
1250,1204
1250,1231
1250,1274
1250,1848
1250,5881
1250,5883
1250,5911
1250,7133
1254,949
1254,1205
1254,1213
1254,1214
1254,1225
1254,1227
1254,1231
1254,1247
1254,1254
1254,1257
1254,1289
1254,5895
1254,7133
1254,7134
1254,7601
1254,7614
1255,0
1255,941
1255,1194
1255,1199
1255,1229
1255,1236
1255,1279
1255,1281
1255,5898
1255,7134
1255,7601
1255,7609
1255,7781
1255,7953
1257,0
1257,1184
1257,1225
1257,1226
1257,1250
1257,1255
1257,1259
1257,1284
1257,1289
1257,2005
1257,4044
1257,4569
1257,6359
1257,7596
1257,7603
1257,7654
1259,1199
1259,1213
1259,1257
1259,1259
1259,1274
1259,1284
1259,5898
1259,5900
1259,5901
1259,7134
1259,7601
1259,7603
1259,7606
1259,7615
1259,7654
1261,0
1261,1
1261,2
1261,3
1261,143
1261,1261
1261,1317
1263,1195
1263,1196
1263,1203
1263,1238
1263,1270
1263,7732
1263,7744
1263,7747
1263,7748
1263,7752
1265,0
1265,1
1265,2
1265,502
1265,1202
1265,1265
1267,923
1267,1221
1267,1231
1267,1250
1267,1279
1267,1283
1267,1288
1267,5881
1267,7133
1267,7134
1267,7599
1267,7603
1270,873
1270,875
1270,1206
1270,1214
1270,1229
1270,1236
1270,1254
1270,1255
1270,1270
1270,1278
1270,1283
1270,5910
1270,7133
1270,7601
1270,7608
1270,7654
1270,7751
1270,7953
1270,7954
1271,13
1271,1197
1271,1206
1271,1208
1271,1278
1271,1302
1271,1314
1271,1342
1271,7731
1271,7732
1271,7744
1271,7747
1271,7748
1274,872
1274,1194
1274,1199
1274,1200
1274,1221
1274,1225
1274,1226
1274,1231
1274,1250
1274,1257
1274,1259
1274,1267
1274,1274
1274,1279
1274,1289
1274,5881
1274,5901
1274,5904
1274,7133
1274,7596
1274,7603
1274,7732
1275,1035
1275,1115
1275,1193
1275,1228
1275,1235
1275,1275
1275,1794
1275,7325
1275,7327
1275,7599
1275,7606
1275,7612
1275,7614
1275,7615
1275,7726
1278,895
1278,1194
1278,1214
1278,1225
1278,1229
1278,1236
1278,1254
1278,1255
1278,5898
1278,5900
1278,5910
1279,1195
1279,1197
1279,1212
1279,1221
1279,1225
1279,1267
1279,1281
1279,1284
1279,1301
1279,1588
1279,5884
1279,5895
1279,7603
1279,7654
1279,7744
1279,7751
1280,932
1280,1020
1280,1043
1280,1194
1280,1199
1280,1206
1280,1227
1280,1228
1280,1236
1280,1270
1280,1274
1280,1280
1280,1298
1280,5896
1280,5898
1280,5900
1280,6358
1280,7599
1280,7601
1280,7603
1280,7954
1281,0
1281,1200
1281,1204
1281,1206
1281,1212
1281,1214
1281,1216
1281,1221
1281,1225
1281,1254
1281,1255
1281,1274
1281,1281
1281,1284
1281,1289
1281,5884
1281,5888
1281,5890
1281,5895
1281,5901
1281,7133
1281,7134
1281,7953
1283,0
1283,908
1283,1194
1283,1199
1283,1200
1283,1219
1283,1227
1283,1229
1283,1236
1283,1250
1283,1274
1283,1280
1283,1283
1283,1284
1283,1289
1283,5871
1283,5881
1283,5886
1283,5898
1283,5900
1283,6360
1283,7596
1283,7601
1283,7603
1283,7612
1283,7742
1283,7751
1283,7752
1283,7954
1284,0
1284,1200
1284,1226
1284,1257
1284,1259
1284,1274
1284,1284
1284,1289
1284,5898
1284,5901
1284,6360
1284,7133
1284,7134
1284,7596
1284,7954
1288,886
1288,1193
1288,1200
1288,1274
1288,1288
1288,5886
1288,5896
1288,5898
1288,5900
1288,5910
1288,6357
1288,6358
1288,6360
1288,7601
1288,7606
1288,7751
1288,7752
1288,7954
1289,420
1289,1060
1289,1199
1289,1204
1289,1206
1289,1214
1289,1220
1289,1221
1289,1254
1289,1257
1289,1259
1289,1281
1289,1289
1289,5881
1289,5886
1289,5911
1289,6359
1289,7133
1289,7134
1289,7596
1289,7599
1289,7601
1289,7603
1289,7742
1289,7752
1291,0
1291,895
1291,1119
1291,1133
1291,1134
1291,1139
1291,1154
1291,1185
1291,1188
1291,1189
1291,1193
1291,1222
1291,1228
1291,1239
1291,1291
1291,1292
1291,1468
1291,1590
1291,6357
1291,7325
1291,7327
1291,7607
1291,7615
1291,7724
1291,7726
1291,7728
1292,0
1292,1192
1292,1193
1292,1203
1292,1228
1292,1235
1292,1291
1292,1292
1292,5873
1292,7327
1292,7608
1292,7609
1292,7612
1292,7614
1292,7615
1292,7724
1292,7726
1292,7728
1295,1195
1295,1196
1295,1197
1295,1208
1295,1210
1295,1220
1295,1238
1295,1295
1295,1298
1295,1302
1295,1313
1295,1314
1295,1899
1295,5867
1295,5911
1295,6010
1295,7731
1295,7742
1295,7744
1295,7747
1295,7748
1297,1
1298,916
1298,1119
1298,1194
1298,1229
1298,1236
1298,1288
1298,1295
1298,1298
1298,5886
1298,5896
1298,5898
1298,6360
1298,7606
1298,7608
1298,7609
1298,7612
1298,7654
1298,7742
1298,7751
1298,7781
1298,7954
1301,3
1301,13
1301,740
1301,1050
1301,1196
1301,1205
1301,1212
1301,1238
1301,1301
1301,1302
1301,1307
1301,1313
1301,1314
1301,1319
1301,1342
1301,1588
1301,2263
1301,3128
1301,5867
1301,6352
1301,7722
1301,7731
1301,7747
1302,13
1302,1108
1302,1196
1302,1197
1302,1220
1302,1239
1302,1301
1302,1302
1302,1307
1302,1309
1302,1313
1302,1314
1302,1319
1302,3128
1302,3134
1302,4432
1302,5906
1302,5911
1302,6357
1302,7731
1302,7732
1302,7747
1307,13
1307,874
1307,1188
1307,1301
1307,1302
1307,1313
1307,1314
1307,1319
1307,3260
1307,4162
1307,4574
1309,902
1309,925
1309,1309
1309,1337
1309,1342
1309,1451
1309,1468
1309,1501
1309,1588
1309,1590
1309,2667
1309,2671
1309,3123
1309,3126
1309,3132
1309,4044
1309,4199
1309,5450
1309,6359
1309,7731
1313,1
1313,2
1313,13
1313,420
1313,1025
1313,1301
1313,1302
1313,1307
1313,1313
1313,1314
1313,1319
1313,1320
1313,3128
1313,3237
1313,3291
1313,3375
1313,5867
1313,6010
1313,6357
1313,7731
1313,7732
1313,7744
1314,0
1314,1
1314,2
1314,13
1314,1197
1314,1247
1314,1301
1314,1302
1314,1307
1314,1313
1314,1314
1314,1319
1314,1334
1314,3128
1314,3263
1314,3291
1314,3579
1314,3819
1314,4574
1314,4920
1314,5199
1314,5867
1314,6010
1314,6352
1314,6357
1314,7731
1314,7732
1317,0
1317,1
1317,2
1317,3
1317,169
1317,419
1319,0
1319,1
1319,2
1319,3
1319,13
1319,1301
1319,1302
1319,1307
1319,1313
1319,1314
1319,1319
1319,3128
1319,3134
1319,3239
1319,3245
1319,3291
1319,4920
1319,5199
1319,5867
1319,6010
1320,122
1320,3134
1320,3513
1321,140
1321,1232
1321,1321
1328,0
1328,1
1328,3
1328,1328
1328,4176
1328,5157
1334,0
1334,2
1334,1314
1334,1334
1334,3132
1334,3476
1337,0
1337,311
1337,552
1337,772
1337,966
1337,1210
1337,1309
1337,1337
1337,1342
1337,1451
1337,1468
1337,1501
1337,1588
1337,1590
1337,1596
1337,1599
1337,1751
1337,3123
1337,3126
1337,3132
1337,3247
1337,4044
1337,4199
1342,2
1342,204
1342,311
1342,549
1342,1301
1342,1309
1342,1337
1342,1342
1342,1451
1342,1468
1342,1501
1342,1588
1342,1590
1342,1596
1342,1599
1342,2615
1342,2667
1342,2671
1342,3123
1342,3132
1342,4044
1342,4162
1342,5900
1347,127
1347,129
1347,1682
1417,309
1417,1417
1417,3185
1431,87
1431,1417
1431,3224
1451,2
1451,733
1451,1309
1451,1337
1451,1342
1451,1451
1451,1468
1451,1501
1451,1588
1451,1590
1451,1596
1451,1599
1451,1750
1451,1751
1451,2005
1451,3126
1451,3132
1451,3134
1451,4044
1451,4176
1468,680
1468,905
1468,977
1468,1309
1468,1337
1468,1451
1468,1468
1468,1501
1468,1588
1468,1590
1468,1596
1468,1599
1468,1750
1468,2005
1468,2036
1468,3123
1468,3132
1468,4044
1468,4318
1501,311
1501,733
1501,966
1501,1019
1501,1309
1501,1337
1501,1342
1501,1451
1501,1468
1501,1501
1501,1588
1501,1590
1501,1596
1501,1750
1501,2344
1501,3123
1501,3126
1501,3132
1501,4044
1501,7748
1536,1536
1536,1601
1536,1627
1586,87
1586,1417
1586,1536
1588,0
1588,552
1588,1337
1588,1342
1588,1468
1588,1501
1588,1588
1588,1590
1588,1596
1588,1599
1588,1750
1588,1751
1588,1755
1588,1848
1588,1995
1588,2005
1588,2036
1588,3123
1588,3332
1588,4044
1588,4432
1588,7731
1590,680
1590,977
1590,1271
1590,1309
1590,1337
1590,1342
1590,1451
1590,1468
1590,1588
1590,1590
1590,1596
1590,1599
1590,1750
1590,1751
1590,1848
1590,2005
1590,3424
1590,4044
1590,5886
1596,549
1596,1302
1596,1309
1596,1451
1596,1468
1596,1501
1596,1588
1596,1590
1596,1596
1596,1599
1596,1750
1596,1848
1596,2005
1596,2036
1596,2340
1596,2501
1596,2671
1596,3123
1596,5368
1599,1134
1599,1226
1599,1267
1599,1309
1599,1337
1599,1342
1599,1451
1599,1468
1599,1588
1599,1590
1599,1596
1599,1599
1599,1750
1599,1751
1599,1755
1599,1848
1599,1995
1599,2005
1599,2501
1599,3239
1599,5407
1599,5910
1601,53
1601,126
1601,1431
1627,82
1627,1431
1627,3224
1671,61
1671,81
1671,136
1682,27
1682,1586
1682,1682
1706,18
1706,129
1706,1536
1750,0
1750,2
1750,536
1750,1451
1750,1468
1750,1501
1750,1588
1750,1590
1750,1596
1750,1599
1750,1750
1750,1751
1750,1755
1750,1848
1750,2005
1750,2036
1750,2115
1750,3819
1750,7134
1751,2
1751,7
1751,536
1751,552
1751,611
1751,680
1751,942
1751,1004
1751,1194
1751,1291
1751,1451
1751,1468
1751,1501
1751,1588
1751,1590
1751,1599
1751,1750
1751,1751
1751,1755
1751,1848
1751,1995
1751,2005
1751,2036
1751,3571
1751,5890
1755,0
1755,1
1755,2
1755,204
1755,536
1755,549
1755,611
1755,699
1755,872
1755,895
1755,1319
1755,1588
1755,1596
1755,1599
1755,1751
1755,1755
1755,1848
1755,1995
1755,2005
1755,2036
1755,7596
1794,61
1794,118
1794,1800
1800,107
1800,1671
1800,1951
1848,0
1848,2
1848,204
1848,549
1848,611
1848,1037
1848,1247
1848,1342
1848,1451
1848,1590
1848,1596
1848,1599
1848,1750
1848,1751
1848,1755
1848,1848
1848,1995
1848,2005
1848,2036
1848,3503
1848,4000
1899,875
1899,3239
1899,3579
1951,118
1951,1671
1951,1951
1991,708
1991,716
1991,1991
1991,2098
1991,2115
1991,2263
1991,2340
1991,2344
1991,2347
1991,2494
1991,3518
1991,4000
1991,4044
1991,4176
1991,4425
1991,4432
1991,4433
1991,4519
1991,4569
1991,4578
1991,4912
1991,4962
1995,0
1995,2
1995,324
1995,420
1995,536
1995,549
1995,552
1995,611
1995,677
1995,698
1995,699
1995,708
1995,716
1995,733
1995,740
1995,1302
1995,1451
1995,1596
1995,1751
1995,1755
1995,1848
1995,1995
1995,2005
1995,2036
1995,2263
1995,3132
2005,2
2005,7
2005,204
2005,420
2005,536
2005,549
2005,611
2005,1242
2005,1588
2005,1590
2005,1596
2005,1599
2005,1750
2005,1751
2005,1755
2005,1848
2005,1995
2005,2005
2005,2036
2005,3123
2005,4578
2005,5407
2005,7601
2036,0
2036,2
2036,204
2036,420
2036,536
2036,611
2036,699
2036,905
2036,1110
2036,1265
2036,1468
2036,1588
2036,1590
2036,1599
2036,1751
2036,1755
2036,1848
2036,1995
2036,2005
2036,2036
2036,2159
2036,3263
2048,807
2048,2048
2063,643
2063,793
2063,2063
2084,42
2084,687
2084,793
2098,0
2098,243
2098,311
2098,891
2098,1599
2098,1991
2098,2098
2098,2115
2098,2159
2098,2263
2098,2344
2098,2494
2098,2615
2098,3132
2098,4000
2098,4191
2098,4433
2098,4519
2098,4569
2098,4578
2098,5883
2106,31
2106,4460
2106,4473
2115,243
2115,886
2115,893
2115,1991
2115,2098
2115,2115
2115,2159
2115,2340
2115,2344
2115,2347
2115,2501
2115,3518
2115,4000
2115,4432
2115,4519
2115,4578
2115,4832
2115,5369
2157,20
2157,33
2157,2157
2159,1
2159,243
2159,311
2159,1030
2159,1501
2159,1991
2159,2098
2159,2115
2159,2159
2159,2263
2159,2340
2159,2344
2159,2347
2159,2615
2159,4000
2159,4425
2159,4519
2159,4569
2159,4578
2159,4827
2159,5407
2216,14
2216,2216
2216,4632
2249,33
2249,2249
2263,243
2263,875
2263,1309
2263,1991
2263,2115
2263,2159
2263,2263
2263,2340
2263,2344
2263,2347
2263,2494
2263,2501
2263,2615
2263,2667
2263,3123
2263,3979
2263,4432
2263,4519
2263,4569
2263,4920
2263,5047
2263,5421
2263,7731
2273,19
2273,2249
2273,2273
2340,243
2340,311
2340,1134
2340,1193
2340,2115
2340,2159
2340,2263
2340,2340
2340,2344
2340,2347
2340,2494
2340,2501
2340,2615
2340,2667
2340,3123
2340,4000
2340,4165
2340,4176
2340,5047
2340,5199
2344,243
2344,311
2344,677
2344,1342
2344,1596
2344,1991
2344,1995
2344,2098
2344,2115
2344,2159
2344,2263
2344,2340
2344,2344
2344,2347
2344,2494
2344,2501
2344,2615
2344,2667
2344,3126
2344,3132
2344,3866
2344,4000
2344,5096
2347,243
2347,552
2347,680
2347,949
2347,1501
2347,1991
2347,2098
2347,2115
2347,2159
2347,2263
2347,2340
2347,2344
2347,2347
2347,2494
2347,2501
2347,2615
2347,2667
2347,2671
2347,3263
2347,3979
2347,4044
2347,5188
2347,5222
2352,32
2352,39
2352,2527
2363,31
2363,2363
2363,2809
2453,22
2453,114
2453,2363
2494,243
2494,311
2494,1247
2494,1337
2494,1991
2494,2098
2494,2115
2494,2159
2494,2263
2494,2340
2494,2344
2494,2347
2494,2494
2494,2501
2494,2615
2494,2671
2494,3123
2494,3132
2494,3256
2494,3819
2494,4044
2494,4425
2494,4569
2494,5222
2501,1
2501,243
2501,311
2501,882
2501,1263
2501,1337
2501,1451
2501,1991
2501,2115
2501,2159
2501,2263
2501,2340
2501,2344
2501,2347
2501,2494
2501,2501
2501,2615
2501,2667
2501,3132
2501,4433
2501,5222
2527,22
2527,2106
2527,2586
2586,2352
2586,2586
2586,2809
2615,243
2615,311
2615,993
2615,1212
2615,1337
2615,1342
2615,1451
2615,2159
2615,2263
2615,2340
2615,2344
2615,2347
2615,2494
2615,2501
2615,2615
2615,2667
2615,2671
2615,3123
2615,3126
2615,3132
2615,4044
2615,5157
2615,5170
2615,5906
2615,7953
2667,1
2667,136
2667,243
2667,311
2667,942
2667,1309
2667,1342
2667,1590
2667,2159
2667,2340
2667,2344
2667,2347
2667,2494
2667,2501
2667,2615
2667,2667
2667,2671
2667,3123
2667,3126
2667,3132
2667,3256
2667,4044
2667,4164
2667,4912
2671,7
2671,243
2671,311
2671,891
2671,1195
2671,1309
2671,1337
2671,1599
2671,2159
2671,2263
2671,2340
2671,2344
2671,2347
2671,2494
2671,2501
2671,2615
2671,2667
2671,2671
2671,3123
2671,3126
2671,3132
2671,3332
2671,3571
2671,4044
2671,4432
2671,5360
2696,23
2696,114
2696,2453
2757,37
2757,104
2757,133
2809,12
2809,19
2809,34
2862,31
3123,243
3123,311
3123,733
3123,893
3123,1255
3123,1309
3123,1337
3123,1342
3123,1451
3123,1501
3123,2263
3123,2494
3123,2615
3123,2667
3123,2671
3123,3123
3123,3126
3123,3132
3123,3989
3123,4044
3123,5421
3126,0
3126,243
3126,311
3126,880
3126,1199
3126,1216
3126,1309
3126,1337
3126,1342
3126,1501
3126,1590
3126,1991
3126,2340
3126,2494
3126,2615
3126,2667
3126,2671
3126,3123
3126,3126
3126,3132
3126,4044
3126,4176
3128,0
3128,1
3128,13
3128,1025
3128,1301
3128,1302
3128,1313
3128,1314
3128,1319
3128,3128
3128,3134
3128,3237
3128,3239
3128,3245
3128,3247
3128,3256
3128,3260
3128,3263
3128,3291
3128,3332
3128,3384
3128,3445
3128,3480
3128,3490
3128,4187
3128,5867
3128,6010
3128,6352
3128,7731
3132,243
3132,311
3132,909
3132,942
3132,1309
3132,1337
3132,1342
3132,1501
3132,1599
3132,1750
3132,2005
3132,2340
3132,2494
3132,2501
3132,2615
3132,2671
3132,3123
3132,3126
3132,3132
3132,4044
3132,5900
3132,5906
3132,7747
3132,7953
3134,13
3134,311
3134,1301
3134,1313
3134,1314
3134,1319
3134,2347
3134,3128
3134,3134
3134,3237
3134,3239
3134,3245
3134,3247
3134,3255
3134,3260
3134,3263
3134,3291
3134,3459
3134,3469
3134,5188
3134,6352
3142,113
3142,138
3142,3303
3184,18
3184,82
3184,3185
3185,53
3185,87
3185,128
3224,82
3224,1347
3224,1601
3237,13
3237,3128
3237,3134
3237,3237
3237,3239
3237,3245
3237,3255
3237,3256
3237,3258
3237,3260
3237,3263
3237,3291
3237,3332
3237,3384
3237,3421
3237,3427
3237,3445
3237,3490
3237,3503
3237,4920
3237,5369
3237,5374
3239,1
3239,3
3239,13
3239,1899
3239,3128
3239,3134
3239,3237
3239,3239
3239,3245
3239,3247
3239,3255
3239,3256
3239,3258
3239,3260
3239,3263
3239,3291
3239,3332
3239,3384
3239,3427
3239,5157
3239,5188
3239,6352
3241,84
3241,113
3241,125
3245,0
3245,2
3245,13
3245,909
3245,3128
3245,3134
3245,3237
3245,3239
3245,3245
3245,3247
3245,3255
3245,3258
3245,3260
3245,3263
3245,3291
3245,3332
3245,3375
3245,3384
3245,3423
3245,3427
3245,3480
3245,3490
3245,3503
3245,5368
3247,0
3247,1
3247,2
3247,680
3247,1271
3247,1314
3247,3134
3247,3237
3247,3239
3247,3245
3247,3247
3247,3255
3247,3256
3247,3258
3247,3260
3247,3263
3247,3291
3247,3332
3247,3384
3247,3427
3247,3445
3247,3518
3247,5572
3248,1991
3249,70
3249,1334
3249,3142
3255,1
3255,13
3255,420
3255,909
3255,3128
3255,3237
3255,3239
3255,3245
3255,3247
3255,3255
3255,3256
3255,3258
3255,3260
3255,3263
3255,3291
3255,3332
3255,3384
3255,3424
3255,3427
3255,3459
3255,3469
3255,3476
3255,3518
3255,3989
3255,4651
3255,5360
3256,1
3256,373
3256,1307
3256,1590
3256,3237
3256,3245
3256,3247
3256,3255
3256,3256
3256,3258
3256,3260
3256,3291
3256,3332
3256,3384
3256,3423
3256,3427
3256,3445
3256,3459
3256,3469
3256,3476
3256,3480
3256,3490
3256,3503
3256,3518
3256,5417
3256,5576
3257,41
3257,93
3257,3249
3258,0
3258,1
3258,2
3258,1755
3258,3128
3258,3237
3258,3239
3258,3245
3258,3247
3258,3255
3258,3256
3258,3258
3258,3263
3258,3291
3258,3384
3258,3427
3258,3431
3258,3445
3258,3469
3258,3476
3258,3480
3258,3490
3258,4425
3258,6352
3260,1
3260,3128
3260,3134
3260,3237
3260,3239
3260,3245
3260,3247
3260,3255
3260,3256
3260,3258
3260,3260
3260,3263
3260,3291
3260,3332
3260,3384
3260,3427
3260,3503
3260,3819
3260,5222
3260,5357
3260,5369
3263,1
3263,121
3263,1301
3263,1309
3263,1314
3263,1319
3263,3128
3263,3134
3263,3237
3263,3239
3263,3245
3263,3255
3263,3256
3263,3258
3263,3260
3263,3263
3263,3291
3263,3332
3263,3384
3263,3417
3263,3476
3263,3979
3263,4646
3263,5450
3272,1189
3274,110
3274,3491
3274,3524
3276,4651
3277,95
3277,3277
3277,3537
3291,3
3291,1301
3291,1302
3291,3128
3291,3134
3291,3239
3291,3245
3291,3247
3291,3255
3291,3258
3291,3260
3291,3263
3291,3291
3291,3332
3291,3384
3291,3445
3291,3476
3291,5161
3291,5199
3291,5407
3291,6357
3303,135
3303,3257
3303,3303
3332,3
3332,13
3332,1313
3332,1451
3332,1468
3332,3128
3332,3134
3332,3237
3332,3239
3332,3245
3332,3247
3332,3260
3332,3263
3332,3332
3332,3384
3332,3427
3332,3459
3332,3866
3332,4164
3332,4569
3360,125
3360,3360
3360,3395
3374,1004
3375,0
3375,13
3375,3245
3375,3375
3375,5563
3382,138
3382,3382
3382,3568
3384,2
3384,1313
3384,2036
3384,3134
3384,3237
3384,3239
3384,3245
3384,3247
3384,3255
3384,3258
3384,3260
3384,3263
3384,3291
3384,3332
3384,3384
3384,3417
3384,3423
3384,3459
3384,3480
3384,3998
3384,5363
3384,5369
3384,7751
3390,64
3390,119
3390,3516
3392,73
3392,3392
3394,1468
3395,71
3395,119
3395,3277
3401,1501
3408,0
3411,122
3411,3241
3411,3411
3417,373
3417,708
3417,3260
3417,3417
3417,3421
3417,3423
3417,3424
3417,3445
3417,3476
3417,3490
3417,3503
3417,3571
3417,3579
3417,3866
3417,5199
3417,5417
3417,5450
3421,13
3421,373
3421,552
3421,1025
3421,1314
3421,3384
3421,3417
3421,3421
3421,3423
3421,3424
3421,3431
3421,3490
3421,3503
3421,3518
3421,3579
3421,3866
3421,4832
3421,5188
3421,5199
3423,3
3423,3237
3423,3417
3423,3421
3423,3423
3423,3427
3423,3431
3423,3469
3423,3476
3423,3480
3423,3503
3423,3518
3423,3571
3423,3579
3423,3866
3423,4651
3423,4664
3423,5188
3423,5199
3423,5369
3423,5450
3424,1
3424,373
3424,3255
3424,3417
3424,3421
3424,3423
3424,3424
3424,3427
3424,3431
3424,3459
3424,3476
3424,3490
3424,3503
3424,3518
3424,3571
3424,3579
3424,3866
3424,4832
3424,5188
3424,5199
3424,5393
3424,5407
3424,5421
3424,5450
3427,3
3427,373
3427,887
3427,3239
3427,3245
3427,3255
3427,3256
3427,3258
3427,3423
3427,3427
3427,3445
3427,3459
3427,3469
3427,3476
3427,3480
3427,3490
3427,3503
3427,3518
3427,3579
3427,4191
3427,5572
3431,373
3431,2615
3431,3384
3431,3417
3431,3421
3431,3423
3431,3424
3431,3431
3431,3490
3431,3503
3431,3571
3431,3579
3431,4569
3431,4651
3431,4962
3431,5188
3431,5199
3431,5369
3431,5417
3431,5450
3438,135
3438,3392
3438,3444
3444,11
3444,28
3444,3438
3445,1188
3445,1599
3445,3256
3445,3384
3445,3417
3445,3423
3445,3427
3445,3445
3445,3459
3445,3469
3445,3476
3445,3480
3445,3579
3445,4318
3445,4519
3445,5170
3445,5450
3445,5555
3451,75
3451,3451
3459,0
3459,1
3459,373
3459,1189
3459,3255
3459,3256
3459,3258
3459,3291
3459,3427
3459,3431
3459,3445
3459,3459
3459,3469
3459,3476
3459,3480
3459,3490
3459,3503
3459,3518
3459,3571
3459,3579
3459,3821
3459,4574
3459,5572
3469,3
3469,3128
3469,3237
3469,3255
3469,3256
3469,3260
3469,3427
3469,3445
3469,3459
3469,3469
3469,3476
3469,3480
3469,3490
3469,3518
3469,4651
3474,93
3474,3474
3474,3524
3476,3
3476,1337
3476,2347
3476,3256
3476,3258
3476,3417
3476,3423
3476,3427
3476,3445
3476,3459
3476,3469
3476,3476
3476,3480
3476,3490
3476,3503
3476,3518
3476,4434
3476,5576
3479,64
3479,70
3479,3277
3480,0
3480,1
3480,13
3480,3255
3480,3256
3480,3258
3480,3423
3480,3427
3480,3445
3480,3459
3480,3469
3480,3480
3480,3490
3480,3518
3480,3571
3480,3819
3480,3866
3480,5222
3480,5555
3480,5576
3490,3
3490,163
3490,311
3490,373
3490,1307
3490,3256
3490,3258
3490,3291
3490,3421
3490,3423
3490,3424
3490,3427
3490,3431
3490,3445
3490,3459
3490,3469
3490,3476
3490,3480
3490,3490
3490,3503
3490,3518
3490,3571
3490,3579
3490,5417
3490,5421
3491,86
3491,1320
3491,3491
3503,1
3503,3
3503,373
3503,1313
3503,3258
3503,3417
3503,3421
3503,3423
3503,3424
3503,3427
3503,3431
3503,3445
3503,3459
3503,3480
3503,3490
3503,3503
3503,3518
3503,3571
3503,3866
3503,4920
3503,5188
3503,5368
3503,5417
3509,28
3509,35
3509,98
3513,95
3513,3142
3513,3513
3516,41
3516,84
3516,3411
3518,3
3518,373
3518,677
3518,3247
3518,3255
3518,3258
3518,3417
3518,3421
3518,3423
3518,3424
3518,3427
3518,3431
3518,3445
3518,3459
3518,3469
3518,3476
3518,3480
3518,3490
3518,3503
3518,3518
3518,3571
3518,3579
3518,3819
3518,4434
3518,5096
3524,3513
3524,4641
3537,79
3537,3390
3537,3537
3541,28
3541,3537
3541,3568
3568,11
3568,79
3568,3568
3570,69
3570,76
3570,3570
3571,373
3571,611
3571,1025
3571,1599
3571,3255
3571,3417
3571,3421
3571,3423
3571,3424
3571,3431
3571,3480
3571,3490
3571,3503
3571,3518
3571,3571
3571,3579
3571,3866
3571,3989
3571,5188
3571,5199
3571,5393
3571,5417
3579,3
3579,373
3579,964
3579,3263
3579,3417
3579,3421
3579,3423
3579,3424
3579,3431
3579,3490
3579,3503
3579,3518
3579,3571
3579,3579
3579,3866
3579,5062
3579,5188
3579,5199
3579,5374
3579,5417
3579,5421
3579,5563
3584,30
3584,3584
3584,4885
3599,3599
3599,5420
3616,38
3616,5564
3819,1755
3819,3332
3819,3476
3819,3819
3819,4433
3819,4574
3819,4646
3819,4651
3819,4664
3819,4827
3819,4829
3819,4832
3819,4912
3819,4920
3819,5199
3819,5357
3819,5360
3819,5363
3819,5374
3819,5393
3819,5555
3819,5563
3819,5568
3819,5572
3819,5576
3821,0
3821,3
3821,121
3821,724
3821,3821
3821,3979
3821,3989
3821,3998
3821,4165
3821,4191
3821,4318
3821,4425
3821,4519
3821,5047
3821,5096
3821,5157
3821,5161
3821,5170
3821,5222
3821,5368
3821,5555
3856,4253
3856,5182
3856,5265
3866,3
3866,373
3866,1189
3866,3134
3866,3260
3866,3417
3866,3423
3866,3424
3866,3427
3866,3431
3866,3579
3866,3866
3866,5062
3866,5096
3866,5188
3866,5199
3866,5222
3866,5368
3866,5369
3866,5417
3866,5421
3866,5450
3866,5572
3907,17
3907,3907
3976,67
3976,78
3976,3584
3979,3
3979,121
3979,1501
3979,1590
3979,2667
3979,3821
3979,3979
3979,3989
3979,3998
3979,4162
3979,4165
3979,4187
3979,4191
3979,4519
3979,5062
3979,5157
3979,5161
3979,5170
3979,5222
3979,5417
3989,0
3989,121
3989,311
3989,420
3989,878
3989,3256
3989,3431
3989,3821
3989,3979
3989,3989
3989,3998
3989,4162
3989,4164
3989,4165
3989,4176
3989,4191
3989,4199
3989,4434
3989,4827
3989,4912
3989,5062
3989,5096
3989,5161
3989,5222
3998,0
3998,3
3998,121
3998,884
3998,1222
3998,2667
3998,3128
3998,3821
3998,3979
3998,3989
3998,3998
3998,4162
3998,4164
3998,4165
3998,4176
3998,4191
3998,4199
3998,4569
3998,4651
3998,5047
3998,5062
3998,5096
3998,5161
3998,5222
3998,5360
3999,65
3999,3856
3999,4372
4000,1
4000,1048
4000,1751
4000,1991
4000,2098
4000,2115
4000,2159
4000,2263
4000,2344
4000,2347
4000,2501
4000,2615
4000,3423
4000,4000
4000,4318
4000,4425
4000,4433
4000,4519
4000,4569
4000,4578
4000,7732
4044,0
4044,311
4044,1154
4044,1309
4044,1342
4044,1451
4044,1468
4044,1596
4044,2036
4044,2494
4044,2615
4044,2667
4044,2671
4044,3123
4044,3126
4044,3132
4044,4044
4044,4187
4049,12
4049,37
4049,2757
4070,27
4070,131
4070,1627
4132,120
4132,134
4132,4132
4159,89
4159,112
4159,4272
4162,1
4162,1501
4162,2263
4162,3128
4162,3819
4162,3821
4162,3979
4162,3998
4162,4162
4162,4164
4162,4165
4162,4176
4162,4187
4162,4199
4162,4318
4162,4425
4162,4432
4162,4433
4162,4434
4162,4569
4162,4578
4162,5563
4164,0
4164,121
4164,574
4164,2671
4164,3998
4164,4162
4164,4164
4164,4165
4164,4176
4164,4187
4164,4191
4164,4199
4164,4318
4164,4425
4164,4433
4164,4434
4164,4519
4164,4962
4164,5161
4164,5360
4165,13
4165,1750
4165,1755
4165,2098
4165,2347
4165,2501
4165,3821
4165,3979
4165,3989
4165,3998
4165,4162
4165,4164
4165,4165
4165,4176
4165,4187
4165,4191
4165,4199
4165,4318
4165,4425
4165,4432
4165,4433
4165,4434
4165,5157
4165,5161
4176,0
4176,1337
4176,1342
4176,1451
4176,1991
4176,2347
4176,3255
4176,3989
4176,3998
4176,4162
4176,4164
4176,4165
4176,4176
4176,4187
4176,4191
4176,4199
4176,4318
4176,4425
4176,4432
4176,4433
4176,4434
4176,4519
4176,4578
4187,0
4187,373
4187,1004
4187,1291
4187,3480
4187,3979
4187,3998
4187,4162
4187,4164
4187,4165
4187,4176
4187,4187
4187,4191
4187,4199
4187,4318
4187,4433
4187,4434
4187,4519
4187,4569
4187,5157
4187,5161
4187,5170
4187,5555
4187,6352
4191,1
4191,121
4191,243
4191,2671
4191,3821
4191,3979
4191,3989
4191,4162
4191,4164
4191,4165
4191,4176
4191,4187
4191,4191
4191,4199
4191,4318
4191,4434
4191,4912
4191,5096
4191,5157
4191,5170
4191,5357
4194,25
4194,52
4194,90
4199,0
4199,1247
4199,1342
4199,2159
4199,2263
4199,3245
4199,3989
4199,3998
4199,4162
4199,4164
4199,4165
4199,4176
4199,4187
4199,4191
4199,4199
4199,4318
4199,4425
4199,4432
4199,4433
4199,4434
4199,4578
4199,5157
4199,5374
4199,5563
4253,3856
4253,4132
4253,4159
4259,4194
4259,4259
4259,5318
4272,49
4272,4514
4272,4982
4287,65
4287,3999
4287,4287
4307,25
4307,105
4307,4307
4318,0
4318,3
4318,873
4318,1107
4318,2098
4318,2115
4318,3998
4318,4162
4318,4164
4318,4165
4318,4176
4318,4187
4318,4191
4318,4199
4318,4318
4318,4425
4318,4432
4318,4433
4318,4434
4318,5572
4358,111
4358,112
4372,48
4372,50
4372,4372
4425,536
4425,909
4425,1991
4425,2098
4425,2344
4425,2671
4425,3480
4425,4000
4425,4162
4425,4164
4425,4176
4425,4187
4425,4318
4425,4425
4425,4432
4425,4434
4425,4519
4425,4569
4425,4578
4425,4646
4432,884
4432,2098
4432,2115
4432,2159
4432,3276
4432,3579
4432,4000
4432,4162
4432,4164
4432,4165
4432,4176
4432,4187
4432,4318
4432,4425
4432,4432
4432,4433
4432,4434
4432,4519
4432,4569
4432,4578
4433,3
4433,121
4433,1035
4433,1991
4433,2098
4433,2115
4433,2340
4433,2615
4433,4000
4433,4164
4433,4165
4433,4176
4433,4187
4433,4199
4433,4318
4433,4425
4433,4432
4433,4433
4433,4434
4433,4519
4433,4569
4433,4574
4433,4578
4433,5555
4434,0
4434,3
4434,611
4434,1263
4434,2098
4434,3126
4434,4164
4434,4165
4434,4176
4434,4191
4434,4199
4434,4318
4434,4425
4434,4432
4434,4433
4434,4434
4434,4519
4434,4569
4434,4578
4434,5555
4460,33
4460,39
4460,4473
4473,2453
4473,4511
4511,34
4511,36
4511,2757
4514,48
4514,120
4514,4287
4519,1991
4519,2098
4519,2159
4519,2615
4519,2671
4519,3123
4519,3256
4519,4000
4519,4162
4519,4187
4519,4199
4519,4318
4519,4425
4519,4432
4519,4433
4519,4434
4519,4519
4519,4569
4519,4578
4519,5161
4519,5222
4569,0
4569,311
4569,942
4569,1004
4569,1750
4569,1991
4569,2098
4569,2115
4569,2159
4569,2263
4569,2340
4569,2344
4569,4000
4569,4176
4569,4318
4569,4425
4569,4432
4569,4433
4569,4434
4569,4519
4569,4569
4569,4578
4569,4832
4569,5062
4574,3469
4574,3476
4574,3518
4574,3819
4574,4433
4574,4574
4574,4646
4574,4651
4574,4664
4574,4827
4574,4829
4574,4832
4574,4912
4574,4920
4574,4962
4574,5047
4574,5222
4574,5374
4574,5555
4574,5563
4574,5572
4574,5576
4578,611
4578,1991
4578,1995
4578,2115
4578,2263
4578,2344
4578,2615
4578,2671
4578,4000
4578,4162
4578,4165
4578,4176
4578,4318
4578,4425
4578,4432
4578,4433
4578,4434
4578,4519
4578,4569
4578,4578
4578,5369
4625,37
4625,133
4625,4625
4632,43
4632,114
4632,4632
4640,2696
4640,4625
4640,4640
4641,123
4641,3474
4646,1319
4646,3819
4646,4000
4646,4199
4646,4574
4646,4646
4646,4651
4646,4664
4646,4827
4646,4829
4646,4832
4646,4912
4646,4920
4646,4962
4646,5096
4646,5170
4646,5393
4646,5555
4651,3
4651,13
4651,3490
4651,3819
4651,3821
4651,3979
4651,4519
4651,4574
4651,4646
4651,4651
4651,4664
4651,4827
4651,4829
4651,4832
4651,4912
4651,4920
4651,4962
4651,5047
4651,5096
4651,5157
4651,5170
4651,5555
4651,5563
4651,5576
4664,1045
4664,3476
4664,3503
4664,3821
4664,4574
4664,4646
4664,4651
4664,4664
4664,4829
4664,4832
4664,4912
4664,4962
4664,5062
4664,5096
4664,5161
4664,5222
4664,5368
4664,5374
4664,5555
4664,5563
4664,5568
4664,5572
4664,5576
4689,15
4689,68
4689,4689
4722,47
4722,5709
4786,29
4786,4786
4786,5615
4787,103
4787,4967
4787,5564
4827,121
4827,3518
4827,3979
4827,3989
4827,4574
4827,4646
4827,4651
4827,4827
4827,4829
4827,4832
4827,4912
4827,4920
4827,4962
4827,5047
4827,5062
4827,5096
4827,5157
4827,5222
4829,3
4829,121
4829,1025
4829,3571
4829,4433
4829,4646
4829,4651
4829,4827
4829,4829
4829,4832
4829,4912
4829,4920
4829,4962
4829,5047
4829,5062
4829,5096
4829,5222
4832,3332
4832,3417
4832,3459
4832,3819
4832,4187
4832,4574
4832,4646
4832,4651
4832,4664
4832,4827
4832,4829
4832,4832
4832,4912
4832,4920
4832,4962
4832,5062
4832,5096
4832,5170
4832,5222
4832,5363
4832,5568
4856,4786
4856,4967
4856,5030
4885,47
4885,134
4885,4885
4912,1751
4912,3445
4912,3819
4912,4191
4912,4569
4912,4574
4912,4646
4912,4651
4912,4664
4912,4827
4912,4829
4912,4832
4912,4912
4912,4920
4912,4962
4912,5047
4912,5062
4912,5096
4912,5170
4912,5357
4912,5363
4912,5374
4912,5568
4920,891
4920,1278
4920,3258
4920,3260
4920,3431
4920,3819
4920,3821
4920,3998
4920,4574
4920,4578
4920,4646
4920,4651
4920,4664
4920,4829
4920,4832
4920,4912
4920,4920
4920,4962
4920,5047
4920,5062
4920,5096
4920,5170
4920,5360
4920,5368
4920,5563
4920,5572
4962,121
4962,3332
4962,3417
4962,3431
4962,4000
4962,4574
4962,4651
4962,4664
4962,4827
4962,4832
4962,4912
4962,4920
4962,4962
4962,5047
4962,5062
4962,5096
4962,5222
4967,17
4967,57
4967,3907
4982,16
4982,62
4982,103
4999,16
4999,47
4999,4999
5030,4885
5030,5030
5047,121
5047,373
5047,2344
5047,3821
5047,3979
5047,3989
5047,4176
5047,4191
5047,4646
5047,4664
5047,4827
5047,4829
5047,4962
5047,5047
5047,5062
5047,5096
5047,5161
5047,5170
5047,5188
5047,5222
5047,5374
5047,5576
5050,26
5050,105
5050,5182
5062,3
5062,121
5062,2159
5062,2494
5062,3459
5062,3579
5062,3979
5062,3989
5062,3998
5062,4044
5062,4162
5062,4191
5062,4199
5062,4574
5062,4646
5062,4651
5062,4827
5062,4829
5062,4832
5062,4912
5062,4920
5062,4962
5062,5047
5062,5062
5062,5096
5062,5157
5062,5161
5062,5170
5062,5222
5096,121
5096,243
5096,3571
5096,3579
5096,3821
5096,3979
5096,3998
5096,4187
5096,4199
5096,4578
5096,4651
5096,4827
5096,4829
5096,4912
5096,4920
5096,4962
5096,5047
5096,5062
5096,5096
5096,5161
5096,5170
5096,5222
5096,5417
5118,111
5118,4358
5118,5118
5132,83
5132,89
5132,3999
5157,3
5157,121
5157,243
5157,3821
5157,3989
5157,3998
5157,4165
5157,5047
5157,5062
5157,5157
5157,5161
5157,5170
5157,5222
5157,5368
5157,5421
5157,5450
5161,3
5161,243
5161,3132
5161,3821
5161,3979
5161,3989
5161,3998
5161,4164
5161,4165
5161,5047
5161,5062
5161,5096
5161,5157
5161,5161
5161,5170
5161,5188
5161,5222
5170,3
5170,121
5170,408
5170,2340
5170,3134
5170,3821
5170,3979
5170,3989
5170,3998
5170,4162
5170,4164
5170,4187
5170,4191
5170,4199
5170,4651
5170,4829
5170,5047
5170,5062
5170,5096
5170,5157
5170,5161
5170,5170
5170,5222
5170,5407
5170,5568
5182,52
5182,91
5182,120
5188,3245
5188,3260
5188,3417
5188,3421
5188,3424
5188,3431
5188,3469
5188,3503
5188,3518
5188,3571
5188,3579
5188,3866
5188,5188
5188,5199
5188,5357
5188,5360
5188,5368
5188,5369
5188,5393
5188,5407
5188,5417
5188,5421
5188,5450
5188,6010
5199,1
5199,373
5199,1319
5199,3134
5199,3291
5199,3421
5199,3424
5199,3490
5199,3503
5199,3571
5199,3579
5199,3866
5199,4578
5199,5047
5199,5188
5199,5199
5199,5222
5199,5357
5199,5360
5199,5363
5199,5368
5199,5369
5199,5407
5199,5417
5199,5421
5199,5450
5199,5555
5200,80
5200,106
5200,5200
5222,3
5222,121
5222,373
5222,2098
5222,3821
5222,3866
5222,3979
5222,3989
5222,3998
5222,4191
5222,4574
5222,4829
5222,4832
5222,5047
5222,5062
5222,5096
5222,5157
5222,5161
5222,5170
5222,5199
5222,5222
5222,5555
5226,66
5226,75
5226,3616
5265,49
5265,4159
5265,5182
5281,102
5281,3856
5281,5281
5318,83
5318,88
5318,5318
5357,311
5357,3431
5357,3819
5357,3866
5357,3979
5357,3998
5357,4664
5357,5199
5357,5357
5357,5360
5357,5363
5357,5368
5357,5369
5357,5374
5357,5393
5357,5407
5357,5417
5357,5421
5357,5450
5357,5555
5357,5572
5357,6352
5360,0
5360,3421
5360,3819
5360,4832
5360,5199
5360,5357
5360,5360
5360,5363
5360,5368
5360,5369
5360,5393
5360,5407
5360,5417
5360,5421
5360,5450
5360,5563
5360,5572
5360,5576
5363,2347
5363,3247
5363,3258
5363,3384
5363,3819
5363,5199
5363,5357
5363,5360
5363,5363
5363,5368
5363,5369
5363,5374
5363,5393
5363,5417
5363,5421
5363,5450
5363,5555
5363,5563
5363,5572
5363,5576
5368,373
5368,1133
5368,1319
5368,3263
5368,3979
5368,4651
5368,4664
5368,5188
5368,5199
5368,5357
5368,5360
5368,5363
5368,5368
5368,5369
5368,5393
5368,5407
5368,5417
5368,5421
5368,5450
5368,5555
5368,5568
5369,1
5369,2667
5369,3503
5369,3866
5369,3979
5369,4920
5369,5188
5369,5199
5369,5357
5369,5360
5369,5363
5369,5368
5369,5369
5369,5374
5369,5393
5369,5407
5369,5417
5369,5421
5369,5450
5369,5572
5369,6357
5373,63
5373,99
5373,3616
5374,0
5374,2
5374,1105
5374,3819
5374,4199
5374,4574
5374,4664
5374,5360
5374,5363
5374,5369
5374,5374
5374,5393
5374,5555
5374,5563
5374,5568
5374,5572
5374,5576
5393,925
5393,2667
5393,3258
5393,3819
5393,4164
5393,4574
5393,4646
5393,5357
5393,5360
5393,5363
5393,5368
5393,5369
5393,5374
5393,5393
5393,5417
5393,5421
5393,5450
5393,5555
5393,5563
5393,5568
5393,5572
5393,5576
5407,1
5407,420
5407,1750
5407,2098
5407,3239
5407,3480
5407,3579
5407,5170
5407,5188
5407,5199
5407,5357
5407,5360
5407,5368
5407,5369
5407,5374
5407,5407
5407,5417
5407,5421
5407,5450
5410,59
5410,5410
5411,54
5411,5411
5417,3
5417,3237
5417,3332
5417,3571
5417,3866
5417,4578
5417,4646
5417,4664
5417,5170
5417,5188
5417,5357
5417,5360
5417,5363
5417,5368
5417,5369
5417,5393
5417,5407
5417,5417
5417,5421
5417,5450
5420,101
5420,3976
5420,5420
5421,0
5421,1
5421,373
5421,1024
5421,1313
5421,3237
5421,3579
5421,3866
5421,4187
5421,5188
5421,5199
5421,5357
5421,5363
5421,5368
5421,5369
5421,5374
5421,5393
5421,5407
5421,5417
5421,5421
5421,5450
5421,5568
5432,45
5432,5432
5444,100
5444,5226
5450,0
5450,1
5450,536
5450,3132
5450,3245
5450,3417
5450,3571
5450,3866
5450,4574
5450,4651
5450,4912
5450,5157
5450,5188
5450,5199
5450,5357
5450,5360
5450,5363
5450,5368
5450,5369
5450,5407
5450,5417
5450,5421
5450,5450
5450,5576
5464,21
5464,5464
5468,106
5468,5468
5468,5492
5473,30
5473,40
5473,5432
5492,21
5492,5464
5524,97
5524,4999
5524,5524
5555,163
5555,1037
5555,3469
5555,3480
5555,3819
5555,3866
5555,4574
5555,4646
5555,4912
5555,5188
5555,5357
5555,5360
5555,5368
5555,5369
5555,5374
5555,5393
5555,5555
5555,5563
5555,5568
5555,5572
5555,5576
5562,62
5562,5473
5563,0
5563,964
5563,3247
5563,3256
5563,3819
5563,4165
5563,4574
5563,4646
5563,4664
5563,4827
5563,5096
5563,5357
5563,5360
5563,5363
5563,5369
5563,5374
5563,5393
5563,5555
5563,5563
5563,5568
5563,5572
5563,5576
5564,57
5564,5564
5564,5709
5568,420
5568,3445
5568,3459
5568,3469
5568,3819
5568,4318
5568,4574
5568,4646
5568,4664
5568,4832
5568,4962
5568,5360
5568,5363
5568,5374
5568,5393
5568,5555
5568,5563
5568,5568
5568,5572
5568,5576
5568,7327
5572,373
5572,536
5572,1188
5572,2115
5572,3427
5572,3819
5572,4162
5572,4199
5572,4318
5572,4574
5572,4646
5572,4664
5572,5047
5572,5357
5572,5360
5572,5363
5572,5374
5572,5393
5572,5555
5572,5563
5572,5568
5572,5572
5572,5576
5576,2667
5576,3256
5576,3427
5576,3819
5576,4187
5576,4574
5576,4651
5576,4664
5576,4912
5576,4920
5576,5062
5576,5096
5576,5360
5576,5363
5576,5369
5576,5374
5576,5393
5576,5555
5576,5563
5576,5568
5576,5572
5576,5576
5615,59
5615,97
5615,5410
5684,60
5684,4999
5684,5524
5709,68
5709,100
5709,5411
5867,909
5867,1196
5867,1301
5867,1302
5867,2036
5867,3128
5867,3134
5867,4434
5867,6357
5867,7742
5871,0
5871,1184
5871,1208
5871,1242
5871,1751
5871,5873
5871,5908
5871,7722
5871,7723
5871,7744
5871,7747
5871,7748
5873,0
5873,1184
5873,1197
5873,1203
5873,1204
5873,1206
5873,1238
5873,1274
5873,5873
5873,5888
5873,7134
5873,7722
5873,7723
5873,7732
5873,7744
5873,7747
5880,1195
5880,1203
5880,1205
5880,1206
5880,1208
5880,1210
5880,1247
5880,1263
5880,1279
5880,1295
5880,5873
5880,5888
5880,5890
5880,7133
5880,7327
5880,7722
5880,7732
5880,7744
5880,7748
5881,1200
5881,1210
5881,1213
5881,1225
5881,1229
5881,1281
5881,1283
5881,1289
5881,5881
5881,5883
5881,5901
5881,6358
5881,7133
5881,7134
5881,7599
5881,7654
5881,7781
5883,1199
5883,1225
5883,1250
5883,1267
5883,1279
5883,1283
5883,2005
5883,3394
5883,5881
5883,6359
5883,7596
5883,7599
5883,7603
5883,7742
5884,1196
5884,1206
5884,1220
5884,1225
5884,1227
5884,1259
5884,1279
5884,1283
5884,5871
5884,5884
5884,5888
5884,5908
5884,7133
5884,7134
5884,7722
5884,7723
5884,7742
5884,7953
5886,916
5886,1194
5886,1236
5886,1263
5886,1281
5886,1283
5886,1288
5886,1289
5886,3245
5886,5896
5886,7607
5886,7953
5888,1203
5888,1206
5888,1212
5888,1213
5888,1214
5888,1220
5888,1231
5888,1242
5888,1257
5888,5062
5888,5871
5888,5880
5888,5884
5888,5888
5888,5890
5888,5895
5888,5906
5888,5908
5888,6357
5888,6359
5888,7134
5888,7596
5888,7606
5888,7654
5888,7722
5888,7731
5888,7747
5888,7953
5890,0
5890,874
5890,925
5890,1192
5890,1205
5890,1206
5890,1220
5890,1848
5890,5880
5890,5884
5890,7134
5890,7722
5890,7731
5895,918
5895,1034
5895,1045
5895,1200
5895,1206
5895,1213
5895,1221
5895,1225
5895,1242
5895,1247
5895,1250
5895,1254
5895,1259
5895,1281
5895,5873
5895,5880
5895,5888
5895,5895
5895,5901
5895,5904
5895,5911
5895,7133
5895,7134
5895,7596
5895,7599
5895,7603
5895,7722
5895,7723
5896,716
5896,891
5896,1154
5896,1194
5896,1278
5896,1280
5896,1288
5896,1295
5896,1298
5896,5886
5896,5896
5896,6360
5896,7603
5896,7614
5896,7752
5896,7781
5896,7953
5896,7954
5898,0
5898,932
5898,1192
5898,1194
5898,1229
5898,1270
5898,1278
5898,1280
5898,1283
5898,1284
5898,5898
5898,5900
5898,5910
5898,7133
5898,7601
5898,7603
5898,7608
5898,7654
5898,7748
5898,7752
5898,7953
5900,0
5900,1221
5900,1225
5900,1227
5900,1259
5900,1278
5900,1280
5900,1295
5900,1298
5900,5895
5900,5898
5900,5910
5900,7606
5900,7781
5900,7954
5901,1200
5901,1208
5901,1213
5901,1228
5901,1236
5901,1259
5901,1263
5901,1274
5901,1284
5901,5880
5901,5895
5901,5896
5901,5901
5901,5904
5901,7133
5901,7596
5901,7599
5901,7608
5901,7654
5901,7954
5904,0
5904,1204
5904,1221
5904,1226
5904,1242
5904,1259
5904,1274
5904,1283
5904,5895
5904,5901
5904,7596
5904,7599
5906,3
5906,874
5906,882
5906,1030
5906,1195
5906,1197
5906,1219
5906,1220
5906,1259
5906,1302
5906,2159
5906,5888
5906,5911
5906,7742
5906,7744
5906,7748
5908,1020
5908,1034
5908,1045
5908,1195
5908,1196
5908,1210
5908,1219
5908,1220
5908,1247
5908,1271
5908,5884
5908,5888
5908,5908
5908,5911
5908,7731
5908,7744
5908,7747
5908,7748
5910,1194
5910,1278
5910,1281
5910,1283
5910,1288
5910,5898
5910,5900
5910,6359
5910,7599
5910,7603
5910,7722
5911,0
5911,1115
5911,1196
5911,1197
5911,1206
5911,1208
5911,1210
5911,1220
5911,1250
5911,1271
5911,1295
5911,5888
5911,5890
5911,5906
5911,5908
5911,5911
5911,6359
5911,7599
5911,7608
5911,7722
5911,7723
5911,7742
5911,7747
6010,373
6010,611
6010,1302
6010,1307
6010,1313
6010,1314
6010,3128
6010,3263
6010,3423
6010,4829
6010,5096
6010,5188
6010,6352
6010,6357
6010,7731
6352,1
6352,13
6352,121
6352,1196
6352,1301
6352,1302
6352,1314
6352,1319
6352,3263
6352,3332
6352,3469
6352,3989
6352,3998
6352,4832
6352,5867
6357,1107
6357,1125
6357,1139
6357,1291
6357,1302
6357,1314
6357,3128
6357,3245
6357,5867
6357,6010
6357,7731
6357,7742
6357,7747
6358,3
6358,1200
6358,1236
6358,1288
6358,1599
6358,4000
6358,5886
6358,5896
6358,7601
6358,7608
6358,7744
6358,7752
6358,7954
6359,552
6359,880
6359,1199
6359,1200
6359,1206
6359,1212
6359,1221
6359,1281
6359,1289
6359,1501
6359,3247
6359,5883
6359,5888
6359,5901
6359,7596
6359,7599
6359,7601
6359,7744
6360,1194
6360,1200
6360,1236
6360,1284
6360,1298
6360,6358
6360,7606
6360,7607
6360,7609
6360,7612
6360,7615
6360,7751
6360,7781
6360,7953
7133,243
7133,1020
7133,1039
7133,1199
7133,1200
7133,1203
7133,1204
7133,1205
7133,1206
7133,1212
7133,1216
7133,1220
7133,1221
7133,1231
7133,1238
7133,1255
7133,1270
7133,1274
7133,1279
7133,1284
7133,5880
7133,5883
7133,5884
7133,5888
7133,5895
7133,5904
7133,7133
7133,7134
7133,7596
7133,7599
7133,7601
7133,7603
7133,7723
7133,7732
7134,0
7134,1197
7134,1199
7134,1200
7134,1206
7134,1208
7134,1213
7134,1216
7134,1221
7134,1225
7134,1229
7134,1254
7134,1270
7134,1274
7134,1281
7134,1596
7134,5880
7134,5881
7134,5884
7134,5888
7134,5890
7134,5895
7134,7133
7134,7134
7134,7596
7134,7599
7134,7601
7134,7722
7134,7723
7134,7724
7134,7747
7134,7748
7325,1184
7325,1189
7325,1192
7325,1193
7325,1194
7325,1228
7325,1239
7325,1275
7325,1291
7325,1292
7325,7325
7325,7327
7325,7606
7325,7607
7325,7609
7325,7612
7325,7614
7325,7615
7325,7724
7325,7726
7325,7728
7327,872
7327,1192
7327,1193
7327,1228
7327,1229
7327,1235
7327,1239
7327,1275
7327,1291
7327,1292
7327,7134
7327,7325
7327,7327
7327,7607
7327,7609
7327,7612
7327,7614
7327,7724
7327,7726
7327,7728
7590,0
7590,1
7590,2
7590,1232
7590,1265
7590,7590
7596,1194
7596,1199
7596,1203
7596,1210
7596,1213
7596,1221
7596,1226
7596,1231
7596,1238
7596,1250
7596,1259
7596,1263
7596,1274
7596,1279
7596,1283
7596,1284
7596,1289
7596,5883
7596,5888
7596,5895
7596,6358
7596,6359
7596,7133
7596,7134
7596,7596
7596,7599
7596,7603
7596,7654
7596,7953
7599,0
7599,3
7599,698
7599,1199
7599,1206
7599,1212
7599,1213
7599,1214
7599,1221
7599,1225
7599,1226
7599,1227
7599,1250
7599,1254
7599,1259
7599,1267
7599,1274
7599,1283
7599,1284
7599,1289
7599,5888
7599,5895
7599,5901
7599,6359
7599,7133
7599,7134
7599,7596
7599,7599
7599,7603
7599,7723
7599,7742
7601,7
7601,1194
7601,1199
7601,1203
7601,1212
7601,1213
7601,1227
7601,1247
7601,1257
7601,1270
7601,1274
7601,1280
7601,1281
7601,1283
7601,1284
7601,3132
7601,4165
7601,5884
7601,5895
7601,5896
7601,5898
7601,6359
7601,7133
7601,7134
7601,7596
7601,7599
7601,7601
7601,7603
7601,7654
7601,7781
7601,7953
7601,7954
7603,1194
7603,1199
7603,1221
7603,1227
7603,1235
7603,1259
7603,1270
7603,1274
7603,1278
7603,1280
7603,1283
7603,1288
7603,1298
7603,5880
7603,5881
7603,5898
7603,5900
7603,6359
7603,7133
7603,7596
7603,7599
7603,7601
7603,7603
7603,7609
7603,7654
7603,7722
7603,7723
7603,7751
7603,7781
7603,7953
7606,1194
7606,1199
7606,1228
7606,1236
7606,1242
7606,1280
7606,1288
7606,1298
7606,5883
7606,5896
7606,5898
7606,6360
7606,7606
7606,7608
7606,7609
7606,7612
7606,7614
7606,7615
7606,7751
7606,7752
7606,7781
7606,7953
7606,7954
7607,880
7607,902
7607,1017
7607,1192
7607,1193
7607,1228
7607,1235
7607,1236
7607,1239
7607,1275
7607,1280
7607,1292
7607,6358
7607,7325
7607,7327
7607,7607
7607,7608
7607,7612
7607,7614
7607,7615
7607,7724
7607,7726
7607,7728
7607,7751
7607,7781
7608,0
7608,1075
7608,1193
7608,1227
7608,1236
7608,1238
7608,1275
7608,1283
7608,1288
7608,1298
7608,5881
7608,5896
7608,5900
7608,5911
7608,6360
7608,7603
7608,7606
7608,7607
7608,7608
7608,7609
7608,7612
7608,7614
7608,7615
7608,7724
7608,7751
7608,7752
7608,7781
7608,7954
7609,1194
7609,1205
7609,1228
7609,1235
7609,1236
7609,1250
7609,1270
7609,1288
7609,5871
7609,5886
7609,5896
7609,5900
7609,6360
7609,7327
7609,7603
7609,7606
7609,7608
7609,7609
7609,7612
7609,7614
7609,7615
7609,7728
7609,7751
7609,7752
7609,7781
7609,7953
7612,1119
7612,1188
7612,1192
7612,1208
7612,1228
7612,1250
7612,5896
7612,5898
7612,7325
7612,7327
7612,7607
7612,7608
7612,7609
7612,7612
7612,7614
7612,7615
7612,7728
7612,7742
7612,7751
7612,7781
7612,7953
7614,0
7614,1115
7614,1119
7614,1184
7614,1192
7614,1228
7614,1239
7614,1275
7614,1292
7614,1298
7614,5896
7614,7325
7614,7606
7614,7607
7614,7608
7614,7609
7614,7612
7614,7614
7614,7615
7614,7724
7614,7726
7614,7752
7614,7781
7615,772
7615,1228
7615,1235
7615,1236
7615,1239
7615,1247
7615,1270
7615,1275
7615,1291
7615,1292
7615,1298
7615,2036
7615,5880
7615,7325
7615,7327
7615,7606
7615,7607
7615,7608
7615,7609
7615,7612
7615,7614
7615,7615
7615,7654
7615,7722
7615,7724
7615,7726
7615,7751
7615,7781
7615,7954
7654,1199
7654,1206
7654,1214
7654,1216
7654,1221
7654,1229
7654,1231
7654,1250
7654,1257
7654,1259
7654,1274
7654,1280
7654,1283
7654,1284
7654,4162
7654,5884
7654,5888
7654,5898
7654,5901
7654,5910
7654,6359
7654,7134
7654,7599
7654,7601
7654,7654
7654,7723
7654,7751
7722,0
7722,1024
7722,1196
7722,1203
7722,1205
7722,1206
7722,1225
7722,1229
7722,1238
7722,1254
7722,1289
7722,1301
7722,2098
7722,5871
7722,5884
7722,5888
7722,5895
7722,5906
7722,5908
7722,5911
7722,7133
7722,7134
7722,7596
7722,7654
7722,7722
7722,7723
7722,7731
7722,7742
7722,7744
7722,7747
7722,7748
7722,7954
7723,1184
7723,1195
7723,1197
7723,1203
7723,1205
7723,1206
7723,1208
7723,1213
7723,1214
7723,1220
7723,1221
7723,1231
7723,1238
7723,1257
7723,1263
7723,1267
7723,1271
7723,1295
7723,1301
7723,5873
7723,5880
7723,5884
7723,5895
7723,5904
7723,7133
7723,7134
7723,7603
7723,7722
7723,7723
7723,7731
7723,7742
7723,7744
7723,7747
7723,7748
7723,7953
7724,716
7724,1134
7724,1139
7724,1188
7724,1189
7724,1192
7724,1193
7724,1216
7724,1228
7724,1235
7724,1236
7724,1239
7724,1291
7724,1292
7724,7325
7724,7327
7724,7607
7724,7614
7724,7615
7724,7724
7724,7726
7724,7728
7724,7732
7724,7747
7724,7953
7724,7954
7726,1133
7726,1134
7726,1139
7726,1154
7726,1185
7726,1188
7726,1189
7726,1192
7726,1193
7726,1196
7726,1222
7726,1228
7726,1239
7726,1275
7726,1291
7726,1292
7726,5880
7726,5888
7726,7325
7726,7327
7726,7607
7726,7609
7726,7612
7726,7614
7726,7615
7726,7654
7726,7723
7726,7724
7726,7726
7726,7728
7726,7742
7728,1075
7728,1133
7728,1134
7728,1139
7728,1154
7728,1185
7728,1188
7728,1189
7728,1192
7728,1193
7728,1203
7728,1205
7728,1228
7728,1239
7728,1280
7728,1284
7728,1291
7728,1292
7728,7325
7728,7327
7728,7603
7728,7608
7728,7609
7728,7612
7728,7614
7728,7615
7728,7724
7728,7726
7728,7728
7731,7
7731,243
7731,895
7731,1027
7731,1195
7731,1196
7731,1206
7731,1208
7731,1210
7731,1214
7731,1219
7731,1238
7731,1271
7731,1278
7731,1295
7731,1301
7731,1302
7731,1307
7731,1313
7731,1319
7731,2347
7731,3263
7731,5888
7731,5900
7731,6357
7731,7134
7731,7722
7731,7731
7731,7732
7731,7742
7731,7747
7731,7748
7732,0
7732,13
7732,1108
7732,1184
7732,1196
7732,1197
7732,1203
7732,1205
7732,1206
7732,1208
7732,1219
7732,1220
7732,1238
7732,1271
7732,1295
7732,1301
7732,1302
7732,1313
7732,1319
7732,3128
7732,3291
7732,5873
7732,5880
7732,5890
7732,5896
7732,6352
7732,7133
7732,7134
7732,7722
7732,7723
7732,7724
7732,7731
7732,7732
7732,7742
7732,7744
7732,7747
7732,7748
7742,1184
7742,1188
7742,1196
7742,1197
7742,1203
7742,1206
7742,1220
7742,1238
7742,1242
7742,1263
7742,1267
7742,1289
7742,1314
7742,5871
7742,5873
7742,5883
7742,5884
7742,5888
7742,5908
7742,5911
7742,7134
7742,7599
7742,7722
7742,7723
7742,7731
7742,7732
7742,7742
7742,7744
7742,7747
7742,7748
7744,680
7744,1184
7744,1195
7744,1196
7744,1197
7744,1200
7744,1206
7744,1208
7744,1216
7744,1220
7744,1238
7744,1263
7744,1274
7744,1295
7744,5871
7744,5873
7744,5888
7744,5906
7744,5908
7744,6358
7744,7133
7744,7603
7744,7722
7744,7731
7744,7732
7744,7742
7744,7744
7744,7747
7744,7748
7747,13
7747,993
7747,1158
7747,1184
7747,1195
7747,1196
7747,1203
7747,1206
7747,1208
7747,1220
7747,1263
7747,1295
7747,1302
7747,5896
7747,5908
7747,6357
7747,7134
7747,7722
7747,7723
7747,7731
7747,7742
7747,7744
7747,7747
7747,7748
7748,1184
7748,1194
7748,1195
7748,1196
7748,1197
7748,1203
7748,1220
7748,1242
7748,1255
7748,1271
7748,1295
7748,1301
7748,1302
7748,1588
7748,3821
7748,5873
7748,5884
7748,5906
7748,5910
7748,5911
7748,7723
7748,7731
7748,7732
7748,7742
7748,7744
7748,7747
7748,7748
7751,740
7751,887
7751,1154
7751,1194
7751,1236
7751,1275
7751,1278
7751,1283
7751,1288
7751,1298
7751,5896
7751,6358
7751,6360
7751,7601
7751,7606
7751,7607
7751,7608
7751,7609
7751,7612
7751,7614
7751,7615
7751,7751
7751,7752
7751,7781
7751,7953
7751,7954
7752,1194
7752,1210
7752,1236
7752,1278
7752,1288
7752,1289
7752,1298
7752,5888
7752,5901
7752,6358
7752,7601
7752,7603
7752,7608
7752,7612
7752,7748
7752,7751
7752,7752
7752,7781
7752,7953
7752,7954
7781,1194
7781,1219
7781,1227
7781,1236
7781,1242
7781,1270
7781,1283
7781,1298
7781,5881
7781,5895
7781,5896
7781,5898
7781,5900
7781,5901
7781,6360
7781,7325
7781,7603
7781,7606
7781,7608
7781,7609
7781,7615
7781,7751
7781,7752
7781,7781
7781,7953
7781,7954
7953,1194
7953,1205
7953,1214
7953,1221
7953,1229
7953,1236
7953,1247
7953,1255
7953,1270
7953,1280
7953,1596
7953,5886
7953,5898
7953,5910
7953,6360
7953,7133
7953,7596
7953,7599
7953,7601
7953,7603
7953,7606
7953,7608
7953,7609
7953,7654
7953,7751
7953,7752
7953,7781
7953,7953
7953,7954
7954,905
7954,1193
7954,1194
7954,1199
7954,1204
7954,1225
7954,1229
7954,1236
7954,1255
7954,1257
7954,1270
7954,1279
7954,1280
7954,1283
7954,1288
7954,1298
7954,1750
7954,5895
7954,5896
7954,7601
7954,7603
7954,7606
7954,7608
7954,7609
7954,7654
7954,7747
7954,7751
7954,7752
7954,7781
7954,7953
7954,7954
