0,0
0,3
0,8
0,169
0,535
0,569
0,606
0,824
0,831
0,875
0,880
0,887
0,890
0,915
0,916
0,937
0,939
0,945
0,957
0,1152
0,1277
0,1873
0,1992
0,3379
0,3381
0,3416
0,3468
0,4080
0,4250
0,4281
0,4298
0,4318
0,5357
0,5369
0,5432
0,5494
0,5554
3,0
3,3
3,8
3,204
3,420
3,535
3,569
3,606
3,804
3,814
3,1750
3,1759
3,1873
3,1991
3,2014
8,0
8,3
8,8
8,204
8,880
8,1750
45,45
45,3818
45,4001
45,4065
45,4080
45,4298
45,5046
45,5111
45,5160
45,5204
45,5227
45,5274
49,49
49,1302
49,1313
49,1316
49,3177
49,3201
49,3245
49,3302
49,3347
49,6352
49,6357
49,6541
49,6542
140,1992
140,6547
143,1273
163,169
169,419
169,569
204,3
204,8
204,204
204,535
204,915
204,1992
207,0
241,241
241,309
241,2024
241,2342
241,2349
241,2498
241,2553
241,2611
241,2701
241,3127
241,3138
269,422
309,309
309,1310
309,1338
309,1570
309,2339
309,2342
309,2611
309,2666
309,2701
309,3121
309,3127
324,1657
373,373
373,3466
373,3474
373,3495
373,3503
373,3551
373,3571
373,3601
373,3842
373,5306
373,5330
373,5358
373,5369
373,5469
408,269
419,408
420,3
420,140
420,535
420,569
420,726
420,2014
422,535
502,1284
535,0
535,3
535,163
535,420
535,535
535,549
535,606
535,678
535,804
535,964
535,1749
535,1750
535,1873
535,1991
535,2014
549,0
549,3
549,8
549,535
549,549
549,569
549,606
549,678
549,726
549,805
549,814
549,822
549,831
549,1873
549,1992
549,2014
569,3
569,549
569,569
569,606
569,678
569,726
569,804
569,805
569,814
569,824
569,831
569,849
569,850
569,972
606,0
606,3
606,420
606,535
606,549
606,606
606,678
606,726
606,805
606,814
606,822
606,875
606,1750
606,1759
606,1873
606,1991
606,2014
678,549
678,569
678,606
678,678
678,726
678,804
678,805
678,831
678,850
726,535
726,569
726,606
726,678
726,726
726,804
726,805
726,814
726,849
726,850
726,964
726,2014
804,3
804,569
804,726
804,804
804,805
804,814
804,822
804,824
804,831
804,849
804,850
804,964
805,3
805,535
805,549
805,569
805,606
805,726
805,804
805,805
805,814
805,822
805,824
805,849
805,850
805,875
805,972
814,549
814,569
814,726
814,804
814,805
814,814
814,822
814,824
814,831
814,849
814,850
814,887
814,2014
822,0
822,549
822,678
822,726
822,804
822,805
822,822
822,824
822,831
822,849
822,850
822,875
822,883
822,888
822,964
822,993
824,0
824,549
824,726
824,805
824,814
824,822
824,824
824,831
824,849
824,850
824,875
824,890
824,957
831,549
831,569
831,805
831,814
831,822
831,824
831,831
831,849
831,850
831,957
831,972
849,0
849,569
849,678
849,726
849,804
849,805
849,814
849,822
849,824
849,831
849,849
849,850
849,888
849,955
849,957
849,964
850,0
850,569
850,678
850,726
850,804
850,805
850,822
850,824
850,831
850,849
850,850
850,883
850,955
850,972
875,606
875,804
875,822
875,824
875,831
875,849
875,875
875,888
875,890
875,949
875,955
875,964
875,972
878,878
878,880
878,882
878,886
878,887
878,903
878,913
878,915
878,942
878,945
878,957
878,1001
878,1009
880,0
880,878
880,880
880,882
880,888
880,901
880,903
880,911
880,916
880,942
880,945
880,949
880,957
880,1001
880,1009
880,1011
882,878
882,880
882,882
882,886
882,887
882,901
882,928
882,949
882,957
882,993
882,1001
882,1009
882,1011
883,849
883,850
883,878
883,883
883,886
883,887
883,888
883,890
883,949
883,957
883,993
886,0
886,878
886,880
886,882
886,886
886,887
886,888
886,918
886,942
886,945
886,957
886,1001
887,880
887,882
887,886
887,887
887,942
887,945
887,949
887,964
887,972
887,993
887,1011
888,805
888,875
888,878
888,880
888,883
888,887
888,888
888,890
888,957
888,964
888,972
890,824
890,850
890,883
890,887
890,890
890,942
890,949
890,955
890,957
890,972
897,882
897,886
897,897
897,901
897,903
897,911
897,913
897,915
897,918
897,1009
897,1011
897,1099
901,204
901,882
901,897
901,901
901,903
901,911
901,913
901,915
901,916
901,918
901,1001
901,1011
901,1068
903,897
903,901
903,903
903,911
903,913
903,915
903,928
903,1011
911,878
911,897
911,901
911,903
911,911
911,913
911,915
911,930
911,939
913,897
913,901
913,903
913,911
913,913
913,915
913,918
913,927
913,928
913,930
913,934
913,1001
915,0
915,878
915,897
915,901
915,911
915,913
915,915
915,916
915,918
915,928
915,937
915,1009
915,1011
916,0
916,897
916,901
916,903
916,913
916,915
916,916
916,918
916,930
916,934
916,937
916,939
916,1009
916,1011
916,1099
918,897
918,903
918,911
918,913
918,915
918,916
918,918
918,927
918,928
918,939
918,1071
918,1074
918,1099
927,916
927,918
927,927
927,928
927,930
927,934
927,937
927,939
927,1065
927,1068
927,1074
927,1083
928,911
928,916
928,918
928,927
928,928
928,930
928,939
928,1042
928,1065
928,1068
928,1071
928,1079
928,1099
930,897
930,911
930,916
930,918
930,927
930,928
930,930
930,934
930,937
930,1068
930,1074
930,1099
934,0
934,897
934,915
934,927
934,928
934,930
934,934
934,937
934,939
934,1065
934,1068
934,1071
934,1078
934,1099
937,0
937,928
937,930
937,934
937,937
937,939
937,1036
937,1050
937,1065
937,1068
937,1071
937,1078
937,1079
937,1083
937,1099
939,0
939,915
939,918
939,927
939,928
939,937
939,939
939,1065
939,1068
939,1071
939,1074
939,1078
939,1079
942,880
942,882
942,886
942,887
942,888
942,911
942,918
942,942
942,945
942,972
942,993
942,1001
942,1009
942,1011
945,0
945,875
945,880
945,882
945,886
945,887
945,916
945,942
945,945
945,993
945,1001
945,1011
949,878
949,880
949,882
949,883
949,887
949,888
949,890
949,942
949,945
949,949
949,957
949,972
949,993
955,0
955,824
955,875
955,882
955,883
955,888
955,890
955,955
955,964
957,849
957,875
957,878
957,883
957,886
957,888
957,949
957,957
957,972
957,993
957,1001
964,822
964,831
964,850
964,875
964,880
964,883
964,886
964,888
964,890
964,945
964,955
964,957
964,964
964,972
972,549
972,804
972,824
972,850
972,875
972,890
972,949
972,964
972,972
993,0
993,878
993,880
993,882
993,886
993,887
993,942
993,949
993,955
993,964
993,993
993,1001
1001,882
1001,886
1001,888
1001,897
1001,911
1001,913
1001,915
1001,942
1001,993
1001,1001
1001,1009
1001,1011
1009,878
1009,880
1009,897
1009,901
1009,915
1009,916
1009,918
1009,930
1009,942
1009,945
1009,949
1009,1001
1009,1009
1009,1011
1011,878
1011,897
1011,901
1011,903
1011,913
1011,916
1011,918
1011,993
1011,1001
1011,1009
1011,1011
1021,1021
1021,1028
1021,1035
1021,1039
1021,1053
1021,1055
1021,1057
1021,1059
1021,1105
1021,1108
1028,1021
1028,1028
1028,1035
1028,1036
1028,1039
1028,1050
1028,1053
1028,1108
1028,1109
1028,1113
1028,1116
1035,1028
1035,1035
1035,1036
1035,1039
1035,1042
1035,1050
1035,1053
1035,1057
1035,1065
1035,1079
1035,1083
1035,1105
1036,1021
1036,1035
1036,1036
1036,1042
1036,1050
1036,1053
1036,1057
1036,1059
1036,1083
1039,1021
1039,1028
1039,1035
1039,1039
1039,1042
1039,1050
1039,1057
1039,1059
1039,1074
1039,1083
1039,1109
1039,1116
1039,1117
1042,1036
1042,1039
1042,1042
1042,1050
1042,1053
1042,1057
1042,1059
1042,1065
1042,1074
1042,1078
1042,1083
1050,1021
1050,1028
1050,1035
1050,1039
1050,1042
1050,1050
1050,1057
1050,1059
1050,1074
1050,1083
1050,1109
1050,1113
1053,1028
1053,1035
1053,1053
1053,1055
1053,1105
1053,1108
1053,1109
1053,1113
1053,1116
1053,1117
1055,1028
1055,1039
1055,1053
1055,1055
1055,1105
1055,1108
1055,1109
1055,1113
1055,1116
1055,1122
1055,1128
1055,1131
1055,1184
1057,1036
1057,1042
1057,1050
1057,1053
1057,1057
1057,1059
1057,1074
1057,1079
1057,1083
1057,1109
1059,1035
1059,1039
1059,1042
1059,1053
1059,1055
1059,1057
1059,1059
1059,1065
1059,1083
1065,928
1065,939
1065,1065
1065,1068
1065,1071
1065,1074
1065,1078
1065,1079
1065,1099
1068,916
1068,927
1068,928
1068,930
1068,939
1068,1035
1068,1042
1068,1068
1068,1071
1068,1074
1068,1083
1068,1099
1071,927
1071,928
1071,930
1071,937
1071,1065
1071,1068
1071,1071
1071,1074
1071,1078
1071,1079
1071,1083
1071,1099
1074,939
1074,1035
1074,1039
1074,1050
1074,1057
1074,1059
1074,1065
1074,1068
1074,1071
1074,1074
1074,1078
1074,1079
1074,1083
1074,1099
1078,927
1078,928
1078,934
1078,939
1078,1065
1078,1074
1078,1078
1078,1079
1078,1083
1079,927
1079,930
1079,934
1079,939
1079,1028
1079,1035
1079,1036
1079,1039
1079,1059
1079,1065
1079,1074
1079,1078
1079,1079
1079,1083
1079,1099
1083,934
1083,937
1083,939
1083,1021
1083,1035
1083,1036
1083,1039
1083,1042
1083,1050
1083,1057
1083,1059
1083,1068
1083,1074
1083,1083
1099,927
1099,928
1099,930
1099,934
1099,937
1099,939
1099,1039
1099,1068
1099,1071
1099,1078
1099,1079
1099,1099
1105,1028
1105,1105
1105,1108
1105,1109
1105,1113
1105,1116
1105,1117
1105,1122
1105,1128
1105,1138
1105,1152
1105,1170
1105,1279
1108,1021
1108,1039
1108,1053
1108,1055
1108,1108
1108,1109
1108,1113
1108,1116
1108,1122
1109,1053
1109,1055
1109,1105
1109,1108
1109,1109
1109,1113
1109,1116
1109,1117
1109,1122
1109,1128
1109,1136
1109,1138
1113,1021
1113,1028
1113,1055
1113,1108
1113,1109
1113,1113
1113,1116
1113,1117
1113,1128
1113,1131
1113,1138
1113,1170
1116,1028
1116,1053
1116,1055
1116,1105
1116,1113
1116,1116
1116,1117
1116,1128
1116,1136
1116,1138
1117,1021
1117,1028
1117,1053
1117,1105
1117,1108
1117,1113
1117,1116
1117,1117
1117,1122
1117,1128
1117,1131
1117,1259
1122,1053
1122,1055
1122,1105
1122,1113
1122,1116
1122,1117
1122,1122
1122,1128
1122,1136
1122,1138
1122,1170
1122,1184
1122,1279
1128,1028
1128,1105
1128,1108
1128,1109
1128,1116
1128,1117
1128,1122
1128,1128
1128,1131
1128,1136
1128,1138
1128,1152
1128,1184
1128,6516
1131,1105
1131,1108
1131,1117
1131,1131
1131,1136
1131,1152
1131,1170
1131,1184
1131,1264
1131,1277
1131,1279
1131,6515
1136,1055
1136,1116
1136,1122
1136,1128
1136,1131
1136,1136
1136,1138
1136,1170
1136,1184
1136,1192
1136,1201
1136,1279
1136,6515
1136,6516
1136,6523
1138,1105
1138,1109
1138,1113
1138,1122
1138,1128
1138,1131
1138,1136
1138,1138
1138,1170
1138,1276
1138,1277
1138,1279
1152,1131
1152,1136
1152,1138
1152,1152
1152,1170
1152,1201
1152,1276
1152,1277
1152,1279
1152,6524
1170,1122
1170,1128
1170,1131
1170,1138
1170,1152
1170,1170
1170,1184
1170,1201
1170,1259
1170,1264
1170,1276
1170,1279
1170,6522
1184,0
1184,1131
1184,1136
1184,1152
1184,1170
1184,1184
1184,1201
1184,1259
1184,1276
1184,1279
1184,6515
1184,6516
1184,6517
1191,1191
1191,1271
1191,6516
1191,6517
1191,6520
1191,6521
1191,6522
1191,6523
1192,1191
1192,1192
1192,1193
1192,1201
1192,1275
1192,6515
1192,6516
1192,6517
1192,6520
1192,6521
1192,6523
1192,6524
1193,1192
1193,1201
1193,1275
1193,6516
1193,6519
1193,6521
1193,6522
1193,6524
1196,1196
1196,1198
1196,1200
1196,1205
1196,1220
1196,1221
1196,1252
1196,5900
1196,6528
1196,6536
1196,6537
1196,6538
1197,1197
1197,1202
1197,1204
1197,1208
1197,1215
1197,1218
1197,1220
1197,1265
1197,1267
1197,5904
1197,6519
1197,6527
1197,6528
1197,6529
1197,6531
1198,1196
1198,1200
1198,1213
1198,1232
1200,1196
1200,1198
1200,1200
1200,1213
1200,1214
1200,1217
1200,5900
1200,5904
1200,6528
1200,6538
1201,1131
1201,1192
1201,1201
1201,1259
1201,1264
1201,1275
1201,1276
1201,1277
1201,1279
1201,6515
1201,6516
1201,6517
1201,6524
1202,1197
1202,1204
1202,5903
1202,6527
1202,6536
1204,1202
1204,1204
1204,1212
1204,1220
1204,5893
1204,5898
1204,5900
1204,6359
1204,6528
1204,6529
1205,1212
1205,1214
1205,1227
1205,1232
1205,5889
1206,1196
1206,1197
1206,1200
1206,1208
1206,1209
1206,5900
1208,1197
1208,1204
1208,1206
1208,1208
1208,1209
1208,1265
1208,1267
1208,6534
1208,6537
1209,1197
1209,1202
1209,1206
1209,1208
1209,1209
1209,1269
1209,5891
1209,5893
1209,5898
1209,6526
1209,6527
1209,6528
1209,6529
1209,6530
1209,6531
1209,6532
1209,6533
1211,1211
1211,1212
1211,1220
1211,1233
1211,5896
1211,6535
1211,6540
1212,1205
1212,1211
1212,1212
1212,1214
1212,1217
1212,1224
1212,1229
1212,1232
1212,1233
1212,5886
1212,5896
1212,6534
1212,6535
1212,6536
1212,6537
1212,6544
1213,1198
1213,1213
1213,1214
1213,1220
1213,1223
1213,1229
1213,6358
1213,6527
1213,6528
1213,6537
1214,1196
1214,1197
1214,1200
1214,1213
1214,1214
1214,1215
1214,1226
1214,1229
1214,1232
1214,5888
1214,6358
1214,6527
1214,6536
1214,6537
1214,6538
1214,6546
1215,1211
1215,1217
1215,1220
1217,1212
1217,1215
1217,1217
1217,1218
1217,1220
1217,1232
1217,1244
1217,5896
1217,6527
1217,6528
1217,6536
1218,1212
1218,1217
1218,1220
1218,6527
1219,1219
1219,1222
1219,1237
1219,1240
1219,1241
1219,1257
1219,5880
1219,5883
1219,6540
1219,6542
1219,6546
1220,1204
1220,1211
1220,1214
1220,1215
1220,1217
1220,1218
1220,1220
1220,1221
1220,5896
1220,5903
1220,5904
1220,6358
1220,6527
1220,6528
1220,6535
1220,6536
1220,6537
1220,6538
1221,1196
1221,1214
1221,1220
1221,5904
1221,6528
1221,6536
1222,1213
1222,1221
1222,1222
1222,1223
1222,1226
1222,1241
1222,1244
1222,6534
1223,1209
1223,1213
1223,1222
1223,1223
1223,1224
1223,1226
1223,1227
1223,1232
1223,6528
1223,6534
1223,6536
1223,6540
1224,1214
1224,1223
1224,1226
1226,1222
1226,1223
1226,1224
1226,1226
1226,6534
1226,6536
1227,1223
1227,1229
1227,6534
1229,1212
1229,1227
1229,1229
1229,1237
1229,1241
1229,5886
1229,6358
1230,1230
1230,1237
1230,1249
1230,1253
1230,6544
1230,6545
1232,1205
1232,1212
1232,1214
1232,1220
1232,1232
1232,1233
1232,1240
1232,6534
1232,6536
1232,6537
1232,6538
1233,1211
1233,1212
1234,1234
1234,1235
1234,1238
1234,1240
1234,1241
1234,1252
1234,1257
1234,1258
1234,5909
1234,6541
1234,6544
1234,6546
1235,1234
1235,1237
1235,1252
1235,5912
1237,1219
1237,1226
1237,1234
1237,1237
1237,1241
1237,1252
1237,1257
1237,1258
1237,1306
1237,5873
1237,5880
1237,5883
1237,5886
1237,5890
1237,5909
1237,6534
1237,6535
1237,6539
1237,6540
1237,6541
1238,1234
1238,1240
1238,5872
1240,1234
1240,1238
1240,1240
1240,1257
1240,5872
1240,5908
1240,6539
1240,6546
1241,1219
1241,1222
1241,1237
1241,6535
1241,6539
1241,6540
1244,1213
1244,1222
1244,5889
1244,6540
1246,49
1246,1248
1246,1302
1246,6542
1246,6544
1246,6545
1248,1246
1248,1248
1248,1249
1248,1302
1248,1313
1248,1316
1248,6539
1248,6543
1248,6544
1248,6545
1249,1234
1249,1240
1249,1248
1249,1249
1249,1250
1249,1252
1249,1253
1249,1257
1249,1302
1249,1313
1249,5909
1249,6540
1249,6541
1249,6542
1249,6543
1249,6544
1249,6545
1249,6546
1250,1248
1250,1249
1250,1252
1250,1258
1250,6541
1250,6543
1250,6544
1250,6545
1252,1235
1252,1249
1252,1250
1252,1252
1252,1257
1252,6543
1252,6545
1252,6546
1253,1230
1253,1234
1253,1249
1253,6542
1253,6546
1257,1215
1257,1241
1257,1249
1257,1257
1257,1302
1257,5873
1257,5880
1257,5883
1257,5908
1257,5909
1257,6539
1257,6540
1257,6543
1257,6544
1257,6545
1257,6546
1258,1214
1258,1234
1258,1237
1258,5912
1259,1152
1259,1170
1259,1184
1259,1201
1259,1259
1259,1264
1259,1276
1259,1277
1259,6516
1259,6517
1259,6526
1264,1138
1264,1184
1264,1201
1264,1259
1264,1264
1264,1276
1264,1277
1264,1279
1264,6515
1264,6516
1264,6517
1264,6521
1264,6523
1265,1208
1265,1267
1265,6530
1265,6532
1267,1197
1267,1208
1267,1265
1267,1267
1267,6528
1267,6530
1267,6532
1267,6538
1268,1268
1268,1269
1268,5893
1268,5911
1268,6359
1268,6526
1268,6529
1268,6533
1269,1269
1269,1270
1269,5888
1269,5891
1269,5893
1269,6360
1269,6518
1269,6519
1269,6520
1269,6522
1269,6525
1269,6526
1269,6529
1269,6530
1269,6531
1269,6532
1269,6533
1270,1209
1270,1268
1270,1269
1270,1270
1270,5891
1270,5893
1270,5900
1270,6360
1270,6518
1270,6519
1270,6530
1270,6531
1270,6533
1271,1191
1271,6517
1271,6519
1271,6520
1271,6522
1273,140
1275,1192
1275,1193
1275,1201
1275,1264
1275,1275
1275,1276
1275,6515
1275,6517
1275,6518
1275,6520
1275,6521
1275,6524
1276,1131
1276,1136
1276,1184
1276,1201
1276,1259
1276,1264
1276,1275
1276,1276
1276,1277
1276,6515
1276,6516
1276,6517
1276,6526
1277,1131
1277,1138
1277,1170
1277,1184
1277,1201
1277,1259
1277,1264
1277,1276
1277,1277
1277,1279
1277,6515
1277,6517
1277,6519
1279,0
1279,1122
1279,1131
1279,1136
1279,1138
1279,1170
1279,1184
1279,1201
1279,1264
1279,1277
1279,1279
1279,6515
1279,6516
1284,143
1301,49
1301,1249
1301,1301
1301,1302
1301,1306
1301,1313
1301,1316
1301,1319
1301,3177
1301,3357
1301,5867
1301,5908
1301,6357
1301,6542
1302,49
1302,1241
1302,1301
1302,1302
1302,1306
1302,1313
1302,1316
1302,1319
1302,3177
1302,3245
1302,3371
1302,5867
1302,6357
1302,6539
1302,6541
1302,6543
1306,1302
1306,1319
1310,1310
1310,1338
1310,1347
1310,1452
1310,1526
1310,1570
1310,1592
1310,1593
1310,1618
1310,2666
1310,2701
1310,3121
1310,3127
1310,3138
1310,3986
1313,49
1313,1246
1313,1301
1313,1302
1313,1313
1313,1315
1313,1316
1313,1319
1313,3177
1313,3201
1313,3255
1313,5867
1313,6010
1313,6352
1313,6542
1315,1316
1316,49
1316,1301
1316,1302
1316,1313
1316,1316
1316,1319
1316,3177
1316,3201
1316,3357
1316,3371
1316,6542
1319,49
1319,1248
1319,1301
1319,1302
1319,1306
1319,1316
1319,1319
1319,3177
1319,3201
1319,3245
1319,3302
1319,3316
1319,5867
1319,6010
1319,6541
1319,6542
1319,6543
1319,6544
1338,309
1338,1310
1338,1338
1338,1347
1338,1452
1338,1526
1338,1570
1338,1592
1338,1593
1338,1618
1338,1749
1338,2666
1338,2701
1338,3138
1338,3986
1347,309
1347,1338
1347,1347
1347,1452
1347,1526
1347,1570
1347,1592
1347,1593
1347,1657
1347,3121
1347,3138
1452,3
1452,1347
1452,1452
1452,1526
1452,1570
1452,1592
1452,1593
1452,1618
1452,1657
1452,1749
1452,1759
1452,2701
1452,3127
1452,3138
1452,3986
1526,1310
1526,1338
1526,1347
1526,1452
1526,1526
1526,1570
1526,1592
1526,1593
1526,1618
1526,1657
1526,1749
1526,2014
1570,309
1570,1338
1570,1347
1570,1452
1570,1526
1570,1570
1570,1592
1570,1593
1570,1657
1570,1749
1570,1750
1570,3121
1570,3127
1570,3138
1592,569
1592,1347
1592,1452
1592,1526
1592,1570
1592,1592
1592,1593
1592,1657
1592,1749
1592,1750
1592,1759
1592,1992
1592,3986
1593,1338
1593,1347
1593,1452
1593,1526
1593,1570
1593,1592
1593,1593
1593,1618
1593,1657
1593,1749
1593,1873
1593,1991
1593,3986
1618,1310
1618,1452
1618,1526
1618,1592
1618,1593
1618,1618
1618,1657
1618,1749
1618,2014
1657,606
1657,1310
1657,1338
1657,1526
1657,1592
1657,1593
1657,1618
1657,1657
1657,1749
1657,1750
1657,1759
1657,2014
1749,3
1749,535
1749,549
1749,606
1749,1526
1749,1593
1749,1618
1749,1657
1749,1749
1749,1750
1749,1759
1749,1992
1750,0
1750,535
1750,569
1750,822
1750,1452
1750,1592
1750,1593
1750,1618
1750,1657
1750,1749
1750,1750
1750,1759
1750,1873
1750,1991
1750,1992
1759,0
1759,502
1759,549
1759,606
1759,1452
1759,1592
1759,1749
1759,1750
1759,1759
1759,1873
1759,1991
1759,1992
1759,2014
1873,0
1873,3
1873,535
1873,1749
1873,1750
1873,1759
1873,1873
1873,1991
1873,1992
1873,2014
1991,0
1991,324
1991,420
1991,535
1991,606
1991,678
1991,726
1991,1592
1991,1749
1991,1759
1991,1873
1991,1991
1991,1992
1991,2014
1992,0
1992,549
1992,606
1992,1592
1992,1750
1992,1759
1992,1873
1992,1991
1992,1992
1992,2014
2014,3
2014,8
2014,204
2014,535
2014,606
2014,678
2014,805
2014,814
2014,850
2014,890
2014,1593
2014,1873
2014,1991
2014,1992
2014,2014
2024,2024
2024,2091
2024,2131
2024,2342
2024,2349
2024,2498
2024,2553
2024,3979
2024,4433
2024,4449
2024,4487
2024,4530
2024,4574
2024,4578
2091,241
2091,2024
2091,2091
2091,2131
2091,2186
2091,2266
2091,3979
2091,4432
2091,4433
2091,4449
2091,4487
2091,4574
2091,4578
2131,2091
2131,2131
2131,2186
2131,2342
2131,2349
2131,2498
2131,2666
2131,3121
2131,4449
2131,4578
2186,309
2186,2024
2186,2091
2186,2131
2186,2186
2186,2266
2186,2342
2186,2349
2186,2553
2186,3979
2266,309
2266,2024
2266,2186
2266,2266
2266,2339
2266,2342
2266,2349
2266,2498
2266,2553
2266,2611
2266,2666
2266,4530
2266,4574
2266,4578
2339,241
2339,309
2339,2091
2339,2339
2339,2342
2339,2553
2339,2611
2339,2666
2339,3121
2339,3127
2342,241
2342,309
2342,2091
2342,2131
2342,2266
2342,2339
2342,2342
2342,2349
2342,2498
2342,2553
2342,2611
2342,2666
2342,3979
2342,3986
2349,241
2349,1593
2349,2091
2349,2131
2349,2186
2349,2266
2349,2339
2349,2342
2349,2349
2349,2498
2349,2553
2349,2611
2349,2701
2349,4578
2498,241
2498,2024
2498,2186
2498,2266
2498,2339
2498,2342
2498,2349
2498,2498
2498,2553
2498,2611
2498,2666
2498,2701
2498,3986
2553,241
2553,309
2553,2131
2553,2186
2553,2339
2553,2342
2553,2349
2553,2498
2553,2553
2553,2666
2553,2701
2553,3121
2611,241
2611,309
2611,2342
2611,2349
2611,2498
2611,2553
2611,2611
2611,2666
2611,2701
2611,3121
2611,3138
2611,3986
2666,309
2666,1338
2666,1347
2666,2131
2666,2266
2666,2339
2666,2342
2666,2498
2666,2611
2666,2666
2666,2701
2666,3121
2666,3127
2666,3986
2701,241
2701,309
2701,1338
2701,2186
2701,2339
2701,2349
2701,2666
2701,2701
2701,3121
2701,3127
2701,3138
2701,3986
3121,1310
3121,1338
3121,1347
3121,1452
3121,1526
3121,1570
3121,1592
3121,1593
3121,2553
3121,2611
3121,2701
3121,3121
3121,3127
3121,3138
3121,3986
3127,309
3127,1310
3127,1338
3127,1347
3127,1570
3127,2339
3127,2342
3127,2666
3127,2701
3127,3121
3127,3127
3127,3138
3138,1310
3138,1338
3138,1347
3138,1452
3138,1526
3138,2611
3138,2666
3138,3121
3138,3127
3138,3138
3138,3986
3177,49
3177,1301
3177,1302
3177,1313
3177,1316
3177,1319
3177,3177
3177,3201
3177,3245
3177,3255
3177,3302
3177,3308
3177,3316
3177,3347
3177,3357
3177,6541
3201,1301
3201,1302
3201,3177
3201,3201
3201,3245
3201,3302
3201,3308
3201,3347
3201,3359
3201,5867
3201,6010
3201,6357
3245,1313
3245,1316
3245,1319
3245,3201
3245,3245
3245,3255
3245,3359
3245,3371
3245,3381
3245,3468
3245,6357
3255,3177
3255,3201
3255,3245
3255,3255
3255,3302
3255,3308
3255,3316
3255,3347
3255,3357
3255,3365
3255,3381
3255,6010
3302,1316
3302,3201
3302,3245
3302,3255
3302,3302
3302,3308
3302,3316
3302,3347
3302,3357
3302,3359
3302,3365
3302,3371
3302,3379
3302,3381
3302,3416
3302,6352
3308,49
3308,3177
3308,3201
3308,3255
3308,3302
3308,3308
3308,3316
3308,3347
3308,3357
3308,3359
3308,3365
3308,3371
3308,3381
3316,3177
3316,3245
3316,3255
3316,3302
3316,3308
3316,3316
3316,3347
3316,3359
3316,3365
3316,3379
3316,3416
3316,3457
3347,1316
3347,3177
3347,3201
3347,3255
3347,3302
3347,3308
3347,3316
3347,3347
3347,3357
3347,3359
3347,3365
3347,3449
3357,3177
3357,3255
3357,3316
3357,3347
3357,3357
3357,3359
3357,3365
3357,3371
3357,3379
3357,3381
3359,3177
3359,3201
3359,3245
3359,3302
3359,3308
3359,3357
3359,3359
3359,3365
3359,3371
3359,3379
3359,3449
3365,3201
3365,3255
3365,3302
3365,3308
3365,3316
3365,3347
3365,3357
3365,3359
3365,3365
3365,3371
3365,3379
3365,3381
3365,3416
3365,3427
3365,3443
3365,3449
3365,3468
3371,3201
3371,3255
3371,3308
3371,3316
3371,3357
3371,3359
3371,3365
3371,3371
3371,3381
3371,3416
3371,3418
3371,3427
3371,3436
3371,3468
3379,3177
3379,3308
3379,3357
3379,3371
3379,3379
3379,3381
3379,3416
3379,3418
3379,3436
3379,3443
3379,3449
3379,3457
3379,3474
3381,373
3381,3302
3381,3316
3381,3347
3381,3359
3381,3365
3381,3371
3381,3379
3381,3381
3381,3416
3381,3418
3381,3427
3381,3443
3381,3449
3381,3457
3381,3466
3381,3551
3416,3357
3416,3365
3416,3371
3416,3379
3416,3381
3416,3416
3416,3418
3416,3427
3416,3436
3416,3443
3416,3449
3416,3457
3416,3466
3416,3468
3416,3474
3418,0
3418,3357
3418,3379
3418,3381
3418,3416
3418,3418
3418,3427
3418,3449
3418,3457
3418,3466
3418,3468
3427,3357
3427,3379
3427,3416
3427,3418
3427,3427
3427,3436
3427,3443
3427,3449
3427,3468
3427,3503
3427,5306
3436,3357
3436,3365
3436,3379
3436,3381
3436,3416
3436,3418
3436,3427
3436,3436
3436,3443
3436,3468
3436,3495
3443,0
3443,3381
3443,3416
3443,3418
3443,3427
3443,3436
3443,3443
3443,3449
3443,3457
3443,3466
3443,3468
3443,3551
3443,3571
3449,3365
3449,3371
3449,3379
3449,3416
3449,3418
3449,3427
3449,3436
3449,3443
3449,3449
3449,3457
3449,3466
3449,3468
3449,3474
3449,3479
3449,3495
3449,3551
3449,3842
3457,0
3457,3379
3457,3416
3457,3418
3457,3427
3457,3443
3457,3449
3457,3457
3457,3466
3457,3468
3457,3479
3457,3571
3457,3601
3466,3379
3466,3416
3466,3449
3466,3457
3466,3466
3466,3468
3466,3474
3466,3479
3466,3503
3466,3601
3466,5306
3466,5369
3468,0
3468,373
3468,3379
3468,3418
3468,3443
3468,3449
3468,3457
3468,3466
3468,3468
3468,3474
3468,3495
3468,3551
3468,5306
3474,3418
3474,3427
3474,3436
3474,3449
3474,3466
3474,3474
3474,3479
3474,3495
3474,3503
3474,3551
3474,3571
3474,3842
3474,5369
3474,5393
3479,3436
3479,3457
3479,3466
3479,3468
3479,3474
3479,3479
3479,3495
3479,3503
3479,3571
3479,3601
3479,3842
3479,5306
3479,5330
3495,373
3495,3457
3495,3468
3495,3474
3495,3479
3495,3495
3495,3503
3495,3551
3495,3571
3495,3601
3495,5306
3495,5330
3503,373
3503,3466
3503,3474
3503,3479
3503,3495
3503,3503
3503,3551
3503,3571
3503,3842
3551,373
3551,3418
3551,3449
3551,3468
3551,3479
3551,3495
3551,3503
3551,3551
3551,3571
3551,3601
3551,3842
3551,5330
3551,5361
3551,5432
3571,373
3571,3466
3571,3468
3571,3479
3571,3495
3571,3503
3571,3551
3571,3571
3571,3601
3571,3842
3571,5330
3571,5358
3571,5393
3571,5518
3571,5524
3601,373
3601,3457
3601,3468
3601,3474
3601,3479
3601,3495
3601,3551
3601,3571
3601,3601
3601,3842
3601,5306
3601,5330
3601,5432
3601,5524
3818,45
3818,3818
3818,4001
3818,4080
3818,4162
3818,4281
3818,4298
3818,4952
3818,5111
3818,5160
3818,5204
3818,5274
3842,373
3842,3466
3842,3479
3842,3495
3842,3503
3842,3551
3842,3571
3842,3601
3842,3842
3842,5306
3842,5330
3842,5361
3842,5369
3842,5393
3842,5518
3881,3881
3881,4591
3881,4645
3881,4657
3881,4698
3881,4826
3881,4904
3881,5111
3881,5414
3881,5469
3881,5554
3881,5559
3881,5588
3881,5636
3979,2024
3979,2091
3979,2186
3979,2339
3979,3979
3979,4318
3979,4487
3979,4530
3979,4574
3979,4578
3986,241
3986,1310
3986,1338
3986,1347
3986,1452
3986,1526
3986,2611
3986,3121
3986,3127
3986,3138
3986,3986
4001,3818
4001,4001
4001,4065
4001,4080
4001,4162
4001,4227
4001,4298
4001,4574
4001,5046
4001,5051
4001,5160
4001,5204
4001,5227
4001,5274
4065,45
4065,3818
4065,4001
4065,4065
4065,4080
4065,4162
4065,4188
4065,4227
4065,4250
4065,4298
4065,4318
4065,5160
4065,5204
4065,5227
4065,5274
4080,0
4080,45
4080,3818
4080,4001
4080,4065
4080,4080
4080,4188
4080,4250
4080,4298
4080,5160
4080,5227
4080,5274
4162,0
4162,45
4162,3818
4162,4065
4162,4080
4162,4162
4162,4188
4162,4195
4162,4227
4162,4250
4162,4281
4162,4298
4162,4318
4162,4449
4162,4487
4162,5227
4188,2091
4188,4162
4188,4188
4188,4195
4188,4281
4188,4432
4188,4433
4188,4449
4188,4487
4188,5204
4188,5274
4195,4080
4195,4162
4195,4188
4195,4195
4195,4227
4195,4250
4195,4281
4195,4298
4195,4432
4195,4487
4195,4530
4195,5227
4227,0
4227,2186
4227,3979
4227,4001
4227,4065
4227,4162
4227,4188
4227,4195
4227,4227
4227,4250
4227,4281
4227,4298
4227,4432
4227,4449
4250,2024
4250,2131
4250,4065
4250,4162
4250,4188
4250,4195
4250,4227
4250,4250
4250,4318
4250,4449
4250,4487
4250,4578
4281,45
4281,4065
4281,4162
4281,4188
4281,4195
4281,4227
4281,4250
4281,4281
4281,4298
4281,4318
4281,4432
4281,4433
4298,0
4298,45
4298,3818
4298,4065
4298,4080
4298,4227
4298,4250
4298,4281
4298,4298
4298,4432
4298,5227
4318,2091
4318,3979
4318,4162
4318,4188
4318,4227
4318,4250
4318,4281
4318,4298
4318,4318
4318,4432
4318,4433
4318,4449
4318,4530
4318,4578
4432,2024
4432,4162
4432,4188
4432,4195
4432,4227
4432,4281
4432,4298
4432,4318
4432,4432
4432,4433
4432,4449
4432,4530
4432,4578
4433,2024
4433,2131
4433,4162
4433,4188
4433,4250
4433,4281
4433,4318
4433,4432
4433,4433
4433,4449
4433,4487
4433,4530
4433,4574
4449,2091
4449,2131
4449,4162
4449,4188
4449,4195
4449,4250
4449,4432
4449,4433
4449,4449
4449,4487
4449,4530
4449,4574
4449,4578
4487,241
4487,2091
4487,2186
4487,3979
4487,4162
4487,4227
4487,4318
4487,4432
4487,4433
4487,4449
4487,4487
4487,4530
4487,4574
4530,2024
4530,2186
4530,2266
4530,3979
4530,4432
4530,4449
4530,4487
4530,4530
4530,4574
4574,2024
4574,2091
4574,2266
4574,2349
4574,2498
4574,3979
4574,4318
4574,4432
4574,4487
4574,4530
4574,4574
4574,4578
4578,2024
4578,2349
4578,3979
4578,4318
4578,4433
4578,4449
4578,4487
4578,4530
4578,4574
4578,4578
4591,3881
4591,4591
4591,4657
4591,4698
4591,4828
4591,4904
4591,4937
4591,4952
4591,5046
4591,5274
4591,5494
4591,5559
4591,5588
4645,3881
4645,4591
4645,4645
4645,4657
4645,4698
4645,4826
4645,4828
4645,4890
4645,4904
4645,4937
4645,5046
4645,5111
4645,5561
4645,5588
4645,5636
4657,4591
4657,4645
4657,4657
4657,4828
4657,4937
4657,5554
4657,5561
4657,5588
4657,5636
4698,3881
4698,4591
4698,4645
4698,4657
4698,4698
4698,4826
4698,4828
4698,4890
4698,5051
4698,5111
4698,5204
4698,5561
4698,5588
4698,5636
4826,4591
4826,4645
4826,4657
4826,4698
4826,4826
4826,4828
4826,4890
4826,4904
4826,4937
4826,4952
4826,5046
4826,5051
4826,5111
4828,3881
4828,4591
4828,4645
4828,4657
4828,4698
4828,4826
4828,4828
4828,4904
4828,4937
4828,4952
4828,5046
4828,5160
4828,5204
4828,5554
4890,4645
4890,4657
4890,4826
4890,4828
4890,4890
4890,4904
4890,4937
4890,4952
4890,5046
4890,5051
4890,5111
4890,5227
4890,5636
4904,4591
4904,4645
4904,4828
4904,4890
4904,4904
4904,4937
4904,4952
4904,5046
4904,5111
4904,5227
4904,5274
4904,5636
4937,4591
4937,4645
4937,4698
4937,4826
4937,4828
4937,4890
4937,4904
4937,4937
4937,4952
4937,5046
4937,5051
4937,5111
4937,5160
4937,5204
4952,45
4952,3818
4952,4698
4952,4826
4952,4890
4952,4904
4952,4937
4952,4952
4952,5046
4952,5051
4952,5111
4952,5204
4952,5274
5046,45
5046,4645
5046,4698
5046,4828
5046,4904
5046,4937
5046,4952
5046,5046
5046,5051
5046,5111
5046,5227
5046,5274
5051,45
5051,3818
5051,4001
5051,4065
5051,4281
5051,4826
5051,4828
5051,4890
5051,4904
5051,4952
5051,5046
5051,5051
5051,5111
5051,5160
5051,5274
5111,45
5111,4001
5111,4645
5111,4698
5111,4826
5111,4937
5111,4952
5111,5046
5111,5051
5111,5111
5111,5160
5160,45
5160,3818
5160,4001
5160,4065
5160,4162
5160,4826
5160,4890
5160,4937
5160,4952
5160,5051
5160,5111
5160,5160
5160,5227
5160,5274
5204,45
5204,3818
5204,4001
5204,4080
5204,4281
5204,4432
5204,4904
5204,5046
5204,5051
5204,5111
5204,5204
5204,5227
5227,45
5227,3818
5227,4001
5227,4065
5227,4080
5227,4162
5227,4952
5227,5160
5227,5204
5227,5227
5227,5274
5274,45
5274,3818
5274,4001
5274,4065
5274,4080
5274,4162
5274,4188
5274,4195
5274,4250
5274,4298
5274,5046
5274,5160
5274,5227
5274,5274
5306,3474
5306,3479
5306,3495
5306,3601
5306,3842
5306,5306
5306,5330
5306,5358
5306,5361
5306,5369
5306,5393
5306,5518
5306,5524
5306,5636
5330,373
5330,3495
5330,3551
5330,3571
5330,3601
5330,3842
5330,5306
5330,5330
5330,5361
5330,5369
5330,5393
5330,5432
5330,5524
5357,0
5357,4591
5357,4657
5357,4890
5357,4952
5357,5051
5357,5357
5357,5393
5357,5414
5357,5432
5357,5494
5357,5554
5357,5561
5357,5636
5358,373
5358,3842
5358,5306
5358,5358
5358,5361
5358,5369
5358,5393
5358,5414
5358,5432
5358,5494
5358,5518
5358,5524
5361,5330
5361,5358
5361,5361
5361,5369
5361,5393
5361,5432
5361,5494
5361,5518
5361,5524
5369,0
5369,373
5369,3503
5369,3842
5369,5306
5369,5330
5369,5358
5369,5369
5369,5414
5369,5432
5369,5469
5369,5524
5393,3842
5393,5357
5393,5358
5393,5361
5393,5369
5393,5393
5393,5414
5393,5432
5393,5469
5393,5518
5393,5524
5393,5554
5414,0
5414,3881
5414,4645
5414,5306
5414,5330
5414,5358
5414,5361
5414,5393
5414,5414
5414,5432
5414,5469
5414,5494
5414,5524
5414,5554
5414,5559
5432,5330
5432,5357
5432,5361
5432,5393
5432,5414
5432,5432
5432,5469
5432,5494
5432,5554
5432,5559
5432,5561
5432,5588
5469,3881
5469,5357
5469,5393
5469,5414
5469,5432
5469,5469
5469,5494
5469,5518
5469,5559
5469,5561
5494,3881
5494,5051
5494,5306
5494,5357
5494,5358
5494,5393
5494,5414
5494,5432
5494,5469
5494,5494
5494,5518
5494,5524
5494,5554
5494,5559
5494,5561
5494,5588
5494,5636
5518,5358
5518,5361
5518,5393
5518,5414
5518,5432
5518,5469
5518,5494
5518,5518
5518,5524
5524,5330
5524,5357
5524,5358
5524,5361
5524,5369
5524,5414
5524,5469
5524,5518
5524,5524
5554,3881
5554,4591
5554,4645
5554,4657
5554,4828
5554,5357
5554,5414
5554,5432
5554,5469
5554,5494
5554,5554
5554,5559
5554,5561
5554,5588
5554,5636
5559,0
5559,4591
5559,4645
5559,4698
5559,4904
5559,5357
5559,5469
5559,5554
5559,5559
5559,5561
5559,5588
5561,3881
5561,4645
5561,5357
5561,5469
5561,5494
5561,5554
5561,5559
5561,5561
5561,5588
5561,5636
5588,0
5588,3881
5588,4645
5588,4657
5588,4698
5588,4904
5588,5357
5588,5414
5588,5494
5588,5554
5588,5559
5588,5561
5588,5588
5588,5636
5636,3881
5636,4645
5636,4657
5636,4826
5636,5274
5636,5357
5636,5432
5636,5469
5636,5494
5636,5554
5636,5559
5636,5561
5636,5588
5636,5636
5867,49
5867,1252
5867,1301
5867,1313
5867,3177
5867,3201
5867,6541
5872,1234
5872,1240
5872,5873
5872,5883
5872,6539
5872,6543
5873,1234
5873,1240
5873,1257
5873,5872
5873,5873
5873,5883
5873,6539
5873,6542
5873,6545
5880,1219
5880,1237
5880,1238
5880,1240
5880,5883
5880,6540
5883,1219
5883,1237
5883,1238
5883,1257
5883,1302
5883,5880
5883,5883
5883,5890
5883,6534
5883,6539
5883,6546
5886,1237
5886,5883
5886,5890
5886,6534
5888,1214
5888,5896
5888,6527
5888,6535
5888,6536
5889,1214
5889,1222
5889,1232
5889,1234
5889,1237
5889,1244
5889,5883
5889,5889
5889,6534
5889,6535
5889,6537
5889,6539
5889,6540
5890,1237
5890,1249
5890,1257
5890,5886
5890,5890
5890,6534
5890,6539
5891,1197
5891,1204
5891,1209
5891,1268
5891,5893
5893,1204
5893,1268
5893,5891
5893,5893
5893,6359
5893,6360
5893,6527
5893,6529
5893,6530
5893,6532
5896,1212
5896,1220
5896,1229
5896,1232
5896,5888
5896,5889
5896,5896
5896,6527
5896,6536
5898,1204
5898,1268
5898,5900
5898,5911
5900,1197
5900,1206
5900,1208
5900,5898
5900,5900
5900,5911
5900,6359
5900,6525
5900,6538
5903,1220
5903,1223
5903,5904
5903,5911
5904,1200
5904,1217
5904,1220
5904,5889
5904,5903
5904,5904
5904,6529
5904,6536
5904,6538
5908,1238
5908,1257
5908,1301
5908,5883
5908,5909
5908,6544
5908,6546
5909,1234
5909,1237
5909,1249
5909,5908
5909,5909
5909,5912
5909,6543
5909,6544
5911,1268
5911,5900
5911,6538
5912,1235
5912,1237
5912,1258
5912,5909
5912,5912
5912,6539
5912,6541
5912,6543
5912,6544
6010,1302
6010,1313
6010,1319
6010,3201
6010,6352
6352,49
6352,1302
6352,1313
6352,1319
6352,3255
6352,6010
6357,49
6357,1301
6357,1302
6357,1313
6357,6541
6357,6543
6358,1198
6358,1213
6358,1214
6358,1237
6358,5889
6358,5904
6358,6528
6358,6537
6359,1268
6359,5891
6359,5893
6359,6531
6359,6533
6360,1269
6360,1270
6360,6519
6360,6525
6360,6530
6360,6531
6515,1136
6515,1170
6515,1192
6515,1201
6515,1259
6515,1264
6515,1275
6515,1276
6515,1277
6515,6515
6515,6516
6515,6517
6515,6518
6515,6520
6515,6522
6515,6523
6515,6524
6515,6525
6516,1131
6516,1152
6516,1170
6516,1184
6516,1191
6516,1192
6516,1201
6516,1259
6516,1264
6516,1276
6516,1277
6516,1279
6516,6515
6516,6516
6516,6517
6516,6520
6516,6523
6516,6524
6517,1152
6517,1192
6517,1193
6517,1201
6517,1259
6517,1264
6517,1271
6517,1276
6517,1277
6517,1279
6517,6360
6517,6515
6517,6516
6517,6517
6517,6521
6517,6522
6517,6524
6518,1209
6518,1269
6518,1270
6518,5888
6518,5898
6518,6360
6518,6518
6518,6519
6518,6520
6518,6521
6518,6525
6518,6526
6518,6527
6518,6530
6518,6531
6518,6532
6519,1209
6519,1259
6519,1269
6519,1276
6519,6518
6519,6519
6519,6520
6519,6521
6519,6524
6519,6525
6519,6526
6519,6531
6519,6532
6519,6533
6520,1191
6520,1192
6520,1270
6520,1275
6520,6518
6520,6519
6520,6520
6520,6521
6520,6522
6520,6523
6520,6532
6521,1191
6521,1192
6521,1269
6521,1270
6521,1271
6521,1275
6521,6516
6521,6518
6521,6519
6521,6520
6521,6521
6521,6522
6521,6523
6521,6524
6521,6525
6521,6526
6522,1191
6522,1193
6522,1271
6522,1275
6522,5898
6522,6359
6522,6517
6522,6518
6522,6520
6522,6521
6522,6522
6522,6524
6522,6525
6523,1191
6523,1192
6523,1264
6523,1275
6523,6515
6523,6516
6523,6517
6523,6518
6523,6520
6523,6521
6523,6523
6523,6524
6524,1192
6524,1193
6524,1264
6524,1275
6524,6515
6524,6516
6524,6520
6524,6521
6524,6522
6524,6523
6524,6524
6525,1268
6525,1270
6525,6518
6525,6521
6525,6522
6525,6525
6525,6526
6525,6527
6525,6529
6525,6532
6525,6533
6526,1223
6526,1269
6526,1270
6526,5893
6526,6359
6526,6519
6526,6520
6526,6521
6526,6522
6526,6525
6526,6526
6526,6529
6526,6531
6526,6532
6527,1197
6527,1213
6527,1218
6527,1220
6527,1233
6527,1244
6527,5888
6527,5900
6527,5903
6527,6527
6527,6528
6527,6529
6527,6530
6527,6535
6527,6536
6527,6537
6527,6538
6528,1197
6528,1204
6528,1209
6528,1213
6528,1214
6528,1227
6528,1246
6528,5900
6528,6527
6528,6528
6528,6529
6528,6531
6528,6537
6528,6538
6529,1208
6529,1209
6529,1269
6529,1270
6529,5891
6529,5893
6529,5904
6529,6359
6529,6518
6529,6529
6529,6530
6529,6531
6529,6532
6529,6533
6530,1197
6530,1202
6530,1204
6530,1209
6530,1212
6530,1237
6530,1267
6530,1269
6530,5890
6530,5909
6530,6360
6530,6525
6530,6528
6530,6529
6530,6530
6530,6531
6530,6532
6530,6533
6530,6539
6531,1209
6531,1269
6531,6360
6531,6518
6531,6519
6531,6525
6531,6526
6531,6528
6531,6529
6531,6530
6531,6531
6531,6532
6531,6538
6532,1197
6532,1269
6532,1270
6532,5893
6532,6360
6532,6525
6532,6526
6532,6530
6532,6531
6532,6532
6532,6533
6533,1208
6533,1209
6533,1268
6533,1269
6533,5893
6533,5903
6533,6525
6533,6529
6533,6532
6533,6533
6534,1196
6534,1221
6534,1224
6534,1229
6534,1232
6534,1233
6534,1237
6534,1238
6534,1313
6534,5883
6534,5889
6534,5890
6534,6534
6534,6535
6534,6536
6534,6540
6535,1205
6535,1209
6535,1211
6535,1212
6535,1214
6535,1220
6535,1233
6535,1237
6535,5880
6535,5883
6535,5889
6535,6527
6535,6534
6535,6535
6535,6536
6535,6537
6535,6545
6536,1196
6536,1211
6536,1212
6536,1214
6536,1217
6536,1220
6536,1221
6536,1222
6536,1229
6536,1267
6536,5889
6536,6534
6536,6535
6536,6536
6536,6537
6537,1200
6537,1213
6537,1214
6537,1220
6537,1221
6537,1223
6537,1226
6537,1227
6537,1244
6537,5883
6537,5888
6537,5889
6537,5903
6537,5904
6537,6358
6537,6528
6537,6534
6537,6535
6537,6536
6537,6537
6538,1198
6538,1200
6538,1204
6538,1212
6538,1214
6538,1220
6538,1267
6538,5891
6538,5909
6538,6527
6538,6528
6538,6536
6538,6537
6538,6538
6539,1208
6539,1219
6539,1237
6539,1302
6539,5873
6539,5883
6539,5886
6539,5890
6539,5909
6539,5912
6539,6534
6539,6535
6539,6539
6539,6540
6539,6545
6539,6546
6540,1219
6540,1222
6540,1234
6540,1237
6540,1240
6540,1241
6540,1257
6540,1265
6540,1313
6540,5889
6540,5912
6540,6530
6540,6534
6540,6535
6540,6539
6540,6540
6540,6545
6540,6546
6541,49
6541,1246
6541,1248
6541,1249
6541,1250
6541,1252
6541,1253
6541,1301
6541,1316
6541,6010
6541,6357
6541,6541
6541,6542
6541,6543
6541,6544
6541,6546
6542,1230
6542,1246
6542,1248
6542,1249
6542,1301
6542,1313
6542,3359
6542,6352
6542,6535
6542,6541
6542,6542
6542,6545
6542,6546
6543,1219
6543,1249
6543,1250
6543,1252
6543,1257
6543,1301
6543,1302
6543,5886
6543,5912
6543,6534
6543,6539
6543,6540
6543,6541
6543,6543
6543,6544
6543,6545
6543,6546
6544,1230
6544,1237
6544,1248
6544,1249
6544,1250
6544,1252
6544,1257
6544,1301
6544,1302
6544,1306
6544,1319
6544,6352
6544,6534
6544,6541
6544,6542
6544,6543
6544,6544
6544,6545
6544,6546
6545,1230
6545,1240
6545,1248
6545,1249
6545,1250
6545,1257
6545,5872
6545,6538
6545,6539
6545,6540
6545,6543
6545,6544
6545,6545
6545,6546
6546,1219
6546,1230
6546,1237
6546,1248
6546,1252
6546,1257
6546,5873
6546,6539
6546,6540
6546,6543
6546,6544
6546,6545
6546,6546
6547,207
