48,843,0
48,881,0
48,883,0
48,886,0
48,950,0
48,1011,0
48,1015,0
48,1040,0
48,1048,0
48,1053,0
48,1057,0
48,1060,0
48,1061,0
48,1065,0
48,1196,0
48,1216,0
48,1266,0
48,1267,0
48,1301,0
48,1306,0
48,1324,0
48,1327,0
48,1359,0
48,1374,0
48,1389,0
48,1398,0
48,1399,0
48,1404,0
48,1462,0
48,1465,0
48,1589,0
48,1600,0
48,2395,0
48,2502,0
48,2550,0
48,2560,0
48,2570,0
48,2594,0
48,2604,0
48,2605,0
48,2607,0
48,2608,0
48,2626,0
48,2689,0
48,2790,0
48,2809,0
48,2818,0
48,2834,0
48,2949,0
48,2971,0
48,3040,0
48,3138,0
48,3260,0
48,3263,0
48,3277,0
48,3632,0
48,3640,0
48,3642,0
48,3761,0
48,3804,0
48,3852,0
48,3886,0
48,3900,0
48,3966,0
48,4251,0
48,4267,0
48,4273,0
48,4330,0
48,5104,0
48,5119,0
48,5134,0
48,5197,0
48,5281,0
48,5477,0
48,5572,0
48,5573,0
48,5579,0
48,5583,0
48,5627,0
48,5656,0
48,5682,0
48,5720,0
48,5750,0
48,6577,0
48,6624,0
48,6753,0
48,6873,0
48,6917,0
48,7006,0
48,7079,0
48,7142,0
48,7156,0
48,7171,0
48,8182,0
48,9857,0
48,10190,0
48,11042,0
48,11177,0
48,11366,0
48,11369,0
48,11377,0
48,11403,0
48,11405,0
48,11437,0
48,11449,0
48,11500,0
48,11510,0
48,11590,0
48,11602,0
48,11609,0
48,11616,0
48,11636,0
48,11660,0
48,11712,0
48,11736,0
48,12506,0
48,12514,0
48,12515,0
48,12547,0
48,12588,0
48,12607,0
48,12669,0
48,12688,0
48,12706,0
48,12710,0
48,12814,0
48,12820,0
48,12839,0
48,12852,0
48,12883,0
48,12909,0
48,12922,0
48,12941,0
48,12943,0
48,12965,0
48,12981,0
48,13013,0
48,13022,0
48,13048,0
48,13050,0
48,13061,0
48,13077,0
48,13110,0
48,13126,0
48,13158,0
48,13159,0
48,13161,0
48,13199,0
48,13207,0
48,13233,0
48,13239,0
48,13286,0
48,13296,0
48,13346,0
48,13353,0
48,13523,0
48,13891,0
48,13906,0
48,13914,0
48,13917,0
48,13978,0
48,13986,0
48,13991,0
48,13995,0
48,14003,0
48,14015,0
48,14020,0
48,14022,0
48,14023,0
48,14030,0
48,14055,0
48,14061,0
48,14063,0
48,14064,0
48,14071,0
48,14078,0
48,14099,0
48,14104,0
48,14106,0
48,14140,0
48,14175,0
48,14202,0
48,14240,0
48,14241,0
48,14256,0
48,14272,0
48,14304,0
48,14367,0
48,14395,0
48,14412,0
48,14442,0
48,14588,0
48,14719,0
48,15420,0
48,15496,0
48,15511,0
48,15512,0
48,15513,0
48,15540,0
48,15542,0
48,15547,0
48,15548,0
48,15551,0
48,15557,0
48,15588,0
48,15593,0
48,15594,0
48,15645,0
48,15646,0
48,15949,0
48,16956,0
48,16957,0
48,16961,0
48,16965,0
48,16969,0
48,16970,0
48,16985,0
48,17038,0
48,17272,0
48,17289,0
48,17310,0
48,17315,0
48,17323,0
48,17324,0
48,17339,0
48,17439,0
48,18515,0
48,18518,0
48,18567,0
48,18589,0
48,18828,0
48,19005,0
48,19008,0
48,19071,0
48,19077,0
48,19549,0
48,19673,0
48,19686,0
48,19701,0
48,19704,0
48,19709,0
48,19722,0
48,19724,0
48,19727,0
48,19730,0
48,19742,0
48,19746,0
48,19753,0
48,19757,0
48,19763,0
48,19766,0
48,19810,0
48,19827,0
48,19839,0
48,19841,0
48,19856,0
48,19910,0
48,19921,0
48,19925,0
48,19943,0
48,19973,0
48,20010,0
48,20022,0
48,20028,0
48,20071,0
48,20104,0
48,20359,0
48,20763,0
48,21138,0
48,21142,0
48,21409,0
48,21414,0
48,21491,0
48,21493,0
48,21512,0
48,21525,0
48,21529,0
48,21678,0
48,21679,0
48,21681,0
48,21927,0
48,22727,0
48,22733,0
48,22734,0
48,22735,0
48,22737,0
48,22808,0
48,22860,0
48,22864,0
48,22872,0
48,22874,0
48,22879,0
48,22881,0
48,22885,0
48,22892,0
48,22912,0
48,22942,0
48,22977,0
48,22996,0
48,23069,0
48,23097,0
48,23125,0
48,23126,0
48,23131,0
48,23193,0
48,23244,0
48,23245,0
48,23253,0
48,23254,0
48,23255,0
48,23257,0
48,23263,0
48,23272,0
48,23274,0
48,23303,0
48,23332,0
48,23358,0
48,23360,0
48,23373,0
48,23375,0
48,23549,0
48,23728,0
48,23783,0
48,23892,0
48,23985,0
48,23986,0
48,23994,0
48,24048,0
48,24054,0
48,24058,0
48,24096,0
48,24097,0
48,24110,0
48,24196,0
48,24222,0
48,24230,0
48,24259,0
48,24264,0
48,24296,0
48,24501,0
48,24510,0
48,24529,0
48,24617,0
48,24668,0
48,25573,0
48,25574,0
48,25582,0
48,25584,0
48,25600,0
48,25607,0
48,25646,0
48,25667,0
48,25673,0
48,25688,0
48,25689,0
48,25696,0
48,25721,0
48,25730,0
48,25746,0
48,25756,0
48,25768,0
48,25890,0
48,25920,0
48,25979,0
48,26033,0
48,26034,0
48,26035,0
48,26667,0
48,26806,0
48,26813,0
48,26830,0
48,26861,0
48,26938,0
48,26942,0
48,26944,0
48,26970,0
48,26972,0
48,26973,0
48,27318,0
48,27320,0
48,27321,0
48,27501,0
48,27535,0
48,27589,0
48,27713,0
48,29085,0
48,31213,0
48,31247,0
48,31385,0
48,31438,0
48,31444,0
48,31464,0
48,31474,0
48,31493,0
48,31500,0
48,31532,0
48,31542,0
48,31634,0
48,31646,0
48,31649,0
48,31691,0
48,31692,0
48,31704,0
48,32510,0
48,32653,0
48,32675,0
48,32733,0
48,32735,0
48,32840,0
48,32868,0
48,32887,0
48,32909,0
48,32926,0
48,32951,0
48,32960,0
48,33037,0
48,33079,0
48,33080,0
48,33083,0
48,33084,0
48,33091,0
48,33092,0
48,33125,0
48,33131,0
48,33153,0
48,33159,0
48,33160,0
48,33172,0
48,33184,0
48,33186,0
48,33187,0
48,33191,0
48,33202,0
48,33225,0
48,33238,0
48,33253,0
48,33308,0
48,33353,0
48,33354,0
48,33356,0
48,33357,0
48,33360,0
48,33368,0
48,33377,0
48,33381,0
48,33383,0
48,33388,0
48,33397,0
48,33400,0
48,33403,0
48,33893,0
48,33979,0
48,33987,0
48,33988,0
48,33996,0
48,34003,0
48,34005,0
48,34034,0
48,34035,0
48,34040,0
48,34077,0
48,34157,0
48,34158,0
48,34164,0
48,34169,0
48,34171,0
48,34176,0
48,34178,0
48,34197,0
48,34198,0
48,34200,0
48,34205,0
48,34212,0
48,34239,0
48,34257,0
48,34272,0
48,34273,0
48,34276,0
48,34282,0
48,34297,0
48,34308,0
48,34309,0
48,34313,0
48,34320,0
48,34321,0
48,34332,0
48,34339,0
48,34340,0
48,34341,0
48,34348,0
48,34365,0
48,34416,0
48,34417,0
48,34419,0
48,34443,0
48,34444,0
48,34450,0
48,34469,0
48,34506,0
48,34524,0
48,34564,0
48,35425,0
48,35540,0
48,35712,0
48,35834,0
48,35905,0
48,36063,0
48,36065,0
48,36084,0
48,37141,0
48,37142,0
48,37206,0
48,37246,0
48,43227,0
25,132,0
25,953,0
25,2243,0
25,2245,0
25,4048,0
25,4416,0
25,5179,0
25,5182,0
25,13075,0
25,13160,0
25,13944,0
25,15506,0
25,16668,0
25,17120,0
25,31041,0
25,37138,0
48,4717,1
48,1997,1
48,37993,1
48,25120,1
48,37619,1
48,30149,1
48,12121,1
48,18246,1
48,6163,1
48,30415,1
48,8600,1
48,9438,1
48,28399,1
48,38367,1
48,16452,1
48,28742,1
48,38741,1
48,30681,1
48,17977,1
48,30947,1
48,36348,1
48,40609,1
48,32107,1
48,40983,1
48,9019,1
48,36612,1
48,7423,1
48,26351,1
48,36876,1
48,17708,1
48,29351,1
48,41731,1
48,41357,1
48,34994,1
48,29617,1
48,39114,1
48,15069,1
48,16704,1
48,39488,1
48,7676,1
48,7929,1
25,24080,1
48,42105,1
48,42853,1
48,42479,1
48,29883,1
48,10616,1
48,16200,1
48,40236,1
48,22327,1
48,28056,1
48,39862,1
