3,4
3,6
3,7
3,11
3,179
3,6110
3,6116
4,4
4,6
4,9
4,11
4,13
4,17
4,179
4,198
4,1701
4,1803
4,1814
4,1825
4,1857
4,1891
4,2170
4,5288
4,6105
4,6109
4,6110
6,3
6,4
6,6
6,8
6,9
6,11
6,13
6,17
6,36
6,37
6,38
6,77
6,94
6,109
6,111
6,113
6,115
6,179
6,180
6,1615
6,1633
6,1659
6,1686
6,1698
6,1701
6,1717
6,1726
6,1729
6,1731
6,1735
6,1746
6,1753
6,1756
6,1785
6,1794
6,1806
6,1812
6,1848
6,1850
6,1857
6,1867
6,1879
6,1886
6,1889
6,1895
6,1917
6,1945
6,1970
6,1972
6,1973
6,1974
6,1975
6,1996
6,2003
6,2010
6,2022
6,2029
6,2037
6,2048
6,2055
6,2102
6,2107
6,2132
6,2403
6,2404
6,2478
6,2494
6,4807
6,5136
6,5255
6,5288
6,5289
6,5335
6,5338
6,5344
6,5348
6,5355
6,5356
6,5381
6,5437
6,5678
6,5706
6,5710
6,6006
6,6095
6,6098
6,6100
6,6102
6,6103
6,6105
6,6106
6,6109
6,6110
6,6112
7,179
7,180
7,1993
7,2374
7,4964
8,4
8,6
8,38
9,3
9,4
9,6
9,9
9,36
9,37
9,38
9,103
9,104
9,115
9,116
9,121
9,123
9,179
9,1615
9,1686
9,1695
9,1701
9,1812
9,1848
9,1879
9,1925
9,1932
9,1957
9,1959
9,1961
9,1970
9,1975
9,1983
9,1995
9,1996
9,1999
9,2010
9,2016
9,2022
9,2045
9,2048
9,2114
9,2494
9,6095
9,6102
9,6105
9,6106
9,6107
9,6109
9,6110
9,6112
9,6113
11,4
11,6
11,11
11,17
11,37
11,38
11,2402
11,2421
11,2478
11,4807
11,5136
11,5335
13,6
13,9
13,13
13,38
13,2127
13,5136
13,5288
13,5289
13,5353
13,5356
13,5381
13,5384
13,5386
13,5392
13,5404
15,15
15,16
15,367
15,385
15,396
15,403
16,16
16,368
16,369
16,370
16,371
16,376
16,1634
16,1642
16,1653
16,1666
17,4
17,6
17,8
17,11
17,17
17,38
17,2402
17,2403
17,2419
17,5136
17,5255
17,5288
36,9
36,36
36,37
36,112
36,123
36,541
36,5136
36,5679
36,6094
37,6
37,9
37,11
37,36
37,37
37,110
37,123
37,548
37,2450
37,5136
38,6
38,9
38,11
38,13
38,17
38,38
38,85
38,94
38,111
38,113
38,1686
38,1695
38,1717
38,1729
38,1746
38,1812
38,1889
38,1925
38,1932
38,1945
38,1975
38,1983
38,1996
38,2003
38,2037
38,2055
38,2102
38,2114
38,2398
38,2399
38,2401
38,5348
38,5381
38,6010
38,6097
38,6099
38,6100
38,6103
71,71
71,72
71,75
71,76
71,87
71,94
71,101
71,1588
72,72
72,76
72,77
72,99
72,100
72,101
72,117
72,118
72,156
73,73
73,99
73,107
73,124
73,125
73,132
73,134
73,136
73,140
73,143
73,144
73,146
73,151
74,128
74,129
74,138
75,71
75,72
75,75
75,76
75,77
75,85
75,87
75,105
75,117
75,120
75,135
76,75
76,76
76,77
76,85
76,99
76,100
76,105
76,119
77,6
77,71
77,75
77,76
77,87
77,99
77,100
77,101
77,117
77,118
77,120
77,1588
78,78
78,79
78,83
78,92
78,93
78,1588
78,1589
79,78
79,80
79,89
79,155
79,1587
79,1589
80,79
80,82
80,83
80,87
80,88
80,93
80,115
80,120
80,1587
81,81
81,94
81,96
81,149
81,153
81,1627
82,79
82,82
82,83
82,89
82,92
82,107
82,1587
83,80
83,82
83,83
83,91
83,106
83,107
83,115
83,150
83,1589
84,84
84,95
84,97
84,102
84,111
84,113
84,118
84,153
85,6
85,85
85,86
85,87
85,89
85,105
85,106
85,143
85,1588
85,1847
86,75
86,77
86,85
86,86
86,87
86,88
86,89
86,105
86,1587
86,1588
87,72
87,77
87,86
87,87
87,91
87,101
87,136
87,1587
87,1588
88,78
88,87
88,88
88,90
88,92
88,1587
88,1588
88,1589
89,82
89,85
89,86
89,89
89,90
89,93
89,150
89,1588
89,1589
90,80
90,82
90,83
90,88
90,89
90,90
90,91
90,1600
91,79
91,80
91,88
91,90
91,91
91,92
91,122
92,79
92,87
92,90
92,91
92,92
92,100
92,1587
92,1588
93,78
93,80
93,92
93,93
93,1587
93,1589
94,6
94,77
94,84
94,94
94,99
94,100
94,111
94,112
94,113
94,115
94,120
94,131
94,1976
95,103
95,110
95,112
95,118
95,121
95,131
95,149
95,5136
95,6095
96,90
96,96
96,97
96,109
96,110
96,116
96,149
96,153
97,94
97,97
97,98
97,109
97,110
97,114
97,120
97,121
97,153
97,171
98,84
98,96
98,97
98,98
98,109
98,1614
99,75
99,99
99,100
99,117
99,119
99,152
100,71
100,72
100,76
100,89
100,100
100,105
100,106
100,117
100,118
100,133
101,71
101,85
101,100
101,101
101,117
101,131
101,133
101,148
102,77
102,84
102,97
102,98
102,102
102,114
102,119
103,9
103,103
103,104
103,111
103,112
103,113
103,116
103,123
103,5136
104,9
104,95
104,103
104,104
104,107
104,111
104,114
105,75
105,76
105,85
105,105
105,106
105,133
105,134
106,72
106,86
106,87
106,94
106,105
106,106
106,133
106,149
107,71
107,107
107,115
107,141
107,143
107,144
107,145
107,147
107,148
108,105
108,108
108,127
108,129
108,130
108,155
108,159
108,160
109,6
109,81
109,84
109,96
109,97
109,98
109,101
109,103
109,109
109,110
109,113
109,114
109,121
110,81
110,94
110,95
110,102
110,109
110,110
110,111
110,113
110,114
110,116
110,123
110,131
111,6
111,9
111,38
111,77
111,95
111,96
111,97
111,98
111,104
111,109
111,110
111,111
111,113
111,114
111,149
111,1615
111,1731
111,1975
111,1976
112,88
112,103
112,111
112,112
112,113
112,114
112,121
112,123
112,6095
113,6
113,9
113,81
113,94
113,95
113,109
113,110
113,111
113,113
113,114
113,122
113,131
113,1615
113,1651
113,1731
113,1746
113,1753
113,1785
113,1812
113,1908
113,2048
114,84
114,97
114,111
114,113
114,114
114,116
114,121
114,122
114,154
115,6
115,82
115,83
115,87
115,92
115,94
115,107
115,115
115,140
115,145
115,146
115,148
115,151
116,95
116,98
116,104
116,109
116,112
116,114
116,116
116,121
116,122
117,75
117,86
117,99
117,100
117,103
117,117
118,71
118,72
118,76
118,82
118,86
118,97
118,118
118,119
118,1588
119,76
119,77
119,81
119,94
119,119
119,120
120,75
120,77
120,81
120,83
120,94
120,118
120,119
120,120
120,153
121,112
121,114
121,121
121,122
121,6109
122,95
122,109
122,110
122,115
122,116
122,121
122,122
123,9
123,36
123,95
123,112
123,123
123,150
123,5136
124,73
124,124
124,126
124,132
124,135
124,136
124,1596
125,136
125,142
125,154
125,1613
126,127
126,128
126,135
126,136
126,137
126,138
126,163
126,166
127,126
127,127
127,128
127,130
127,155
127,160
127,164
127,1610
128,74
128,124
128,127
128,129
128,135
128,154
128,159
128,1597
129,127
129,128
129,129
129,135
129,155
129,160
129,163
129,166
129,1590
130,130
130,138
130,154
130,160
130,165
130,1591
131,81
131,94
131,102
131,110
131,118
131,131
131,149
131,153
132,73
132,104
132,108
132,132
132,136
132,140
132,142
132,147
132,148
132,152
133,71
133,80
133,85
133,93
133,105
133,106
133,120
133,133
133,153
134,125
134,129
134,133
134,134
134,135
134,136
134,137
134,142
134,146
135,73
135,124
135,132
135,134
135,135
135,136
135,137
135,138
135,139
135,146
136,80
136,126
136,128
136,130
136,132
136,134
136,135
136,137
136,143
136,144
137,73
137,124
137,128
137,135
137,136
137,137
137,142
138,124
138,126
138,129
138,134
138,138
138,139
138,141
138,1594
139,108
139,124
139,126
139,138
139,139
139,143
140,73
140,124
140,140
140,144
140,145
140,146
140,152
141,73
141,125
141,130
141,137
141,139
141,141
141,142
141,144
141,148
142,115
142,124
142,132
142,139
142,141
142,142
142,147
143,73
143,101
143,132
143,138
143,143
144,73
144,86
144,115
144,141
144,144
144,145
144,150
145,107
145,134
145,135
145,140
145,141
145,143
145,144
145,145
145,146
145,147
145,148
145,150
145,151
146,73
146,107
146,115
146,140
146,142
146,144
146,145
146,146
146,151
147,91
147,140
147,145
147,146
147,147
147,148
147,152
148,78
148,107
148,141
148,147
148,148
148,150
148,151
148,152
149,81
149,84
149,98
149,113
149,118
149,119
149,120
149,131
149,149
149,153
150,115
150,140
150,144
150,147
150,148
150,150
150,151
150,152
151,143
151,145
151,146
151,147
151,148
151,151
152,115
152,132
152,146
152,147
152,151
152,152
153,84
153,110
153,114
153,119
153,149
153,153
154,74
154,108
154,136
154,154
154,159
154,165
154,1590
154,1601
155,108
155,126
155,155
155,160
155,166
156,156
156,159
156,160
156,163
156,164
156,166
156,167
156,1594
156,1595
156,1617
157,108
157,161
157,169
157,172
157,1596
157,1597
157,1598
157,1602
157,1630
158,157
158,158
158,1590
158,1593
158,1595
158,1600
159,155
159,156
159,159
159,163
159,164
159,165
159,166
159,1594
159,1600
159,1626
160,108
160,126
160,127
160,128
160,129
160,155
160,156
160,160
160,164
160,166
161,157
161,161
161,162
161,169
161,171
161,1599
161,1626
162,157
162,161
162,162
162,169
162,171
162,1626
163,108
163,130
163,154
163,156
163,159
163,163
163,165
163,167
163,168
163,173
163,1602
163,1623
164,72
164,128
164,155
164,159
164,164
164,165
164,167
164,173
164,1591
165,74
165,156
165,159
165,163
165,165
165,168
165,172
165,173
165,174
165,1591
166,126
166,130
166,155
166,163
166,164
166,166
166,167
167,156
167,159
167,165
167,167
167,168
167,173
167,1593
168,156
168,164
168,167
168,173
168,174
168,1594
169,161
169,162
169,169
169,170
169,172
169,1600
169,1601
169,1630
170,170
170,171
170,172
170,1599
170,1600
170,1608
170,1619
170,1622
171,158
171,169
171,170
171,171
171,172
171,1599
171,1605
172,170
172,172
172,1598
172,1601
172,1604
172,1608
172,1612
172,1615
172,1626
173,163
173,164
173,167
173,168
173,173
173,174
173,1594
174,139
174,159
174,163
174,173
174,174
174,1591
174,1595
179,3
179,4
179,6
179,179
179,180
179,199
179,635
179,1529
179,2166
179,2175
179,2184
179,2185
179,2225
179,2408
179,4964
179,5289
179,6110
179,6116
179,6117
180,4
180,179
180,180
180,196
180,198
180,577
180,2355
180,2360
180,2374
180,2378
180,2394
180,4964
180,6115
180,6116
188,180
188,188
191,191
191,199
192,195
192,196
193,198
193,1528
194,192
194,197
195,188
195,194
195,195
195,635
195,1528
195,2391
196,191
196,195
196,1528
196,2374
197,194
197,1529
198,179
198,180
198,193
198,195
198,197
198,198
198,6116
199,193
199,198
200,200
200,6093
366,15
366,366
366,368
366,369
366,371
366,1678
367,368
367,369
367,372
367,1651
367,1675
367,1683
368,366
368,367
368,368
368,369
368,370
368,403
368,1670
369,16
369,366
369,369
369,390
369,396
369,1641
369,1642
369,1653
369,1675
370,16
370,370
370,371
370,372
370,403
370,1641
370,1644
370,1676
371,15
371,16
371,366
371,368
371,371
371,372
372,366
372,367
372,369
372,1649
372,1693
373,377
373,379
373,391
373,393
373,404
374,374
374,381
374,384
374,385
374,390
374,393
374,396
374,400
375,375
375,378
375,387
375,389
375,394
375,395
375,399
376,16
376,374
376,390
376,391
376,396
376,401
376,403
377,375
377,382
377,383
377,395
377,398
377,404
377,1702
378,389
378,392
378,394
378,398
378,399
379,373
379,379
379,393
379,404
379,1666
380,376
380,380
380,384
380,400
380,401
381,374
381,376
381,381
381,390
381,403
381,1733
382,377
382,382
382,386
382,395
382,404
382,1692
383,375
383,377
383,383
383,391
383,394
383,402
383,1675
384,374
384,380
384,381
384,385
384,396
384,400
384,1648
385,376
385,385
385,390
385,396
385,400
385,1730
386,386
386,387
386,389
386,1701
386,1704
387,377
387,378
387,382
387,387
387,389
387,395
387,399
388,378
388,382
388,383
388,388
388,394
388,1709
389,375
389,386
389,388
389,395
389,397
389,398
389,1718
390,15
390,374
390,376
390,380
390,381
390,384
390,385
390,390
390,401
391,15
391,378
391,383
391,402
391,404
391,1641
392,378
392,382
392,386
392,392
392,397
392,399
393,373
393,379
393,393
393,402
394,378
394,388
394,389
394,394
394,1705
395,384
395,388
395,397
395,1710
396,374
396,379
396,381
396,390
396,401
396,1819
397,375
397,383
397,387
397,397
397,398
397,1684
398,377
398,378
398,386
398,392
398,398
398,399
398,1643
399,386
399,387
399,392
399,399
400,374
400,376
400,380
400,381
400,396
400,400
400,403
401,374
401,384
401,400
401,401
401,1603
402,373
402,379
402,383
402,391
402,402
402,404
403,15
403,367
403,371
403,376
403,380
403,384
403,403
404,377
404,379
404,382
404,383
404,388
404,393
404,402
505,526
505,6094
513,555
513,562
516,36
516,5679
523,505
523,523
526,523
526,526
530,5705
532,532
532,5706
541,36
541,548
548,505
548,552
552,513
552,552
555,103
555,541
556,513
556,555
562,556
562,562
577,577
577,2374
635,7
635,180
635,195
635,196
635,635
635,1527
635,2357
635,2374
635,2378
635,2380
635,2392
635,2418
1527,635
1527,2390
1527,2406
1527,5609
1528,192
1528,200
1528,1529
1529,195
1529,196
1529,2180
1529,2185
1587,79
1587,80
1587,82
1587,83
1587,88
1587,89
1587,93
1587,1587
1587,1588
1587,1589
1588,71
1588,72
1588,77
1588,87
1588,90
1588,105
1588,116
1588,133
1588,142
1588,1587
1588,1588
1589,79
1589,80
1589,86
1589,88
1589,91
1589,93
1589,1587
1589,1589
1589,1615
1590,158
1590,372
1590,1590
1590,1591
1590,1594
1590,1595
1590,1601
1591,158
1591,159
1591,173
1591,174
1591,1591
1591,1592
1591,1593
1591,1594
1591,1602
1592,124
1592,157
1592,159
1592,168
1592,1590
1592,1592
1592,1595
1592,1601
1593,141
1593,167
1593,1591
1593,1592
1593,1593
1593,1600
1593,1601
1594,168
1594,1591
1594,1592
1594,1593
1594,1594
1595,81
1595,158
1595,165
1595,174
1595,1590
1595,1592
1595,1595
1595,1600
1596,126
1596,161
1596,1596
1596,1597
1596,1602
1597,157
1597,162
1597,169
1597,1596
1597,1597
1597,1601
1597,1602
1598,162
1598,172
1598,1599
1598,1602
1598,1615
1598,1621
1598,1630
1598,1631
1599,161
1599,162
1599,170
1599,1598
1599,1608
1599,1610
1599,1626
1600,158
1600,162
1600,170
1600,174
1600,1592
1600,1593
1600,1601
1600,1602
1601,96
1601,171
1601,1591
1601,1593
1601,1596
1601,1597
1601,1600
1601,1601
1602,98
1602,162
1602,1596
1602,1597
1602,1598
1602,1602
1602,1621
1603,402
1603,1603
1603,1606
1603,1609
1603,1623
1604,1595
1604,1604
1604,1605
1604,1616
1604,1617
1604,1627
1605,169
1605,170
1605,1604
1605,1605
1605,1615
1605,1621
1605,1626
1605,1628
1606,1620
1606,1625
1606,1629
1606,1640
1606,1660
1607,1606
1607,1607
1607,1609
1607,1620
1607,1661
1608,3
1608,173
1608,1608
1608,1610
1608,1612
1608,1619
1609,1607
1609,1609
1609,1611
1609,1613
1609,1629
1610,74
1610,1605
1610,1610
1610,1612
1610,1616
1610,1631
1611,163
1611,1603
1611,1611
1611,1614
1611,1618
1611,1640
1612,76
1612,172
1612,1599
1612,1612
1612,1621
1612,1626
1612,1628
1612,1630
1613,168
1613,1611
1613,1613
1613,1614
1613,1623
1613,1638
1614,1605
1614,1610
1614,1611
1614,1613
1614,1625
1614,1662
1615,6
1615,38
1615,111
1615,113
1615,171
1615,1598
1615,1599
1615,1605
1615,1608
1615,1610
1615,1612
1615,1615
1615,1617
1615,1626
1615,1633
1615,1651
1615,1731
1615,1806
1615,1812
1615,1887
1616,125
1616,1604
1616,1616
1616,1627
1616,1631
1617,1599
1617,1617
1617,1621
1617,1622
1617,1624
1617,1628
1618,1607
1618,1623
1618,1662
1619,1599
1619,1608
1619,1615
1619,1616
1619,1619
1619,1626
1619,1639
1620,1603
1620,1606
1620,1609
1620,1613
1620,1620
1620,1706
1621,157
1621,162
1621,1608
1621,1612
1621,1619
1621,1621
1622,1610
1622,1614
1622,1616
1622,1622
1622,1627
1622,1631
1623,1611
1623,1620
1623,1623
1623,1624
1623,1629
1623,1660
1623,1673
1624,1604
1624,1610
1624,1624
1624,1628
1625,1606
1625,1620
1625,1625
1625,1638
1625,1658
1626,6
1626,9
1626,113
1626,170
1626,172
1626,1599
1626,1608
1626,1612
1626,1615
1626,1619
1626,1626
1626,1806
1626,1976
1627,129
1627,1608
1627,1616
1627,1617
1627,1619
1627,1622
1627,1627
1628,159
1628,1617
1628,1621
1628,1622
1628,1624
1628,1628
1629,1603
1629,1607
1629,1614
1629,1625
1629,1640
1629,1677
1630,137
1630,1598
1630,1605
1630,1612
1630,1624
1630,1630
1631,172
1631,1614
1631,1616
1631,1619
1631,1623
1631,1624
1631,1630
1631,1631
1632,1632
1632,1634
1632,1635
1632,1636
1632,1646
1632,1659
1632,1665
1632,1678
1632,1707
1633,1615
1633,1633
1633,1634
1633,1646
1633,1655
1633,1659
1633,1661
1633,1663
1633,1664
1634,1634
1634,1637
1634,1643
1634,1650
1634,1654
1634,1669
1635,1659
1635,1665
1636,1607
1636,1636
1636,1637
1636,1656
1636,1659
1636,1663
1637,1618
1637,1632
1637,1636
1637,1637
1637,1645
1637,1646
1637,1669
1638,1603
1638,1633
1638,1638
1638,1661
1638,1664
1638,1673
1639,1639
1639,1640
1639,1661
1639,1668
1639,1673
1640,1603
1640,1660
1640,1677
1640,1681
1641,6
1641,370
1641,1641
1641,1642
1641,1649
1641,1653
1641,1667
1641,1678
1642,369
1642,371
1642,372
1642,1641
1642,1642
1642,1643
1643,1632
1643,1650
1643,1651
1643,1655
1643,1674
1643,1675
1644,1643
1644,1644
1644,1651
1644,1672
1644,1679
1644,1682
1645,1646
1645,1655
1645,1669
1645,1670
1645,1676
1645,1681
1646,1633
1646,1634
1646,1637
1646,1646
1646,1652
1646,1659
1646,1689
1647,1647
1647,1654
1647,1663
1647,1669
1647,1670
1647,1678
1647,1716
1648,1643
1648,1648
1648,1651
1648,1652
1648,1679
1648,1686
1649,370
1649,1642
1649,1649
1650,400
1650,1637
1650,1641
1650,1643
1650,1650
1650,1672
1651,6
1651,16
1651,111
1651,372
1651,1615
1651,1641
1651,1642
1651,1650
1651,1653
1651,1675
1652,1645
1652,1648
1652,1652
1652,1658
1652,1669
1652,1674
1653,367
1653,372
1653,387
1653,1644
1653,1649
1653,1653
1653,1679
1654,1645
1654,1654
1654,1655
1654,1667
1654,1670
1654,1694
1655,1632
1655,1645
1655,1655
1655,1656
1655,1674
1656,1636
1656,1647
1656,1656
1656,1663
1656,1700
1657,1664
1657,1668
1657,1680
1658,16
1658,1650
1658,1658
1658,1672
1658,1679
1659,6
1659,16
1659,1632
1659,1635
1659,1651
1659,1659
1659,1665
1659,1667
1659,1676
1660,1620
1660,1633
1660,1660
1660,1662
1660,1663
1660,1671
1660,1673
1661,369
1661,1607
1661,1639
1661,1661
1661,1662
1661,1671
1661,1681
1662,1606
1662,1660
1662,1664
1662,1665
1662,1671
1662,1680
1663,1633
1663,1638
1663,1640
1663,1671
1663,1681
1664,1640
1664,1657
1664,1662
1664,1664
1664,1668
1664,1677
1664,1680
1665,1632
1665,1647
1665,1649
1665,1663
1665,1665
1665,1681
1666,1646
1666,1658
1666,1666
1666,1672
1666,1674
1667,1637
1667,1647
1667,1652
1667,1654
1667,1667
1667,1669
1667,1678
1668,1657
1668,1659
1668,1663
1668,1664
1668,1668
1668,1680
1668,1734
1669,368
1669,1634
1669,1646
1669,1647
1669,1659
1669,1667
1670,1655
1670,1667
1670,1670
1670,1674
1670,1676
1670,1713
1671,1614
1671,1634
1671,1662
1671,1665
1671,1671
1671,1676
1672,370
1672,1648
1672,1650
1672,1658
1672,1666
1672,1672
1672,1680
1673,1618
1673,1629
1673,1639
1673,1659
1673,1660
1674,1644
1674,1648
1674,1652
1674,1654
1674,1674
1674,1675
1675,369
1675,382
1675,1644
1675,1651
1675,1653
1676,1636
1676,1645
1676,1654
1676,1667
1676,1676
1677,1613
1677,1625
1677,1629
1677,1645
1677,1664
1677,1673
1677,1680
1678,1648
1678,1658
1678,1674
1678,1678
1678,1679
1678,1717
1679,381
1679,1648
1679,1649
1679,1666
1679,1675
1679,1679
1680,1638
1680,1639
1680,1657
1680,1661
1680,1668
1680,1671
1680,1681
1681,1636
1681,1663
1681,1668
1681,1677
1681,1680
1681,1681
1681,1708
1682,367
1682,1682
1682,1685
1682,1688
1682,1693
1682,1710
1682,1711
1682,1730
1683,375
1683,1682
1683,1683
1683,1712
1683,1717
1684,1684
1684,1697
1684,1707
1684,1716
1684,1726
1685,9
1685,385
1685,1682
1685,1685
1685,1701
1685,1710
1685,1730
1686,9
1686,38
1686,386
1686,1686
1686,1698
1686,1709
1686,1714
1686,1718
1686,1734
1687,1697
1687,1700
1687,1721
1687,1724
1687,1726
1687,1733
1688,380
1688,1690
1688,1699
1688,1704
1688,1712
1688,1731
1689,391
1689,1689
1689,1691
1689,1692
1689,1708
1689,1709
1689,1735
1690,1688
1690,1690
1690,1704
1690,1717
1690,1718
1690,1730
1691,1647
1691,1691
1691,1697
1691,1700
1691,1705
1691,1707
1691,1721
1691,1724
1692,388
1692,1686
1692,1702
1692,1708
1692,1709
1692,1714
1692,1735
1693,1632
1693,1688
1693,1689
1693,1693
1693,1707
1693,1709
1693,1718
1694,1684
1694,1687
1694,1695
1694,1715
1694,1728
1695,38
1695,389
1695,1694
1695,1695
1695,1705
1695,1716
1695,1721
1695,1724
1695,1726
1696,1713
1696,1714
1696,1722
1696,1732
1696,1747
1696,1762
1696,1763
1696,1780
1697,1684
1697,1694
1697,1695
1697,1697
1697,1700
1697,1719
1697,1724
1697,2134
1698,9
1698,393
1698,1683
1698,1692
1698,1698
1698,1699
1698,1704
1698,1711
1698,1712
1698,1714
1698,1718
1698,1726
1698,1734
1698,1735
1699,1699
1699,1714
1699,1718
1699,1735
1700,1637
1700,1691
1700,1694
1700,1695
1700,1700
1700,1720
1700,1721
1700,1725
1700,1726
1700,1728
1700,1729
1700,1731
1701,4
1701,6
1701,9
1701,375
1701,1683
1701,1685
1701,1701
1701,1710
1702,1681
1702,1682
1702,1714
1703,397
1703,1700
1703,1703
1703,1707
1703,1720
1703,1725
1704,1682
1704,1686
1704,1689
1704,1692
1704,1698
1704,1699
1704,1704
1704,1711
1704,1714
1704,1717
1704,1730
1704,1734
1705,395
1705,1691
1705,1705
1705,1724
1705,1726
1706,1672
1706,1706
1706,1713
1706,1719
1706,1722
1706,1724
1706,1727
1706,1833
1707,1684
1707,1689
1707,1691
1707,1707
1707,1709
1707,1721
1707,1725
1707,1726
1708,1635
1708,1686
1708,1689
1708,1693
1708,1698
1708,1708
1708,1709
1709,1639
1709,1693
1709,1698
1709,1708
1709,1709
1709,1715
1710,9
1710,1682
1710,1685
1710,1692
1710,1701
1710,1710
1710,1717
1710,1725
1710,1730
1711,1686
1711,1690
1711,1704
1711,1711
1711,1714
1711,1724
1712,1698
1712,1710
1712,1711
1712,1712
1712,1714
1712,1734
1713,1706
1713,1715
1713,1722
1713,1727
1713,1762
1713,1763
1713,1776
1713,1780
1713,1788
1713,1801
1714,1651
1714,1690
1714,1693
1714,1698
1714,1699
1714,1712
1714,1714
1714,1718
1714,1734
1714,1735
1715,1687
1715,1703
1715,1705
1715,1715
1715,1716
1715,1721
1715,1724
1715,1729
1715,1733
1716,1695
1716,1703
1716,1705
1716,1715
1716,1721
1716,1733
1717,6
1717,1682
1717,1690
1717,1701
1717,1704
1717,1710
1717,1714
1717,1717
1718,1686
1718,1690
1718,1698
1718,1699
1718,1704
1718,1708
1718,1714
1718,1718
1718,1735
1719,1696
1719,1706
1719,1719
1719,1720
1719,1727
1719,1731
1719,1788
1719,1789
1719,1873
1720,1694
1720,1703
1720,1720
1720,1731
1720,1733
1720,2088
1721,1687
1721,1691
1721,1700
1721,1705
1721,1715
1721,1721
1721,1725
1722,1620
1722,1713
1722,1722
1722,1723
1722,1724
1722,1727
1722,1769
1722,1778
1722,1780
1722,1790
1723,1723
1723,1727
1723,1728
1723,1732
1723,1756
1723,1757
1723,1762
1723,1778
1723,1779
1723,1860
1724,1697
1724,1700
1724,1704
1724,1707
1724,1716
1724,1720
1724,1721
1724,1725
1724,1729
1724,1731
1724,1732
1724,1977
1725,1654
1725,1695
1725,1700
1725,1724
1725,1726
1725,1731
1726,6
1726,9
1726,1687
1726,1703
1726,1710
1726,1715
1726,1720
1726,1725
1726,1726
1726,1731
1726,1732
1727,1696
1727,1706
1727,1713
1727,1722
1727,1727
1727,1729
1727,1756
1727,1773
1727,1780
1727,1873
1728,1719
1728,1723
1728,1728
1728,1732
1728,1760
1728,1778
1728,1804
1729,6
1729,38
1729,1696
1729,1707
1729,1724
1729,1728
1729,1729
1729,1731
1729,1737
1729,1756
1729,1810
1730,1682
1730,1683
1730,1685
1730,1690
1730,1701
1730,1702
1730,1703
1730,1710
1730,1711
1730,1717
1730,1730
1731,6
1731,9
1731,38
1731,111
1731,113
1731,1615
1731,1626
1731,1651
1731,1684
1731,1691
1731,1715
1731,1716
1731,1720
1731,1721
1731,1723
1731,1724
1731,1727
1731,1731
1731,1756
1731,1812
1731,1841
1731,1892
1731,1973
1731,1975
1731,2129
1732,1696
1732,1713
1732,1719
1732,1722
1732,1738
1732,1750
1732,1756
1732,1780
1732,1786
1733,1687
1733,1694
1733,1695
1733,1700
1733,1712
1733,1729
1733,1733
1733,1993
1734,1663
1734,1683
1734,1686
1734,1690
1734,1692
1734,1710
1734,1718
1734,1735
1735,6
1735,38
1735,377
1735,1689
1735,1698
1735,1699
1735,1704
1735,1714
1735,1734
1735,1735
1736,1736
1736,1742
1736,1765
1736,1770
1736,2152
1737,116
1737,1728
1737,1737
1737,1747
1737,1753
1737,1754
1737,1764
1737,1776
1737,1785
1737,1864
1738,1738
1738,1747
1738,1751
1738,1776
1738,1777
1738,1781
1738,1812
1738,1843
1739,1739
1739,1747
1739,1759
1739,1783
1739,1787
1739,1912
1739,1978
1740,1740
1740,1741
1740,1742
1740,1749
1740,1766
1740,1769
1740,1773
1740,1775
1740,1782
1741,1739
1741,1741
1741,1745
1741,1750
1741,1751
1741,1758
1741,1766
1741,1789
1741,1792
1741,1831
1742,1736
1742,1742
1742,1743
1742,1746
1742,1758
1742,1761
1742,1762
1742,1783
1742,1785
1742,1845
1743,1722
1743,1738
1743,1743
1743,1744
1743,1752
1743,1755
1743,1760
1743,1786
1743,1793
1743,1930
1744,1744
1744,1750
1744,1752
1744,1755
1744,1760
1744,1775
1744,1777
1744,1796
1744,1800
1744,1837
1744,6104
1745,1742
1745,1743
1745,1745
1745,1746
1745,1758
1745,1761
1745,1765
1745,1770
1745,1771
1745,1774
1745,1778
1745,1792
1745,1854
1746,6
1746,113
1746,1751
1746,1756
1746,1763
1746,1776
1746,1780
1746,1788
1746,1789
1746,1792
1746,1820
1746,1996
1747,1727
1747,1747
1747,1748
1747,1753
1747,1764
1747,1776
1747,1778
1747,1781
1747,1783
1747,1784
1747,1786
1747,1788
1747,1790
1747,1842
1748,1728
1748,1737
1748,1740
1748,1747
1748,1748
1748,1767
1748,1784
1748,1922
1749,1740
1749,1744
1749,1749
1749,1750
1749,1761
1749,1766
1749,1767
1749,1773
1749,1774
1749,1818
1750,1723
1750,1741
1750,1766
1750,1770
1750,1773
1750,1774
1750,1777
1751,1741
1751,1751
1751,1757
1751,1762
1751,1763
1751,1765
1751,1771
1751,1779
1751,1789
1751,1826
1751,1893
1751,1916
1752,1744
1752,1748
1752,1759
1752,1768
1752,1793
1752,1796
1752,1821
1752,1823
1753,6
1753,1737
1753,1738
1753,1748
1753,1753
1753,1756
1753,1770
1753,1784
1753,1787
1753,1799
1753,2045
1754,1737
1754,1753
1754,1754
1754,1764
1754,1770
1754,1776
1754,1777
1754,1782
1754,1792
1754,1812
1755,1743
1755,1744
1755,1755
1755,1760
1755,1763
1755,1791
1755,1822
1755,1857
1755,1967
1756,6
1756,9
1756,38
1756,1696
1756,1706
1756,1723
1756,1729
1756,1731
1756,1746
1756,1749
1756,1778
1756,1780
1756,1799
1757,1706
1757,1746
1757,1751
1757,1757
1757,1763
1757,1769
1757,1770
1757,1792
1758,1742
1758,1745
1758,1747
1758,1749
1758,1751
1758,1758
1758,1761
1758,1766
1758,1770
1758,1771
1758,1775
1759,1732
1759,1752
1759,1760
1759,1766
1759,1772
1759,1794
1759,1795
1759,1937
1760,1743
1760,1744
1760,1759
1760,1767
1760,1768
1760,1777
1760,1786
1760,1796
1760,1825
1761,1740
1761,1741
1761,1747
1761,1750
1761,1758
1761,1765
1761,1766
1761,1767
1761,1784
1761,1800
1761,1863
1761,1897
1762,1736
1762,1746
1762,1757
1762,1769
1762,1771
1762,1778
1762,1779
1762,1981
1763,9
1763,111
1763,1741
1763,1742
1763,1746
1763,1750
1763,1751
1763,1757
1763,1762
1763,1763
1763,1771
1763,1785
1763,1792
1764,1738
1764,1753
1764,1754
1764,1756
1764,1757
1764,1762
1764,1781
1764,1783
1764,1784
1765,1713
1765,1741
1765,1745
1765,1746
1765,1763
1765,1789
1765,1792
1765,1817
1766,1748
1766,1749
1766,1761
1766,1773
1766,1785
1766,1787
1766,1801
1766,1930
1766,1981
1767,1736
1767,1749
1767,1750
1767,1761
1767,1767
1767,1774
1767,1787
1767,1792
1767,1796
1767,1913
1768,1743
1768,1768
1768,1772
1768,1773
1768,1775
1768,1784
1768,1791
1768,1793
1768,1799
1768,1813
1768,1924
1769,1746
1769,1751
1769,1756
1769,1757
1769,1767
1769,1769
1769,1776
1769,1779
1770,1736
1770,1745
1770,1758
1770,1761
1770,1765
1770,1770
1770,1772
1770,1785
1770,1908
1771,1741
1771,1746
1771,1758
1771,1762
1771,1763
1771,1769
1771,1771
1771,1811
1771,1909
1772,1760
1772,1772
1772,1775
1772,1786
1772,1791
1772,1793
1772,1797
1772,1799
1772,1809
1773,1740
1773,1749
1773,1750
1773,1765
1773,1767
1773,1782
1773,1792
1773,1923
1774,1740
1774,1752
1774,1758
1774,1759
1774,1761
1774,1765
1774,1773
1775,1760
1775,1775
1775,1786
1775,1791
1775,1966
1776,1737
1776,1739
1776,1747
1776,1753
1776,1754
1776,1776
1776,1783
1776,1790
1776,1818
1776,1820
1777,1728
1777,1737
1777,1744
1777,1777
1777,1781
1777,1782
1777,1783
1777,1787
1777,1799
1777,1834
1778,1706
1778,1722
1778,1728
1778,1748
1778,1756
1778,1778
1778,1779
1778,1788
1779,1723
1779,1727
1779,1728
1779,1751
1779,1753
1779,1763
1779,1771
1779,1781
1779,1793
1780,1696
1780,1713
1780,1728
1780,1729
1780,1777
1780,1778
1780,1784
1780,1938
1781,1737
1781,1739
1781,1748
1781,1764
1781,1770
1781,1776
1781,1781
1781,1782
1781,1858
1782,1739
1782,1776
1782,1777
1782,1782
1782,1784
1782,1790
1782,1804
1782,1820
1783,1739
1783,1748
1783,1754
1783,1783
1783,1787
1783,1790
1783,1795
1784,1737
1784,1747
1784,1764
1784,1767
1784,1782
1784,1785
1784,1790
1784,1818
1785,1740
1785,1742
1785,1745
1785,1756
1785,1763
1785,1766
1785,1770
1785,1785
1785,1800
1785,1835
1786,1752
1786,1755
1786,1760
1786,1761
1786,1775
1786,1800
1786,1922
1786,1938
1787,1738
1787,1739
1787,1754
1787,1764
1787,1775
1787,1777
1787,1783
1787,1787
1787,1806
1787,1925
1788,1719
1788,1757
1788,1764
1788,1769
1788,1780
1788,1788
1788,1862
1788,1884
1789,1742
1789,1761
1789,1765
1789,1772
1789,1785
1789,1789
1789,1792
1789,1854
1790,1738
1790,1745
1790,1747
1790,1753
1790,1780
1790,1781
1790,1783
1790,1784
1790,1787
1790,1790
1791,1738
1791,1760
1791,1768
1791,1775
1791,1786
1791,1791
1791,1795
1791,1822
1792,1740
1792,1745
1792,1749
1792,1763
1792,1766
1792,1773
1792,1782
1792,1792
1793,1785
1793,1791
1793,1795
1793,1797
1793,1815
1793,1826
1793,1924
1794,1749
1794,1769
1794,1793
1794,1794
1794,1795
1794,1796
1794,1798
1794,1799
1794,1826
1794,1860
1795,1768
1795,1772
1795,1793
1795,1795
1795,1797
1795,1800
1795,1809
1796,1751
1796,1759
1796,1794
1796,1795
1796,1800
1796,1812
1796,1841
1797,1743
1797,1752
1797,1759
1797,1786
1797,1794
1797,1796
1797,1800
1797,1807
1797,1808
1797,1830
1798,1798
1798,1799
1798,1806
1798,1815
1798,1826
1798,1836
1798,1915
1799,1722
1799,1748
1799,1759
1799,1794
1799,1796
1799,1798
1799,1812
1799,1862
1799,1916
1800,1719
1800,1743
1800,1755
1800,1763
1800,1782
1800,1791
1800,1795
1800,1798
1800,1800
1801,1746
1801,1753
1801,1811
1801,1814
1801,1815
1801,1817
1801,1818
1801,1821
1801,1824
1802,1802
1802,1804
1802,1807
1802,1811
1802,1812
1802,1819
1802,1822
1802,1900
1803,4
1803,1803
1803,1824
1803,1825
1803,1828
1803,1937
1804,1755
1804,1768
1804,1786
1804,1801
1804,1802
1804,1804
1804,1807
1804,1808
1804,1810
1804,1821
1805,1807
1805,1808
1805,1811
1805,1815
1805,1819
1805,1824
1805,1897
1806,4
1806,6
1806,1731
1806,1799
1806,1804
1806,1806
1806,1812
1806,1823
1806,1825
1806,1864
1806,1961
1807,1752
1807,1802
1807,1804
1807,1821
1807,1833
1807,1842
1808,1805
1808,1808
1808,1813
1808,1817
1808,1820
1808,1838
1808,1841
1808,1897
1809,1797
1809,1805
1809,1810
1809,1814
1809,1821
1809,1834
1809,1837
1809,1839
1809,1922
1810,1805
1810,1809
1810,1811
1810,1813
1810,1814
1810,1819
1810,1822
1810,1916
1810,1924
1811,1798
1811,1801
1811,1805
1811,1810
1811,1817
1811,1818
1811,1824
1811,1832
1811,1841
1811,1893
1812,6
1812,9
1812,38
1812,111
1812,1615
1812,1651
1812,1731
1812,1753
1812,1785
1812,1798
1812,1806
1812,1812
1812,1823
1812,1826
1812,1887
1812,1889
1812,1945
1812,1976
1813,1744
1813,1805
1813,1808
1813,1810
1813,1814
1813,1822
1813,1981
1814,1736
1814,1791
1814,1807
1814,1808
1814,1811
1814,1814
1814,1822
1814,1830
1814,1838
1814,1916
1815,1801
1815,1803
1815,1811
1815,1817
1815,1820
1815,1822
1815,1829
1816,1802
1816,1804
1816,1819
1816,1821
1816,2150
1817,1729
1817,1743
1817,1801
1817,1814
1817,1815
1817,1816
1817,1817
1817,1820
1817,1833
1818,1746
1818,1805
1818,1818
1818,1819
1818,1823
1818,1824
1818,1835
1819,1802
1819,1804
1819,1807
1819,1816
1819,1819
1820,1731
1820,1761
1820,1790
1820,1801
1820,1811
1820,1813
1820,1815
1820,1818
1820,1820
1821,1719
1821,1804
1821,1805
1821,1809
1821,1810
1821,1813
1821,1815
1821,1893
1821,1948
1822,1750
1822,1755
1822,1807
1822,1809
1822,1813
1822,1819
1822,1821
1822,1822
1822,1915
1823,1779
1823,1818
1823,1820
1823,1823
1823,1824
1823,1825
1823,1857
1824,1771
1824,1801
1824,1803
1824,1806
1824,1811
1824,1812
1824,1815
1824,1823
1825,4
1825,1803
1825,1806
1825,1824
1826,1752
1826,1759
1826,1794
1826,1798
1826,1799
1826,1806
1826,1823
1826,1826
1826,1827
1827,1808
1827,1827
1827,1829
1827,1831
1827,1837
1827,1838
1827,1841
1827,1843
1827,1864
1828,1760
1828,1808
1828,1823
1828,1829
1828,1840
1828,1843
1829,1774
1829,1810
1829,1829
1829,1832
1829,1835
1829,1838
1829,1841
1829,1892
1829,1915
1830,1828
1830,1829
1830,1830
1830,1834
1830,1841
1830,1929
1830,1930
1831,1813
1831,1831
1831,1834
1831,1837
1831,1838
1831,1839
1831,1842
1831,1843
1832,111
1832,1829
1832,1833
1832,1835
1832,1841
1832,1842
1832,1857
1832,1891
1832,1936
1832,1978
1833,1787
1833,1809
1833,1827
1833,1829
1833,1833
1833,1842
1833,1843
1834,1795
1834,1827
1834,1831
1834,1833
1834,1835
1834,1836
1834,1837
1834,1838
1834,1842
1835,4
1835,1752
1835,1817
1835,1827
1835,1829
1835,1830
1835,1833
1835,1835
1835,1836
1835,1840
1835,1929
1835,1976
1836,1779
1836,1794
1836,1827
1836,1830
1836,1833
1836,1834
1836,1836
1836,1839
1836,1840
1837,1706
1837,1809
1837,1828
1837,1834
1837,1839
1837,1840
1837,1841
1837,1843
1838,1806
1838,1826
1838,1831
1838,1836
1838,1837
1838,1839
1838,1842
1839,1796
1839,1799
1839,1834
1839,1836
1839,1837
1839,1838
1839,1839
1839,1936
1840,1828
1840,1830
1840,1838
1840,1840
1840,1842
1840,1857
1840,1885
1840,1952
1841,6
1841,1752
1841,1758
1841,1830
1841,1832
1841,1835
1841,1840
1841,1841
1841,1857
1841,1929
1842,1827
1842,1830
1842,1831
1842,1835
1842,1839
1842,1840
1842,1841
1842,1842
1843,1741
1843,1755
1843,1809
1843,1821
1843,1827
1843,1831
1843,1836
1843,1838
1843,1862
1844,1871
1844,1894
1844,1921
1844,1972
1844,1986
1844,2153
1845,1845
1845,1870
1845,1908
1845,1911
1845,1954
1845,1975
1846,1940
1846,1979
1846,2155
1847,6
1847,1847
1847,1900
1847,1907
1847,1939
1847,1947
1847,1967
1847,1975
1848,6
1848,76
1848,1848
1848,1883
1848,1895
1848,1903
1848,1917
1848,1944
1848,1968
1848,1969
1849,1849
1849,1850
1849,1851
1849,1866
1849,1894
1849,1898
1849,1931
1849,1955
1850,6
1850,38
1850,1849
1850,1850
1850,1851
1850,1852
1850,1931
1850,1957
1850,1963
1851,1846
1851,1851
1851,1886
1851,1926
1851,1932
1851,1957
1851,1958
1852,1853
1852,1955
1853,1853
1853,1886
1853,1932
1853,1945
1853,1951
1854,1860
1854,1861
1854,1864
1854,1913
1854,1938
1855,1855
1855,1881
1855,1884
1855,1887
1855,1904
1855,1910
1855,1956
1855,1964
1856,1881
1856,1889
1856,1947
1856,1960
1856,1964
1857,4
1857,6
1857,38
1857,1829
1857,1835
1857,1841
1857,1857
1857,1891
1857,1892
1857,1915
1857,1936
1858,1857
1858,1858
1858,1875
1858,1902
1858,1920
1858,1939
1858,1978
1858,1981
1859,1859
1859,1865
1859,1876
1859,2051
1859,2079
1860,1756
1860,1771
1860,1834
1860,1854
1860,1860
1860,1893
1860,1914
1860,1938
1861,1836
1861,1837
1861,1860
1861,1864
1861,1897
1861,1914
1861,1948
1861,1977
1862,1783
1862,1843
1862,1854
1862,1864
1862,1913
1862,1929
1862,1930
1862,1962
1862,1978
1863,1765
1863,1873
1863,1874
1863,1897
1863,1937
1863,1961
1864,1790
1864,1794
1864,1827
1864,1839
1864,1854
1864,1860
1864,1861
1864,1863
1864,1864
1865,1865
1865,1878
1865,1926
1865,1942
1865,1943
1865,2063
1866,1867
1866,1895
1866,1898
1866,1921
1866,1932
1866,1958
1866,1972
1866,2085
1867,6
1867,1698
1867,1867
1867,1882
1867,1906
1867,1959
1867,1973
1867,1986
1868,1865
1868,1918
1868,1998
1868,2044
1868,2063
1868,2107
1869,1855
1869,1869
1869,1870
1869,1934
1869,1956
1869,1964
1870,1869
1870,1870
1870,1907
1870,1908
1870,1911
1870,1953
1870,1960
1870,1961
1870,1962
1871,1928
1871,1959
1872,1872
1872,1895
1872,1918
1872,1941
1872,1945
1872,1969
1873,1696
1873,1863
1873,1874
1873,1914
1873,1922
1873,1937
1873,1976
1873,1978
1874,1741
1874,1830
1874,1843
1874,1863
1874,1873
1874,1874
1874,1923
1874,1948
1874,1967
1874,1976
1875,1781
1875,1858
1875,1875
1875,1900
1875,1925
1875,1976
1876,1849
1876,1859
1877,1876
1877,1877
1877,1878
1877,1926
1877,1943
1878,1877
1878,1878
1878,1879
1878,1927
1878,1998
1878,2021
1878,2079
1878,2117
1879,6
1879,9
1879,1868
1879,1878
1879,1879
1879,1880
1879,1942
1879,1943
1879,2051
1879,2079
1879,2106
1879,2107
1879,2108
1880,1849
1880,1850
1880,1851
1880,1880
1880,1886
1880,1899
1880,1910
1880,1917
1880,1957
1880,1963
1880,1985
1881,1762
1881,1855
1881,1856
1881,1869
1881,1881
1881,1884
1881,1889
1881,1966
1882,1866
1882,1888
1882,1894
1882,1906
1882,1918
1882,1928
1882,1986
1883,1877
1883,1906
1883,1941
1884,1783
1884,1887
1884,1889
1884,1964
1884,1974
1885,1830
1885,1862
1885,1875
1885,1885
1885,1936
1885,1967
1885,1977
1886,6
1886,1695
1886,1852
1886,1853
1886,1880
1886,1899
1886,1910
1886,1944
1886,1949
1886,1950
1886,1951
1886,1983
1887,6
1887,111
1887,1736
1887,1887
1887,1890
1887,1947
1887,1949
1887,1964
1887,1966
1888,1848
1888,1866
1888,1888
1888,1946
1888,1959
1888,1971
1888,1973
1889,9
1889,113
1889,1855
1889,1856
1889,1869
1889,1887
1889,1919
1889,1945
1889,1950
1889,1974
1890,1855
1890,1869
1890,1889
1890,1890
1890,1904
1890,1934
1891,1801
1891,1813
1891,1832
1891,1854
1891,1857
1891,1863
1891,1891
1891,1915
1891,1916
1891,1924
1891,1930
1892,1773
1892,1832
1892,1875
1892,1885
1892,1891
1892,1892
1892,1897
1892,1915
1892,1976
1893,1724
1893,1744
1893,1827
1893,1860
1893,1862
1893,1893
1893,1916
1893,1938
1893,1976
1893,1977
1894,1894
1894,1896
1894,1905
1894,1906
1894,1928
1894,1946
1894,1959
1894,1968
1894,1969
1894,1972
1894,1984
1895,6
1895,38
1895,1848
1895,1896
1895,1903
1895,1918
1895,1921
1895,1969
1895,1973
1895,1984
1895,1999
1896,1894
1896,1896
1896,1941
1896,1942
1896,1968
1896,1969
1896,1983
1897,1756
1897,1788
1897,1862
1897,1893
1897,1914
1897,1915
1897,1924
1897,1930
1897,2131
1898,1849
1898,1880
1898,1932
1898,1957
1898,1963
1898,2148
1899,1898
1899,1899
1899,1933
1899,1957
1899,2145
1900,1847
1900,1900
1900,1901
1900,1939
1900,1967
1901,1901
1901,1902
1901,1908
1901,1920
1901,1970
1902,1858
1902,1892
1902,1902
1902,1925
1902,1970
1902,1978
1902,1981
1903,1848
1903,1872
1903,1903
1903,1917
1903,1918
1903,1979
1904,6
1904,1615
1904,1855
1904,1884
1904,1887
1904,1890
1904,1904
1904,1956
1904,1964
1904,2096
1905,1844
1905,1946
1905,1959
1905,1971
1905,1973
1905,1984
1905,1986
1906,1882
1906,1905
1906,1906
1906,1921
1906,1928
1906,1971
1906,1973
1906,1984
1906,5401
1907,1907
1907,1925
1907,1961
1907,1966
1907,1975
1907,2079
1908,6
1908,113
1908,1870
1908,1907
1908,1908
1908,1911
1908,1952
1908,1956
1908,1961
1908,1975
1909,1858
1909,1939
1910,1880
1910,1889
1910,1940
1910,1949
1910,1951
1910,1980
1910,1983
1911,1845
1911,1908
1911,1909
1911,1912
1911,1939
1911,1961
1911,1962
1911,1970
1911,1975
1912,1845
1912,1911
1912,1978
1913,1805
1913,1861
1913,1862
1913,1913
1913,1914
1913,1922
1914,1743
1914,1787
1914,1797
1914,1854
1914,1873
1914,1897
1914,1913
1914,1930
1914,1948
1915,1756
1915,1814
1915,1822
1915,1891
1915,1892
1915,1897
1915,1915
1915,1916
1915,1936
1916,1793
1916,1810
1916,1857
1916,1891
1916,1892
1916,1914
1916,1916
1916,1920
1916,1923
1917,38
1917,1685
1917,1848
1917,1872
1917,1883
1917,1895
1917,1917
1917,1941
1917,1944
1917,1968
1917,2035
1918,1872
1918,1879
1918,1895
1918,1903
1918,1917
1918,1918
1918,1969
1918,2079
1918,2151
1919,1846
1919,1856
1919,1910
1919,1950
1919,1979
1919,1985
1920,1875
1920,1891
1920,1920
1920,1935
1920,1970
1921,1844
1921,1867
1921,1888
1921,1905
1921,1921
1921,1946
1921,1959
1921,1972
1921,1986
1921,2051
1922,1861
1922,1897
1922,1914
1922,1922
1922,1923
1922,1924
1923,1732
1923,1862
1923,1893
1923,1915
1923,1922
1923,1923
1923,1924
1923,1930
1923,1977
1924,1810
1924,1816
1924,1826
1924,1864
1924,1916
1924,1922
1924,1923
1924,1924
1924,1938
1925,38
1925,113
1925,1737
1925,1847
1925,1875
1925,1900
1925,1925
1925,1970
1925,1978
1926,1848
1926,1872
1926,1878
1926,1942
1926,1943
1926,2079
1927,1942
1927,1943
1927,1998
1927,2042
1928,1888
1928,1894
1928,1896
1928,1906
1928,1928
1928,1984
1929,1729
1929,1774
1929,1805
1929,1929
1929,1935
1929,1976
1929,1981
1930,1768
1930,1807
1930,1863
1930,1873
1930,1913
1930,1916
1930,1948
1931,1849
1931,1850
1931,1865
1931,1866
1931,1880
1931,1931
1931,1963
1932,9
1932,1849
1932,1850
1932,1851
1932,1867
1932,1932
1932,1933
1932,1946
1932,1963
1932,1973
1932,2110
1932,2128
1933,1851
1933,1880
1933,1921
1933,1932
1933,2088
1934,1881
1934,1890
1934,2074
1935,1724
1935,1847
1935,1858
1935,1875
1935,1915
1935,1935
1935,1937
1935,1962
1935,1967
1935,1975
1935,1978
1936,1815
1936,1832
1936,1857
1937,1786
1937,1860
1937,1862
1937,1873
1937,1874
1937,1935
1937,1977
1938,1758
1938,1833
1938,1854
1938,1860
1938,1885
1938,1893
1938,1923
1938,1938
1939,1845
1939,1847
1939,1900
1939,1902
1939,1908
1939,1909
1939,1939
1940,1853
1940,1883
1940,1919
1940,1940
1940,1945
1940,1957
1940,1985
1941,1848
1941,1894
1941,1918
1941,1927
1941,1969
1941,2073
1942,1865
1942,1868
1942,1877
1942,1918
1942,1926
1942,1927
1942,1941
1942,1942
1942,2049
1942,2052
1942,2079
1943,1865
1943,1868
1943,1876
1943,1879
1943,1926
1943,1942
1943,1959
1943,2014
1943,2079
1944,1848
1944,1882
1944,1918
1945,6
1945,9
1945,1880
1945,1919
1945,1940
1945,1945
1945,1963
1945,1978
1945,1979
1945,2107
1946,1882
1946,1888
1946,1895
1946,1951
1946,1971
1946,1973
1946,1984
1947,1745
1947,1966
1947,1974
1948,1769
1948,1797
1948,1861
1948,1897
1948,1924
1948,1930
1948,1937
1948,1938
1948,1948
1949,1853
1949,1919
1949,1949
1949,1950
1949,1951
1949,1985
1950,1846
1950,1853
1950,1886
1950,1910
1950,1945
1950,1950
1950,1951
1950,1958
1950,1979
1950,1983
1950,2118
1951,1880
1951,1910
1951,1919
1951,1945
1951,1951
1951,1955
1951,1957
1951,1973
1951,1979
1951,1983
1951,1985
1952,1847
1952,1863
1952,1954
1953,1911
1953,1954
1953,1964
1954,1904
1954,1908
1954,1952
1954,1953
1954,1956
1954,1974
1955,1850
1955,1852
1955,1886
1955,1951
1955,1955
1955,1958
1956,1856
1956,1869
1956,1870
1956,1945
1956,1954
1956,1956
1956,1964
1956,1966
1956,1974
1957,9
1957,1850
1957,1880
1957,1886
1957,1931
1957,1933
1957,1950
1957,1951
1957,1957
1957,1958
1957,1959
1958,1851
1958,1880
1958,1894
1958,1898
1958,1949
1958,1955
1958,1958
1959,9
1959,1867
1959,1888
1959,1894
1959,1895
1959,1906
1959,1932
1959,1941
1959,1959
1959,1972
1959,1976
1959,1984
1960,1870
1960,1881
1960,1908
1960,1911
1960,1960
1961,111
1961,113
1961,1845
1961,1870
1961,1887
1961,1960
1961,1961
1961,1975
1962,1845
1962,1861
1962,1912
1962,1961
1962,1962
1963,1850
1963,1866
1963,1898
1963,1899
1963,1932
1963,1963
1963,2149
1964,1741
1964,1856
1964,1904
1964,1956
1964,1964
1964,1965
1964,1966
1965,1855
1965,1856
1965,1974
1966,1881
1966,1884
1966,1889
1966,1904
1966,1919
1966,1954
1966,1964
1966,1965
1966,1966
1967,1696
1967,1781
1967,1832
1967,1900
1967,1935
1967,1967
1967,1970
1967,1976
1968,1848
1968,1872
1968,1896
1968,1917
1968,1918
1968,1926
1968,1968
1968,1969
1968,2014
1969,1848
1969,1895
1969,1896
1969,1903
1969,1917
1969,1918
1969,1968
1969,1969
1970,6
1970,38
1970,1847
1970,1858
1970,1901
1970,1902
1970,1920
1970,1967
1970,1970
1970,1981
1971,1844
1971,1888
1971,1905
1971,1906
1971,1971
1971,1972
1971,1984
1971,1986
1971,1998
1972,6
1972,38
1972,1844
1972,1867
1972,1894
1972,1921
1972,1928
1972,1972
1972,1973
1972,1984
1973,38
1973,1844
1973,1859
1973,1867
1973,1882
1973,1933
1973,1959
1973,1971
1973,1972
1973,1973
1973,1984
1973,1986
1973,2029
1974,6
1974,1869
1974,1887
1974,1904
1974,1953
1974,1954
1974,1956
1974,1964
1974,1974
1975,38
1975,1615
1975,1626
1975,1760
1975,1806
1975,1812
1975,1870
1975,1889
1975,1907
1975,1908
1975,1911
1975,1962
1975,1964
1975,1974
1975,1975
1976,6
1976,1615
1976,1723
1976,1731
1976,1812
1976,1863
1976,1885
1976,1929
1976,1935
1976,1976
1976,1978
1977,1863
1977,1869
1977,1885
1977,1913
1977,1924
1977,1929
1977,1937
1977,1967
1978,6
1978,1754
1978,1796
1978,1835
1978,1862
1978,1873
1978,1885
1978,1902
1978,1925
1978,1935
1978,1937
1978,1977
1979,1910
1979,1927
1979,1940
1979,1950
1979,1979
1979,1980
1979,1982
1979,1985
1980,1886
1980,1899
1980,1950
1981,1758
1981,1892
1981,1901
1981,1920
1981,1935
1981,1937
1981,1976
1981,1977
1981,1978
1982,1889
1982,1983
1982,2139
1983,9
1983,1886
1983,1910
1983,1931
1983,1949
1983,1950
1983,1951
1983,1957
1983,1979
1983,1983
1983,2112
1984,1867
1984,1871
1984,1894
1984,1895
1984,1896
1984,1905
1984,1906
1984,1921
1984,1932
1984,1959
1984,1971
1984,1984
1985,1951
1985,1980
1985,1982
1985,1983
1985,1985
1986,1844
1986,1866
1986,1882
1986,1905
1986,1921
1986,1946
1986,1959
1986,1973
1986,1986
1987,1987
1987,2018
1987,2060
1987,2061
1987,2092
1987,2119
1988,2002
1988,2020
1988,2080
1988,2085
1988,2086
1988,2097
1988,2115
1989,1904
1989,2020
1989,2033
1989,2065
1989,2115
1989,2116
1990,1990
1990,1991
1990,1994
1990,2003
1990,2011
1990,2071
1990,2095
1990,2096
1990,2121
1991,1990
1991,1991
1991,1992
1991,2023
1991,2069
1991,2071
1991,2095
1991,2096
1991,2111
1992,1990
1992,1991
1992,1992
1992,2019
1992,2043
1992,2096
1992,2121
1993,1993
1993,2001
1993,2056
1993,2066
1993,2088
1993,2111
1993,2137
1994,1934
1994,1994
1994,1995
1994,2011
1994,2069
1994,2093
1994,2121
1995,9
1995,38
1995,1990
1995,1994
1995,1995
1995,2011
1995,2050
1995,2095
1995,2104
1996,6
1996,9
1996,38
1996,1733
1996,1993
1996,1996
1996,2025
1996,2074
1996,2088
1996,2141
1997,1997
1997,2030
1997,2064
1997,2065
1997,2115
1998,1868
1998,1879
1998,1942
1998,1998
1998,2041
1998,2052
1998,2063
1998,2079
1998,2106
1998,2112
1999,6
1999,9
1999,38
1999,1999
1999,2008
1999,2035
1999,2045
1999,2048
1999,2063
1999,2082
1999,2092
1999,2100
1999,2105
2000,1991
2000,1992
2000,1995
2000,2046
2000,2069
2000,2071
2000,2093
2001,2016
2001,2028
2001,2033
2001,2036
2001,2088
2001,2142
2002,1990
2002,2001
2002,2002
2002,2003
2002,2015
2002,2025
2002,2026
2002,2033
2002,2072
2002,2111
2003,6
2003,1735
2003,2001
2003,2002
2003,2016
2003,2025
2003,2033
2003,2111
2003,2135
2004,1997
2004,2004
2004,2006
2004,2023
2004,2034
2004,2038
2004,2039
2004,2050
2004,2057
2004,2071
2004,2113
2005,2005
2005,2022
2005,2024
2005,2058
2005,2070
2005,2089
2005,2109
2005,2114
2005,2124
2006,2006
2006,2012
2006,2066
2006,2071
2006,2103
2006,2113
2006,2119
2006,2120
2007,2004
2007,2053
2007,2066
2007,2103
2007,2116
2008,1931
2008,2008
2008,2021
2008,2032
2008,2045
2008,2061
2008,2063
2008,2101
2008,2102
2008,2118
2009,1987
2009,2009
2009,2010
2009,2027
2009,2031
2009,2041
2009,2042
2009,2049
2009,2059
2009,2061
2009,2067
2009,2102
2009,2103
2010,9
2010,1886
2010,1995
2010,2005
2010,2009
2010,2010
2010,2029
2010,2031
2010,2091
2010,2102
2010,2119
2011,1991
2011,1995
2011,2011
2011,2030
2011,2055
2011,2065
2011,2104
2012,2007
2012,2012
2012,2013
2012,2024
2012,2037
2012,2122
2013,2012
2013,2013
2013,2039
2013,2094
2013,2098
2013,2103
2014,1999
2014,2008
2014,2014
2014,2021
2014,2035
2014,2051
2014,2108
2014,2109
2015,1988
2015,2002
2015,2016
2015,2026
2015,2085
2015,2088
2016,6
2016,9
2016,38
2016,2003
2016,2015
2016,2017
2016,2025
2016,2033
2016,2084
2016,2111
2017,2002
2017,2017
2017,2023
2017,2054
2017,2071
2017,2093
2017,2095
2018,1987
2018,2010
2018,2029
2018,2031
2018,2109
2018,2114
2018,2123
2019,2043
2019,2047
2019,2121
2020,1988
2020,1989
2020,1997
2020,2011
2020,2020
2020,2036
2020,2064
2020,2065
2020,2115
2021,1972
2021,2021
2021,2051
2021,2092
2021,2106
2021,2108
2022,9
2022,94
2022,2022
2022,2023
2022,2024
2022,2058
2022,2073
2022,2090
2022,2110
2022,2125
2023,1995
2023,2017
2023,2023
2023,2069
2023,2071
2023,2089
2023,2096
2024,2005
2024,2012
2024,2022
2024,2024
2024,2045
2024,2070
2024,2089
2024,2098
2024,2124
2025,1996
2025,2001
2025,2002
2025,2003
2025,2036
2025,2111
2026,1996
2026,2003
2026,2015
2026,2025
2026,2033
2026,2111
2027,2009
2027,2027
2027,2032
2027,2042
2027,2045
2027,2048
2027,2049
2027,2091
2027,2099
2028,2002
2028,2016
2028,2028
2028,2047
2028,2111
2029,6
2029,1710
2029,2009
2029,2010
2029,2018
2029,2029
2029,2061
2029,2114
2029,2123
2029,2125
2030,1988
2030,1997
2030,2007
2030,2030
2030,2033
2030,2055
2030,2065
2030,2080
2030,2081
2030,2115
2031,1987
2031,2039
2031,2041
2031,2045
2031,2060
2031,2100
2032,2027
2032,2031
2032,2041
2032,2099
2033,2001
2033,2002
2033,2016
2033,2025
2033,2026
2033,2028
2033,2033
2033,2036
2033,2064
2033,2111
2034,2050
2034,2053
2034,2054
2034,2103
2035,1942
2035,1943
2035,2051
2035,2062
2035,2106
2035,2117
2035,2137
2036,1988
2036,1989
2036,2003
2036,2015
2036,2064
2036,2086
2037,6
2037,9
2037,2012
2037,2037
2037,2039
2037,2071
2037,2089
2037,2098
2038,2038
2038,2068
2038,2103
2038,2120
2039,2009
2039,2039
2039,2050
2039,2066
2039,2103
2040,2038
2040,2040
2040,2053
2040,2054
2040,2057
2041,2009
2041,2018
2041,2031
2041,2041
2041,2059
2041,2099
2041,2107
2041,2119
2042,2009
2042,2010
2042,2027
2042,2032
2042,2042
2042,2044
2042,2045
2042,2048
2043,2023
2043,2047
2043,2094
2043,2095
2044,2008
2044,2032
2044,2037
2044,2042
2044,2045
2045,6
2045,1841
2045,1999
2045,2008
2045,2010
2045,2044
2045,2045
2045,2049
2045,2063
2045,2090
2045,2101
2046,2063
2046,2078
2046,2103
2047,1992
2047,2000
2047,2019
2047,2043
2047,2047
2048,6
2048,1877
2048,2032
2048,2042
2048,2045
2048,2048
2048,2063
2048,2100
2048,2101
2049,1868
2049,1999
2049,2008
2049,2045
2049,2049
2049,2063
2049,2091
2050,2034
2050,2078
2050,2095
2050,2103
2050,2113
2051,1871
2051,1998
2051,1999
2051,2014
2051,2051
2051,2052
2051,2063
2051,2092
2051,2107
2051,2112
2051,2117
2052,1865
2052,1943
2052,1999
2052,2008
2052,2092
2052,2108
2052,2112
2052,2118
2052,2125
2053,2004
2053,2007
2053,2034
2053,2050
2053,2053
2053,2054
2053,2060
2053,2120
2054,2004
2054,2034
2054,2038
2054,2039
2054,2053
2054,2054
2054,2066
2054,2071
2054,2096
2054,2103
2054,2120
2055,6
2055,1995
2055,1997
2055,2020
2055,2030
2055,2080
2055,2104
2055,2115
2055,2116
2056,2074
2056,2075
2056,2076
2056,2077
2056,2084
2056,2104
2056,2143
2057,2004
2057,2037
2057,2078
2058,2005
2058,2022
2058,2058
2058,2070
2058,2091
2058,2097
2058,2109
2059,2029
2059,2041
2059,2052
2059,2059
2059,2060
2059,2061
2059,2119
2060,2006
2060,2009
2060,2029
2060,2041
2060,2060
2060,2073
2060,2119
2061,2009
2061,2018
2061,2027
2061,2029
2061,2032
2061,2045
2061,2059
2061,2060
2061,2061
2061,2101
2062,1971
2062,2035
2062,2051
2063,1999
2063,2008
2063,2010
2063,2014
2063,2027
2063,2035
2063,2041
2063,2048
2063,2051
2063,2052
2063,2061
2063,2063
2063,2071
2063,2092
2064,1989
2064,2016
2064,2020
2064,2036
2064,2064
2064,2065
2064,2116
2065,1988
2065,1997
2065,2015
2065,2040
2065,2055
2065,2064
2065,2080
2065,2085
2066,2007
2066,2034
2066,2050
2066,2054
2066,2056
2066,2066
2066,2103
2067,2005
2067,2018
2067,2059
2067,2067
2067,2068
2067,2097
2067,2110
2067,2114
2068,2018
2068,2022
2068,2067
2068,2110
2068,2114
2068,2124
2068,2125
2069,1991
2069,1994
2069,2000
2069,2023
2069,2069
2069,2071
2069,2095
2069,2122
2070,2005
2070,2068
2070,2070
2070,2073
2070,2089
2070,2124
2070,2125
2071,1991
2071,1992
2071,2000
2071,2017
2071,2023
2071,2040
2071,2069
2071,2070
2071,2071
2071,2093
2071,2095
2071,2098
2071,2104
2071,2121
2072,2036
2072,2064
2072,2086
2073,2058
2073,2067
2073,2070
2073,2073
2073,2097
2073,2102
2073,2124
2074,2056
2074,2074
2074,2076
2074,2077
2074,2082
2074,2088
2075,2075
2075,2076
2075,2083
2075,2084
2075,2115
2075,2128
2075,2141
2076,2056
2076,2074
2076,2075
2076,2076
2076,2077
2076,2084
2077,1996
2077,2076
2077,2077
2077,2082
2077,2084
2077,2087
2077,2088
2078,1988
2078,1990
2078,2046
2078,2053
2078,2057
2078,2078
2079,1865
2079,1878
2079,1927
2079,1943
2079,1998
2079,1999
2079,2051
2079,2092
2079,2107
2080,1989
2080,1997
2080,2030
2080,2081
2080,2086
2080,2115
2080,2116
2080,2130
2081,2072
2081,2083
2081,2116
2082,1720
2082,1950
2082,2075
2082,2076
2082,2077
2082,2082
2082,2087
2083,1993
2083,2077
2083,2084
2083,2132
2083,2144
2083,2148
2083,2151
2083,2156
2084,1855
2084,2056
2084,2074
2084,2075
2084,2082
2084,2087
2085,1890
2085,2033
2085,2055
2085,2065
2085,2085
2086,1988
2086,2020
2086,2065
2086,2080
2086,2093
2087,2075
2087,2076
2087,2081
2087,2082
2087,2083
2087,2087
2087,2133
2088,7
2088,1982
2088,1996
2088,2083
2088,2087
2088,2088
2088,2111
2088,2155
2089,1991
2089,2005
2089,2022
2089,2024
2089,2070
2089,2089
2090,1992
2090,2024
2090,2098
2091,2008
2091,2010
2091,2024
2091,2048
2091,2049
2091,2091
2091,2099
2092,1878
2092,1998
2092,1999
2092,2051
2092,2052
2092,2059
2092,2063
2092,2092
2093,1992
2093,2000
2093,2019
2093,2069
2093,2071
2093,2096
2094,2012
2094,2013
2094,2037
2095,1992
2095,2000
2095,2006
2095,2017
2095,2020
2095,2022
2095,2069
2095,2071
2095,2095
2096,1990
2096,2004
2096,2023
2096,2071
2096,2078
2096,2096
2096,2144
2097,2024
2097,2086
2097,2089
2097,2109
2097,2114
2098,2012
2098,2013
2098,2027
2098,2037
2098,2094
2098,2098
2099,1942
2099,2009
2099,2045
2099,2048
2099,2061
2099,2091
2099,2100
2100,1999
2100,2049
2100,2063
2100,2099
2100,2100
2100,2101
2101,2008
2101,2027
2101,2042
2101,2061
2101,2099
2101,2100
2101,2102
2102,6
2102,113
2102,1999
2102,2014
2102,2049
2102,2101
2102,2102
2103,2006
2103,2007
2103,2034
2103,2039
2103,2040
2103,2050
2103,2053
2103,2054
2103,2061
2103,2066
2103,2078
2103,2103
2103,2113
2103,2121
2104,1995
2104,2011
2104,2020
2104,2030
2104,2104
2104,2121
2104,2122
2105,2014
2105,2021
2105,2108
2106,1859
2106,1998
2106,2035
2106,2105
2106,2108
2107,6
2107,38
2107,1879
2107,2062
2107,2079
2107,2108
2107,2112
2108,1878
2108,1879
2108,1926
2108,2021
2108,2035
2108,2063
2108,2079
2108,2106
2108,2108
2109,1941
2109,2068
2109,2090
2109,2109
2109,2114
2109,2123
2109,2124
2110,6
2110,1957
2110,2005
2110,2018
2110,2024
2110,2046
2110,2058
2110,2097
2110,2110
2110,2114
2111,1993
2111,1996
2111,2002
2111,2003
2111,2016
2111,2025
2111,2026
2111,2028
2111,2111
2112,2014
2112,2051
2112,2052
2112,2079
2112,2114
2112,2118
2113,2004
2113,2006
2113,2040
2113,2053
2113,2080
2113,2103
2113,2113
2113,2120
2114,6
2114,9
2114,1987
2114,2029
2114,2059
2114,2067
2114,2068
2114,2070
2114,2109
2114,2110
2114,2114
2114,2123
2114,2124
2114,2125
2115,2020
2115,2030
2115,2055
2115,2064
2115,2080
2115,2087
2115,2116
2116,1989
2116,2011
2116,2030
2116,2055
2116,2080
2116,2104
2116,2113
2117,1903
2117,2052
2117,2101
2117,2107
2118,2052
2118,2117
2119,1987
2119,2004
2119,2010
2119,2018
2119,2067
2119,2119
2119,2123
2120,2004
2120,2037
2120,2038
2120,2054
2120,2066
2120,2103
2120,2120
2121,1991
2121,1993
2121,1994
2121,1995
2121,2071
2121,2096
2122,2010
2122,2093
2122,2104
2123,2062
2123,2068
2123,2110
2123,2114
2123,2125
2124,2024
2124,2054
2124,2058
2124,2067
2124,2097
2124,2098
2124,2110
2124,2124
2125,2029
2125,2060
2125,2067
2125,2070
2125,2073
2125,2109
2125,2114
2125,2120
2127,1935
2127,2127
2127,2129
2127,2149
2127,2150
2127,2155
2127,5388
2128,1958
2128,2128
2128,2138
2128,2142
2128,2148
2128,2149
2128,2155
2129,1981
2129,2127
2129,2129
2129,2131
2129,2150
2129,2152
2129,2155
2129,5356
2129,6096
2130,2130
2130,2133
2130,2136
2130,2141
2130,2143
2130,2146
2131,1811
2131,2129
2131,2131
2131,2152
2131,2156
2131,5394
2131,6096
2132,2056
2132,2132
2132,2133
2132,2143
2132,2144
2132,2148
2132,2153
2133,1866
2133,2133
2133,2134
2133,2135
2133,2139
2133,2153
2134,2134
2134,2138
2134,2139
2134,2141
2134,2146
2135,2135
2135,2140
2135,2141
2135,2142
2135,2145
2135,2149
2135,2152
2136,2008
2136,2130
2136,2133
2136,2141
2136,2143
2136,2144
2136,2153
2137,1697
2137,1905
2137,2128
2137,2135
2137,2142
2137,2152
2137,2156
2138,2084
2138,2130
2138,2137
2138,2138
2138,2140
2138,2145
2138,2153
2139,2083
2139,2132
2139,2134
2139,2138
2139,2139
2139,2149
2139,2153
2140,2026
2140,2140
2140,2145
2140,2150
2140,2152
2140,2155
2140,2156
2141,1994
2141,2083
2141,2130
2141,2136
2141,2141
2141,2144
2141,2151
2142,1867
2142,2127
2142,2129
2142,2138
2142,2139
2142,2145
2142,2146
2142,2149
2143,2064
2143,2075
2143,2083
2143,2130
2143,2136
2143,2142
2143,2143
2143,2148
2144,2072
2144,2130
2144,2132
2144,2136
2144,2139
2144,2143
2144,2144
2144,2151
2145,2131
2145,2132
2145,2136
2145,2142
2145,2146
2145,2151
2145,2155
2146,2128
2146,2134
2146,2135
2146,2138
2146,2142
2146,2145
2146,2146
2148,2132
2148,2134
2148,2136
2148,2143
2148,2148
2148,2156
2148,6107
2149,1955
2149,2083
2149,2127
2149,2135
2149,2137
2149,2146
2149,2149
2149,2152
2150,1839
2150,2137
2150,2150
2150,2152
2150,5392
2150,6096
2151,1940
2151,2082
2151,2128
2151,2139
2151,2144
2151,2145
2151,2151
2152,2127
2152,2129
2152,2131
2152,2135
2152,2142
2152,2150
2152,2152
2152,2155
2152,5382
2152,5386
2153,1932
2153,2132
2153,2133
2153,2144
2153,2145
2153,2151
2153,2153
2155,2033
2155,2128
2155,2129
2155,2135
2155,2137
2155,2140
2155,2146
2155,2156
2156,1898
2156,2087
2156,2137
2156,2140
2156,2149
2156,2156
2156,5392
2157,2159
2157,2164
2157,2173
2157,2174
2157,2178
2157,2179
2157,2182
2157,2185
2157,2221
2158,2158
2158,2166
2158,2175
2158,2180
2158,2188
2158,2375
2158,2380
2158,2381
2158,2384
2158,2399
2158,2404
2158,2407
2158,2417
2158,2419
2158,6093
2159,2157
2159,2159
2159,2162
2159,2168
2159,2173
2159,2174
2159,2180
2159,2183
2159,2198
2160,2160
2160,2161
2160,2162
2160,2165
2160,2168
2160,2177
2160,2187
2160,2191
2160,2219
2161,2161
2161,2163
2161,2167
2161,2171
2161,2172
2161,2176
2161,2181
2161,2186
2161,2187
2161,2189
2161,2191
2161,2202
2161,2203
2162,2157
2162,2159
2162,2162
2162,2177
2162,2183
2162,2186
2163,2157
2163,2159
2163,2160
2163,2163
2163,2172
2163,2186
2163,2187
2163,2197
2163,2202
2164,2160
2164,2161
2164,2164
2164,2169
2164,2170
2164,2174
2164,2176
2164,2181
2164,2186
2164,2196
2165,179
2165,2160
2165,2165
2165,2173
2165,2174
2165,2177
2165,2179
2165,2181
2165,2183
2166,179
2166,2158
2166,2166
2166,2169
2166,2170
2166,2175
2166,2184
2166,2188
2166,2222
2166,2397
2166,2419
2167,2157
2167,2159
2167,2160
2167,2167
2167,2173
2167,2174
2167,2177
2167,2182
2167,2185
2168,2167
2168,2169
2168,2173
2168,2177
2168,2179
2168,2183
2169,2157
2169,2160
2169,2168
2169,2169
2169,2177
2169,2179
2169,2180
2169,2181
2169,2185
2169,2205
2170,2158
2170,2166
2170,2170
2170,2180
2170,2182
2170,2188
2170,2190
2170,2402
2171,2161
2171,2171
2171,2176
2171,2196
2171,2203
2172,2160
2172,2164
2172,2171
2172,2172
2172,2176
2172,2191
2172,2195
2172,2196
2173,2157
2173,2162
2173,2164
2173,2165
2173,2169
2173,2173
2173,2178
2173,2179
2173,2186
2173,2194
2174,2157
2174,2159
2174,2165
2174,2173
2174,2174
2174,2178
2174,2182
2174,2183
2174,2185
2174,2187
2175,179
2175,2158
2175,2166
2175,2170
2175,2174
2175,2175
2175,2184
2175,2188
2175,2191
2175,2383
2175,2402
2175,2411
2176,2162
2176,2163
2176,2171
2176,2172
2176,2181
2176,2186
2176,2189
2176,2191
2176,2196
2176,2202
2177,2159
2177,2160
2177,2164
2177,2165
2177,2167
2177,2169
2177,2173
2177,2179
2177,2203
2178,2159
2178,2162
2178,2168
2178,2178
2178,2183
2178,2185
2178,2197
2179,2161
2179,2165
2179,2167
2179,2169
2179,2174
2179,2177
2179,2178
2179,2179
2179,2233
2180,1529
2180,2164
2180,2167
2180,2168
2180,2169
2180,2170
2180,2178
2180,2180
2181,2161
2181,2171
2181,2172
2181,2176
2181,2177
2181,2181
2181,2186
2181,2187
2181,2190
2181,2195
2181,2196
2181,2202
2182,2157
2182,2162
2182,2177
2182,2178
2182,2182
2182,2185
2182,2187
2183,2160
2183,2161
2183,2162
2183,2167
2183,2174
2183,2178
2183,2183
2183,2290
2184,2166
2184,2175
2184,2184
2184,2188
2184,2236
2184,2378
2184,2380
2184,2415
2184,2420
2185,2157
2185,2167
2185,2175
2185,2177
2185,2178
2185,2180
2185,2182
2185,2185
2186,2161
2186,2163
2186,2176
2186,2186
2186,2187
2186,2196
2186,2202
2187,2164
2187,2179
2187,2181
2187,2186
2187,2187
2187,2196
2187,2198
2187,2211
2188,2158
2188,2166
2188,2175
2188,2184
2188,2188
2188,2204
2188,2384
2188,2407
2188,2408
2188,2409
2189,2161
2189,2189
2189,2190
2189,2192
2189,2194
2189,2197
2189,2198
2189,2200
2189,2204
2189,2205
2190,2179
2190,2189
2190,2190
2190,2194
2190,2197
2190,2198
2190,2199
2190,2201
2190,2204
2191,2161
2191,2163
2191,2171
2191,2172
2191,2176
2191,2179
2191,2181
2191,2186
2191,2188
2191,2204
2192,2181
2192,2182
2192,2189
2192,2190
2192,2192
2192,2198
2192,2199
2192,2200
2192,2236
2193,2163
2193,2172
2193,2190
2193,2193
2193,2197
2193,2198
2193,2200
2193,2217
2193,2236
2194,2181
2194,2189
2194,2192
2194,2194
2194,2199
2194,2200
2194,2205
2195,2177
2195,2194
2195,2195
2195,2197
2195,2199
2195,2200
2195,2236
2196,2161
2196,2164
2196,2172
2196,2176
2196,2187
2196,2193
2196,2202
2196,2203
2196,2218
2197,2191
2197,2192
2197,2194
2197,2197
2197,2202
2197,2214
2197,2217
2197,2222
2198,2180
2198,2190
2198,2191
2198,2193
2198,2195
2198,2198
2198,2204
2198,2205
2199,2189
2199,2190
2199,2192
2199,2197
2199,2199
2199,2201
2199,2203
2199,2217
2199,2227
2200,2167
2200,2195
2200,2201
2200,2204
2200,2205
2200,2212
2200,2217
2200,2218
2201,2192
2201,2193
2201,2195
2201,2199
2201,2200
2201,2201
2201,2217
2201,2221
2202,2166
2202,2171
2202,2187
2202,2191
2202,2193
2202,2196
2202,2198
2202,2202
2203,2161
2203,2164
2203,2187
2203,2193
2203,2196
2203,2202
2203,2203
2203,2204
2203,2208
2204,2172
2204,2189
2204,2193
2204,2198
2204,2203
2204,2204
2204,2205
2204,2230
2205,2189
2205,2190
2205,2192
2205,2195
2205,2197
2205,2200
2205,2201
2205,2205
2206,2206
2206,2208
2206,2209
2206,2214
2206,2228
2206,2234
2206,2270
2207,2207
2207,2213
2207,2215
2207,2220
2207,2224
2207,2229
2207,2247
2207,2267
2208,2202
2208,2208
2208,2210
2208,2212
2208,2213
2208,2214
2208,2215
2208,2218
2208,2220
2208,2222
2208,2227
2208,2229
2208,2235
2209,2160
2209,2209
2209,2211
2209,2212
2209,2218
2209,2221
2209,2222
2209,2229
2209,2233
2209,2235
2210,2184
2210,2206
2210,2210
2210,2214
2210,2215
2210,2222
2210,2223
2210,2225
2210,2226
2210,2227
2210,2230
2211,2165
2211,2201
2211,2209
2211,2211
2211,2212
2211,2218
2211,2219
2211,2229
2211,2230
2211,2233
2212,2168
2212,2194
2212,2195
2212,2212
2212,2218
2212,2219
2212,2222
2212,2230
2212,2233
2212,2235
2212,2236
2213,2208
2213,2210
2213,2213
2213,2214
2213,2216
2213,2223
2213,2225
2213,2226
2214,2206
2214,2208
2214,2213
2214,2214
2214,2215
2214,2216
2214,2222
2214,2225
2214,2226
2214,2235
2215,2206
2215,2215
2215,2219
2215,2225
2215,2228
2215,2234
2215,2303
2216,2208
2216,2216
2216,2220
2216,2224
2216,2225
2216,2234
2216,2239
2216,2288
2217,2189
2217,2190
2217,2192
2217,2198
2217,2199
2217,2200
2217,2204
2217,2205
2217,2217
2218,2176
2218,2205
2218,2208
2218,2209
2218,2211
2218,2218
2218,2221
2218,2233
2218,2236
2219,2206
2219,2210
2219,2218
2219,2219
2219,2222
2219,2225
2219,2230
2219,2235
2220,2224
2220,2234
2220,2238
2220,2239
2220,2245
2220,2249
2220,2261
2220,2267
2221,2206
2221,2208
2221,2209
2221,2211
2221,2212
2221,2218
2221,2225
2221,2233
2221,2235
2222,2209
2222,2211
2222,2222
2222,2225
2222,2228
2222,2229
2222,2230
2222,2233
2223,2210
2223,2213
2223,2216
2223,2223
2223,2239
2223,2245
2223,2254
2224,2207
2224,2216
2224,2220
2224,2224
2224,2245
2224,2250
2224,2254
2224,2281
2225,2174
2225,2208
2225,2211
2225,2213
2225,2214
2225,2216
2225,2219
2225,2225
2225,2228
2225,2235
2226,2207
2226,2210
2226,2215
2226,2220
2226,2226
2226,2227
2226,2280
2227,2210
2227,2213
2227,2218
2227,2221
2227,2225
2227,2227
2227,2229
2228,2208
2228,2210
2228,2223
2228,2228
2228,2229
2228,2261
2228,2272
2229,2158
2229,2207
2229,2208
2229,2210
2229,2214
2229,2218
2229,2221
2229,2227
2229,2229
2229,2230
2229,2234
2229,2236
2230,2193
2230,2208
2230,2210
2230,2212
2230,2225
2230,2227
2230,2229
2230,2230
2230,2235
2231,2224
2231,2231
2231,2240
2231,2245
2231,2259
2231,2261
2231,2278
2232,2213
2232,2216
2232,2228
2232,2231
2232,2232
2232,2240
2232,2250
2232,2267
2232,2306
2233,2192
2233,2211
2233,2212
2233,2219
2233,2221
2233,2222
2233,2227
2233,2230
2233,2233
2233,2235
2234,2207
2234,2223
2234,2229
2234,2232
2234,2234
2234,2250
2234,2281
2235,2171
2235,2209
2235,2214
2235,2215
2235,2219
2235,2221
2235,2233
2235,2235
2235,2236
2236,2195
2236,2198
2236,2201
2236,2209
2236,2211
2236,2212
2236,2217
2236,2219
2236,2233
2237,2252
2237,2255
2237,2265
2237,2279
2238,2232
2238,2238
2238,2239
2238,2246
2238,2255
2238,2256
2238,2258
2238,2269
2239,2220
2239,2238
2239,2239
2239,2240
2239,2252
2239,2261
2239,2263
2239,2327
2240,2223
2240,2224
2240,2231
2240,2240
2240,2245
2240,2249
2240,2267
2240,2281
2241,2241
2241,2243
2241,2263
2241,2274
2241,2283
2241,2286
2241,2310
2241,2311
2242,2241
2242,2242
2242,2243
2242,2251
2242,2260
2242,2282
2242,2284
2242,2285
2243,2242
2243,2251
2243,2264
2243,2269
2243,2271
2243,2274
2243,2285
2243,2286
2243,2304
2243,2315
2244,2251
2244,2263
2244,2272
2244,2273
2245,2224
2245,2232
2245,2240
2245,2245
2245,2249
2245,2254
2245,2256
2245,2261
2245,2394
2246,2246
2246,2251
2246,2252
2246,2256
2246,2263
2246,2264
2246,2265
2246,2266
2246,2268
2246,2269
2246,2270
2246,2272
2246,2277
2246,2284
2247,2253
2247,2268
2247,2269
2247,2272
2248,2241
2248,2257
2248,2260
2248,2311
2249,2232
2249,2240
2249,2249
2249,2254
2249,2278
2250,2239
2250,2240
2250,2250
2250,2254
2250,2255
2250,2256
2250,2259
2250,2261
2250,2281
2251,2242
2251,2243
2251,2251
2251,2260
2251,2282
2251,2296
2251,2311
2251,2313
2252,2239
2252,2259
2252,2263
2252,2264
2252,2273
2252,2275
2253,2237
2253,2258
2253,2277
2253,2284
2254,2207
2254,2223
2254,2231
2254,2250
2254,2254
2254,2261
2254,2281
2255,2207
2255,2237
2255,2247
2255,2263
2256,2232
2256,2256
2256,2258
2256,2259
2256,2265
2256,2279
2257,2242
2257,2260
2257,2282
2257,2287
2258,2238
2258,2239
2258,2258
2258,2259
2258,2262
2258,2263
2258,2268
2258,2275
2258,2279
2259,2238
2259,2249
2259,2250
2259,2252
2259,2259
2259,2268
2259,2278
2259,2326
2260,2246
2260,2257
2260,2271
2260,2286
2261,2207
2261,2220
2261,2234
2261,2249
2261,2250
2261,2254
2261,2264
2261,2281
2262,2224
2262,2246
2262,2252
2262,2258
2262,2262
2262,2263
2262,2264
2262,2277
2263,2244
2263,2246
2263,2252
2263,2262
2263,2263
2263,2264
2263,2268
2263,2269
2263,2270
2263,2272
2263,2273
2263,2275
2263,2297
2264,2246
2264,2247
2264,2253
2264,2258
2264,2262
2264,2263
2264,2264
2264,2265
2264,2266
2264,2268
2264,2271
2264,2272
2264,2273
2265,2244
2265,2259
2265,2264
2265,2265
2265,2268
2265,2269
2265,2271
2265,2274
2265,2279
2266,2244
2266,2258
2266,2264
2266,2266
2266,2269
2266,2272
2266,2275
2267,2207
2267,2220
2267,2256
2267,2267
2267,2278
2267,2281
2267,2312
2268,2206
2268,2238
2268,2246
2268,2253
2268,2258
2268,2263
2268,2264
2268,2265
2268,2266
2268,2268
2268,2272
2268,2280
2269,2215
2269,2246
2269,2252
2269,2259
2269,2262
2269,2263
2269,2265
2269,2266
2269,2268
2269,2269
2269,2272
2269,2279
2270,2243
2270,2244
2270,2246
2270,2280
2271,2242
2271,2243
2271,2267
2271,2272
2272,2226
2272,2246
2272,2253
2272,2255
2272,2259
2272,2263
2272,2264
2272,2265
2272,2269
2272,2270
2272,2272
2272,2273
2273,2247
2273,2252
2273,2263
2273,2266
2273,2269
2273,2272
2273,2273
2273,2277
2273,2280
2274,2248
2274,2251
2274,2285
2274,2287
2275,2238
2275,2246
2275,2262
2275,2265
2275,2266
2275,2275
2275,2276
2276,2241
2276,2242
2276,2278
2276,2282
2277,2263
2277,2268
2277,2317
2278,2216
2278,2231
2278,2239
2278,2242
2278,2245
2278,2249
2278,2254
2278,2278
2279,2240
2279,2243
2279,2256
2279,2258
2279,2261
2279,2275
2279,2279
2279,2349
2280,2237
2280,2268
2280,2272
2281,2224
2281,2226
2281,2258
2281,2261
2281,2267
2281,2278
2281,2279
2281,2281
2281,2343
2282,2242
2282,2243
2282,2251
2282,2282
2282,2283
2282,2284
2282,2285
2282,2290
2282,2296
2282,2305
2282,2315
2283,2283
2283,2286
2283,2291
2283,2296
2283,2310
2283,2311
2283,2312
2284,2243
2284,2248
2284,2257
2284,2283
2284,2284
2284,2285
2284,2286
2284,2287
2284,2298
2284,2299
2285,2238
2285,2241
2285,2243
2285,2248
2285,2251
2285,2276
2285,2285
2285,2287
2286,2251
2286,2276
2286,2283
2286,2284
2286,2285
2286,2286
2286,2287
2286,2310
2286,2353
2287,2241
2287,2257
2287,2282
2287,2284
2287,2285
2287,2286
2287,2287
2288,2234
2288,2288
2288,2297
2288,2298
2288,2299
2288,2301
2288,2310
2288,2312
2289,2241
2289,2281
2289,2282
2289,2284
2289,2288
2289,2289
2289,2293
2289,2295
2289,2304
2290,2243
2290,2288
2290,2290
2290,2297
2290,2301
2290,2305
2290,2313
2291,2282
2291,2291
2291,2293
2291,2296
2291,2298
2291,2304
2291,2315
2291,2336
2292,2292
2292,2300
2292,2303
2292,2314
2292,2327
2292,2340
2292,2349
2293,2291
2293,2293
2293,2296
2293,2298
2293,2310
2293,2315
2294,2290
2294,2291
2294,2301
2294,2303
2294,2306
2294,2307
2295,2288
2295,2293
2295,2295
2295,2298
2295,2301
2295,2305
2295,2311
2295,2312
2295,2315
2296,2291
2296,2293
2296,2294
2296,2296
2296,2298
2296,2302
2296,2311
2296,2312
2296,2315
2297,2228
2297,2290
2297,2292
2297,2294
2297,2297
2297,2302
2297,2303
2297,2306
2297,2325
2298,2284
2298,2288
2298,2295
2298,2298
2298,2304
2298,2305
2298,2311
2298,2312
2298,2315
2299,2283
2299,2289
2299,2290
2299,2294
2299,2295
2299,2299
2299,2304
2299,2305
2299,2312
2300,2241
2300,2297
2300,2300
2300,2302
2300,2314
2300,2318
2300,2327
2300,2343
2301,2290
2301,2294
2301,2297
2301,2300
2301,2301
2301,2302
2301,2303
2301,2310
2301,2313
2302,2213
2302,2297
2302,2302
2302,2307
2302,2313
2302,2330
2303,2288
2303,2296
2303,2297
2303,2300
2303,2302
2303,2303
2303,2307
2303,2312
2303,2313
2304,2282
2304,2284
2304,2286
2304,2289
2304,2291
2304,2296
2304,2304
2304,2310
2304,2348
2305,2264
2305,2282
2305,2291
2305,2298
2305,2299
2305,2305
2306,2287
2306,2303
2306,2308
2306,2325
2306,2330
2306,2333
2306,2348
2307,2266
2307,2294
2307,2297
2307,2300
2307,2301
2307,2307
2307,2313
2307,2314
2308,2292
2308,2306
2308,2308
2308,2309
2308,2331
2308,2332
2308,2349
2309,2308
2309,2313
2309,2314
2309,2318
2310,2231
2310,2282
2310,2284
2310,2289
2310,2291
2310,2295
2310,2304
2310,2310
2311,2242
2311,2246
2311,2283
2311,2284
2311,2295
2311,2296
2311,2299
2311,2304
2311,2305
2311,2310
2312,2282
2312,2286
2312,2288
2312,2294
2312,2295
2312,2312
2312,2315
2312,2349
2313,2290
2313,2294
2313,2301
2313,2302
2313,2303
2313,2306
2313,2313
2313,2330
2314,2292
2314,2297
2314,2300
2314,2301
2314,2306
2314,2309
2314,2314
2314,2318
2314,2327
2315,2289
2315,2291
2315,2293
2315,2294
2315,2296
2315,2299
2315,2310
2316,2326
2316,2336
2316,2341
2316,2343
2316,2344
2316,2347
2316,2348
2317,2316
2317,2317
2317,2323
2317,2326
2317,2333
2317,2341
2317,2343
2318,2325
2318,2327
2318,2329
2318,2332
2318,2333
2318,2336
2318,2353
2319,2334
2319,2341
2319,2342
2319,2345
2320,2320
2320,2322
2320,2339
2320,2340
2320,2350
2320,2351
2320,2352
2321,2317
2321,2321
2321,2323
2321,2331
2321,2333
2321,2335
2321,2344
2321,2345
2321,2350
2321,2351
2321,2407
2322,2319
2322,2322
2322,2324
2322,2328
2322,2339
2322,2341
2322,2352
2322,2369
2323,2316
2323,2317
2323,2323
2323,2331
2323,2337
2323,2340
2323,2347
2323,2350
2323,2381
2324,2322
2324,2328
2324,2334
2324,2340
2324,2352
2324,2367
2324,2408
2325,2279
2325,2292
2325,2300
2325,2308
2325,2309
2325,2325
2325,2327
2325,2332
2325,2348
2326,2314
2326,2320
2326,2321
2326,2323
2326,2326
2326,2351
2326,2369
2327,2256
2327,2292
2327,2306
2327,2308
2327,2317
2327,2325
2327,2327
2327,2336
2327,2349
2328,2316
2328,2322
2328,2324
2328,2328
2328,2334
2328,2335
2328,2338
2328,2339
2328,2347
2329,2304
2329,2318
2329,2326
2329,2329
2329,2330
2329,2332
2329,2347
2329,2353
2330,2305
2330,2306
2330,2314
2330,2330
2330,2336
2330,2349
2330,2353
2331,2323
2331,2331
2331,2332
2331,2339
2331,2341
2331,2344
2331,2346
2331,2347
2332,2321
2332,2325
2332,2329
2332,2332
2332,2343
2332,2349
2333,2308
2333,2316
2333,2317
2333,2318
2333,2323
2333,2326
2333,2332
2333,2333
2333,2336
2333,2350
2334,2322
2334,2324
2334,2328
2334,2338
2334,2341
2334,2346
2334,2369
2334,2371
2334,2372
2335,2322
2335,2324
2335,2335
2335,2345
2335,2346
2335,2351
2335,2352
2335,2421
2336,2292
2336,2300
2336,2306
2336,2316
2336,2318
2336,2333
2336,2336
2336,2348
2337,2319
2337,2320
2337,2321
2337,2338
2337,2351
2337,2352
2337,2369
2337,2373
2338,2322
2338,2324
2338,2337
2338,2338
2338,2342
2338,2345
2338,2352
2339,2324
2339,2328
2339,2337
2339,2339
2339,2346
2339,2347
2339,2366
2339,2368
2340,2316
2340,2320
2340,2321
2340,2337
2340,2339
2340,2340
2340,2341
2340,2346
2341,2319
2341,2320
2341,2335
2341,2338
2341,2341
2341,2345
2341,2346
2341,2347
2341,2369
2341,2384
2342,2316
2342,2321
2342,2326
2342,2328
2342,2331
2342,2337
2342,2342
2342,2346
2342,2368
2343,2254
2343,2318
2343,2329
2343,2330
2343,2331
2343,2343
2343,2353
2344,2321
2344,2333
2344,2343
2344,2344
2344,2345
2344,2347
2344,2348
2344,2353
2345,2321
2345,2337
2345,2341
2345,2345
2345,2351
2345,2361
2346,2317
2346,2320
2346,2338
2346,2340
2346,2341
2346,2342
2346,2346
2346,2352
2346,2370
2346,2386
2347,2320
2347,2321
2347,2331
2347,2339
2347,2340
2347,2341
2347,2342
2347,2344
2347,2351
2347,2353
2347,2363
2348,2276
2348,2317
2348,2318
2348,2325
2348,2327
2348,2329
2348,2348
2348,2353
2349,2292
2349,2294
2349,2308
2349,2325
2349,2327
2349,2330
2349,2343
2349,2349
2350,2317
2350,2331
2350,2333
2350,2365
2351,2320
2351,2328
2351,2331
2351,2342
2351,2345
2351,2346
2351,2351
2351,2352
2352,2320
2352,2328
2352,2334
2352,2335
2352,2338
2352,2347
2352,2361
2352,2369
2353,2289
2353,2314
2353,2318
2353,2325
2353,2329
2353,2333
2353,2336
2353,2344
2353,2353
2354,2354
2354,2357
2354,2363
2354,2365
2354,2366
2354,2367
2354,2368
2354,2373
2354,2413
2355,180
2355,2355
2355,2356
2355,2358
2355,2372
2355,2382
2355,2422
2356,2355
2356,2356
2356,2357
2356,2361
2356,2362
2356,2363
2356,2364
2356,2366
2356,2373
2357,2355
2357,2357
2357,2358
2357,2360
2357,2370
2357,2371
2357,2372
2358,2355
2358,2357
2358,2358
2358,2359
2358,2362
2358,2364
2358,2380
2358,2410
2358,2417
2359,180
2359,2355
2359,2356
2359,2358
2359,2359
2359,2364
2359,2367
2359,2368
2359,2370
2360,2360
2360,2361
2360,2362
2360,2364
2360,2367
2360,2368
2360,2372
2360,2402
2361,2359
2361,2360
2361,2361
2361,2365
2361,2367
2361,2370
2361,2371
2361,2373
2362,2355
2362,2356
2362,2358
2362,2359
2362,2360
2362,2362
2362,2364
2362,2374
2362,2401
2363,2334
2363,2345
2363,2354
2363,2356
2363,2359
2363,2363
2363,2365
2363,2370
2364,635
2364,2355
2364,2357
2364,2359
2364,2360
2364,2364
2364,2365
2364,2372
2364,2373
2365,2354
2365,2362
2365,2365
2365,2366
2365,2368
2365,2369
2365,2371
2366,2354
2366,2361
2366,2363
2366,2365
2366,2366
2366,2371
2366,2373
2366,2420
2367,2337
2367,2357
2367,2361
2367,2365
2367,2367
2367,2369
2367,2371
2368,2334
2368,2335
2368,2342
2368,2356
2368,2362
2368,2363
2368,2367
2368,2368
2368,2371
2369,2324
2369,2338
2369,2346
2369,2352
2369,2354
2369,2359
2369,2365
2369,2368
2369,2369
2369,2371
2370,2354
2370,2356
2370,2359
2370,2361
2370,2364
2370,2366
2370,2370
2370,2373
2371,2354
2371,2359
2371,2361
2371,2363
2371,2368
2371,2369
2371,2373
2372,180
2372,2355
2372,2358
2372,2360
2372,2364
2372,2372
2372,2374
2372,2422
2373,2334
2373,2356
2373,2359
2373,2361
2373,2363
2373,2366
2373,2367
2373,2371
2373,2419
2374,179
2374,180
2374,635
2374,2356
2374,2372
2374,2374
2374,2375
2374,2384
2374,2391
2375,635
2375,2375
2375,2380
2375,2382
2375,2383
2375,2387
2375,2392
2375,2412
2375,2422
2376,1527
2376,2372
2376,2376
2376,2378
2376,2379
2376,2380
2376,2383
2376,2384
2376,2386
2376,2396
2376,2397
2376,2407
2377,2376
2377,2383
2377,2397
2377,2422
2378,180
2378,2188
2378,2375
2378,2376
2378,2378
2378,2384
2378,2385
2378,2386
2378,2388
2378,2390
2378,2392
2378,2396
2378,2406
2379,2371
2379,2376
2379,2387
2379,2395
2380,2372
2380,2375
2380,2376
2380,2379
2380,2380
2380,2381
2380,2382
2380,2384
2380,2385
2380,2387
2380,2388
2380,2389
2380,2391
2380,2395
2380,2406
2380,2407
2380,2408
2380,2413
2380,2420
2380,2422
2381,2380
2381,2383
2381,2385
2381,2388
2381,2389
2382,2377
2382,2380
2382,2394
2382,2397
2382,2407
2383,2375
2383,2379
2383,2380
2383,2384
2384,2328
2384,2376
2384,2384
2384,2385
2384,2397
2384,2406
2384,2407
2384,2412
2384,2417
2384,2422
2384,5609
2385,2376
2385,2385
2385,2389
2385,2390
2385,2406
2385,2407
2385,2412
2385,2417
2385,2420
2385,2422
2386,2376
2386,2378
2386,2380
2387,635
2387,2170
2387,2379
2387,2385
2387,2387
2387,2393
2387,2406
2387,2422
2387,5609
2388,2377
2388,2378
2388,2380
2388,2391
2388,2396
2389,2158
2389,2364
2389,2377
2389,2378
2389,2380
2389,2382
2389,2389
2389,2397
2389,2406
2389,2417
2389,2420
2390,4
2390,1527
2390,2188
2390,2378
2390,2422
2391,2376
2391,2378
2391,2380
2391,2388
2391,2391
2391,2422
2392,2374
2392,2376
2392,2380
2392,2392
2392,2393
2392,2395
2392,2415
2393,2387
2393,2393
2393,5609
2394,2331
2394,2383
2394,2387
2395,2374
2395,2378
2395,2380
2395,2392
2395,2394
2396,2378
2396,2385
2396,2386
2396,2397
2396,2407
2396,2412
2397,2374
2397,2377
2397,2378
2397,2382
2397,2389
2397,2391
2397,2392
2397,2397
2397,2406
2397,2407
2397,2419
2398,11
2398,38
2398,2166
2398,2175
2398,2188
2398,2319
2398,2398
2398,2400
2398,2401
2398,2403
2398,2419
2399,2188
2399,2399
2399,2403
2399,2408
2399,2409
2399,2412
2399,2414
2399,2419
2399,2421
2400,2398
2400,2405
2401,2158
2401,2389
2401,2398
2401,2421
2402,38
2402,179
2402,2158
2402,2175
2402,2184
2402,2402
2402,2411
2402,2416
2403,17
2403,2166
2403,2175
2403,2184
2403,2400
2403,2402
2403,2403
2403,2404
2403,2408
2403,2410
2403,2414
2403,6093
2404,2166
2404,2402
2404,2403
2404,2404
2404,2408
2404,2412
2404,2419
2404,2422
2405,11
2405,2416
2405,2419
2406,2378
2406,2381
2406,2386
2406,2388
2406,2392
2406,2397
2406,2406
2406,2407
2406,2410
2406,2412
2406,2417
2406,2422
2407,2175
2407,2340
2407,2376
2407,2377
2407,2380
2407,2384
2407,2385
2407,2386
2407,2393
2407,2406
2407,2407
2407,2412
2407,2413
2407,2420
2407,2422
2408,11
2408,17
2408,2188
2408,2335
2408,2384
2408,2399
2408,2403
2408,2408
2408,2419
2408,2420
2409,2374
2409,2404
2409,2406
2409,2410
2410,38
2410,2398
2410,2403
2410,2408
2410,5661
2411,2398
2411,2399
2411,2415
2411,2421
2412,2358
2412,2372
2412,2384
2412,2390
2412,2398
2412,2403
2412,2406
2412,2417
2412,2418
2412,2422
2413,2321
2413,2405
2413,2412
2414,2399
2414,2403
2414,2421
2415,6
2415,2395
2415,2419
2415,2421
2416,17
2416,2166
2416,2324
2416,2417
2417,179
2417,2158
2417,2174
2417,2358
2417,2375
2417,2381
2417,2385
2417,2399
2417,2407
2417,2411
2417,2412
2417,2417
2417,2420
2417,2421
2417,2422
2418,1527
2418,2409
2418,2420
2419,2158
2419,2398
2419,2399
2419,2400
2419,2402
2419,2404
2419,2405
2419,2415
2419,2416
2419,2419
2419,2421
2420,2158
2420,2380
2420,2385
2420,2395
2420,2403
2420,2408
2420,2412
2420,2417
2420,2418
2420,2420
2420,2422
2420,5609
2421,2175
2421,2184
2421,2395
2421,2398
2421,2401
2421,2411
2421,2414
2421,5661
2422,2323
2422,2355
2422,2375
2422,2378
2422,2380
2422,2381
2422,2382
2422,2385
2422,2391
2422,2397
2422,2403
2422,2406
2422,2407
2422,2410
2422,2420
2422,2422
2450,6
2450,2450
2478,6
2478,17
2478,6016
2494,6
2494,9
2494,2494
4807,6
4807,36
4807,38
4807,5355
4807,5402
4807,6010
4807,6016
4839,6
4964,3
4964,7
4964,635
5136,6
5136,11
5136,37
5136,95
5136,121
5136,123
5136,4839
5136,5136
5136,5368
5255,6
5255,17
5255,5255
5288,4
5288,6
5288,13
5288,38
5288,5288
5288,5289
5288,5348
5288,5349
5288,5350
5288,5355
5288,6005
5288,6010
5288,6108
5289,6
5289,7
5289,13
5289,5288
5289,5289
5289,5348
5289,6108
5335,6
5335,13
5335,4807
5335,5335
5335,5338
5335,5353
5335,5355
5335,6005
5335,6099
5338,6
5338,5335
5338,5338
5338,5344
5338,5348
5338,5402
5338,5406
5338,6098
5344,6
5344,5338
5348,6
5348,9
5348,11
5348,2478
5348,5288
5348,5335
5348,5348
5348,5350
5348,5405
5348,6005
5348,6010
5349,5338
5349,5348
5349,5349
5349,5390
5349,5403
5349,5437
5349,6097
5350,6
5350,5289
5350,5348
5353,6
5353,5335
5355,6
5355,5288
5355,5335
5355,5348
5355,5349
5355,5355
5355,5396
5356,13
5356,5356
5356,5380
5356,5382
5356,5386
5356,5391
5356,5392
5357,2110
5357,5357
5357,5706
5360,5356
5360,5392
5368,11
5368,5368
5379,2152
5379,5379
5379,5383
5379,5391
5379,5392
5379,5396
5379,5399
5380,2150
5380,5379
5380,5380
5380,5385
5380,5393
5380,5395
5380,5396
5381,6
5381,13
5381,38
5381,5379
5381,5381
5381,5382
5381,5383
5381,5386
5381,5391
5381,5394
5382,5360
5382,5381
5382,5399
5382,5404
5383,5380
5383,5384
5383,5393
5383,5396
5383,5397
5384,5379
5384,5381
5384,5391
5384,5394
5384,5395
5384,5399
5385,5389
5385,5398
5385,5400
5385,5403
5385,5406
5385,5437
5386,5356
5386,5381
5386,5382
5386,5384
5386,5386
5386,5391
5386,5395
5387,5387
5387,5393
5387,5396
5387,5406
5388,5387
5388,5388
5388,5389
5388,5395
5388,5403
5388,5405
5389,5387
5389,5389
5389,5397
5389,5398
5389,5400
5389,5401
5389,5405
5389,5406
5390,5338
5390,5349
5390,5355
5390,5385
5390,5390
5390,5402
5391,13
5391,5356
5391,5379
5391,5386
5391,5390
5391,5391
5391,5404
5392,5380
5392,5381
5392,5384
5392,5386
5392,5392
5392,5393
5392,5399
5392,5404
5393,5383
5393,5387
5393,5393
5393,5395
5393,5396
5393,5403
5394,5338
5394,5360
5394,5381
5394,5382
5394,5386
5394,5394
5394,5399
5394,5404
5395,5380
5395,5387
5395,5389
5395,5393
5395,5395
5395,5396
5395,5399
5396,179
5396,5379
5396,5383
5396,5391
5396,5395
5397,5389
5397,5397
5397,5398
5397,5401
5397,5402
5397,5406
5398,5338
5398,5349
5398,5382
5398,5389
5398,5398
5398,5403
5399,5381
5399,5384
5399,5385
5399,5388
5399,5392
5399,5399
5400,5383
5400,5385
5400,5400
5400,5405
5401,2129
5401,5385
5401,5389
5401,5400
5401,5401
5401,5405
5401,5406
5402,5288
5402,5335
5402,5390
5402,5402
5402,5406
5403,5385
5403,5388
5403,5398
5403,5401
5403,5403
5403,6010
5404,13
5404,5356
5404,5381
5404,5382
5404,5394
5404,5404
5405,5388
5405,5389
5405,5398
5405,5399
5405,5401
5405,5405
5405,5406
5406,4807
5406,5388
5406,5389
5406,5397
5406,5400
5406,5401
5406,5402
5406,6097
5406,6100
5437,6
5437,5349
5437,5397
5437,5437
5609,2341
5609,2380
5609,2393
5609,2396
5609,5609
5661,2398
5661,2421
5678,36
5678,516
5679,516
5679,5678
5705,530
5705,5706
5706,530
5706,1738
5706,5357
5706,5706
5706,5710
5710,5357
5710,5706
5710,5710
5710,6101
6005,5288
6005,6006
6006,6
6006,5288
6006,6006
6010,11
6010,17
6010,2131
6010,4807
6010,5355
6010,6010
6016,38
6016,4807
6093,6
6093,2175
6093,2404
6094,37
6094,556
6095,6
6095,9
6095,5136
6096,2127
6096,2129
6096,2131
6096,2137
6096,2150
6097,6
6097,5349
6097,6097
6097,6103
6098,5335
6098,6016
6098,6097
6098,6098
6099,38
6099,5335
6099,5406
6099,6099
6100,6
6100,5335
6100,6098
6100,6100
6101,532
6101,6101
6102,6
6102,9
6102,6102
6103,6
6103,38
6103,6097
6104,6
6104,6104
6104,6110
6105,4
6105,6
6105,9
6105,6105
6105,6106
6106,6
6106,9
6106,6105
6106,6106
6107,9
6107,1794
6107,6107
6108,6
6108,13
6109,4
6109,6
6109,9
6109,6104
6110,4
6110,6
6110,9
6110,6110
6110,6111
6111,1701
6111,6111
6112,6
6112,9
6112,1701
6112,6112
6113,6113
6113,6114
6114,6
6114,6114
6115,180
6116,3
6116,179
6116,180
6116,198
6117,180
6117,6117
