15,21,465,100.0
15,21,467,100.0
15,21,547,100.0
15,21,926,100.0
15,21,934,100.0
15,21,946,18.0
15,21,947,11.0
15,21,949,5.5
15,21,1011,100.0
15,21,1015,100.0
15,21,1016,3.0
15,21,1189,100.0
15,21,1190,100.0
15,21,1192,1.0
15,21,1201,9.0
15,21,1203,3.333333333333333
15,21,1204,2.5
15,21,1205,2.5
15,21,1206,1.6666666666666667
15,21,1213,1.7499999999999998
15,21,1214,3.0
15,21,1220,1.8333333333333333
15,21,1222,2.4
15,21,1223,1.7142857142857144
15,21,1224,1.7142857142857144
15,21,1225,1.7142857142857144
15,21,1226,1.7142857142857144
15,21,2929,100.0
15,21,4632,100.0
15,21,6335,100.0
15,21,8039,100.0
15,21,8432,100.0
15,21,9002,100.0
15,21,9003,100.0
15,21,9004,100.0
15,21,9005,0.0
15,21,10715,100.0
15,21,12426,100.0
15,21,12427,100.0
15,21,12449,100.0
15,21,12484,100.0
15,21,12540,100.0
15,21,12649,100.0
15,21,12650,100.0
15,21,12651,100.0
15,21,12652,0.0
15,21,12658,1.6666666666666667
15,21,12659,1.6666666666666667
15,21,13153,100.0
11,37,3881,100.0
11,37,3882,100.0
11,37,3883,100.0
11,37,8235,100.0
11,37,12588,100.0
11,37,12589,100.0
11,37,12603,13.0
11,37,16951,100.0
11,37,16952,100.0
11,37,16953,100.0
11,37,16955,0.5000000000000001
11,37,16958,1.0
11,37,16959,1.0
11,37,16960,0.6
11,37,16961,0.6
11,37,16962,0.6
11,37,16963,0.375
11,37,16965,0.4444444444444445
0,15,554,100.0
0,15,2484,100.0
0,15,4415,100.0
0,15,6346,100.0
0,15,8277,100.0
0,15,8280,100.0
0,15,8291,11.0
0,15,8292,5.5
0,15,8404,100.0
0,15,8405,100.0
0,15,8406,100.0
0,15,8415,4.0
0,15,8416,2.666666666666667
0,15,8417,2.0000000000000004
0,15,8418,2.0000000000000004
0,15,8419,1.3333333333333335
0,15,8420,1.1428571428571428
0,15,8421,1.0
0,15,8422,1.0
0,15,9182,100.0
0,15,9184,100.0
0,15,9185,1.0
0,15,9223,100.0
0,15,9225,100.0
0,15,9226,1.0
0,15,9227,0.5000000000000001
0,15,9228,0.3333333333333333
0,15,9316,100.0
0,15,12220,100.0
0,15,12221,100.0
0,15,12402,100.0
0,15,12424,100.0
0,15,12622,100.0
0,15,12661,100.0
0,15,12836,100.0
17,73,16688,100.0
17,73,16742,100.0
17,73,16743,100.0
17,73,16746,2.0000000000000004
17,73,16790,100.0
17,73,16834,100.0
17,73,16914,100.0
17,73,16990,100.0
17,73,16992,100.0
17,73,17061,100.0
17,73,17130,100.0
17,73,17131,100.0
17,73,17132,100.0
17,73,17133,0.0
17,73,17134,0.0
17,73,17135,0.0
17,73,17138,0.39999999999999997
17,73,17139,0.3333333333333333
17,73,17142,0.5714285714285714
17,73,17154,3.7500000000000004
17,73,17164,100.0
17,73,17166,9.0
17,73,17168,5.5
17,73,17176,4.0
17,73,17184,5.333333333333333
17,73,17202,100.0
17,73,17208,100.0
17,73,17284,100.0
2,56,4723,100.0
2,56,4820,100.0
2,56,4821,100.0
2,56,4823,1.0
2,56,4824,0.5000000000000001
2,56,4825,0.3333333333333333
2,56,4826,0.3333333333333333
2,56,4827,0.0
2,56,4835,1.3333333333333335
2,56,4836,1.1428571428571428
2,56,4843,2.6
2,56,4845,3.5000000000000004
2,56,4848,3.0
2,56,4856,5.333333333333333
2,56,4884,100.0
2,56,4885,100.0
2,56,4886,100.0
2,56,4986,100.0
2,56,5086,100.0
26,20,808,100.0
26,20,813,100.0
26,20,815,4.0
26,20,817,3.0
26,20,826,4.666666666666666
26,20,827,3.5000000000000004
26,20,828,2.6
26,20,829,1.7999999999999998
26,20,830,1.6666666666666667
26,20,831,1.2857142857142858
26,20,832,1.2857142857142858
26,20,848,3.7500000000000004
26,20,851,17.0
26,20,852,8.0
26,20,857,3.0
26,20,912,100.0
26,20,1004,100.0
26,20,1010,100.0
26,20,1016,9.0
26,20,1017,4.0
26,20,1018,3.333333333333333
26,20,1046,100.0
26,20,1085,100.0
26,20,1113,100.0
26,20,1119,100.0
26,20,1159,100.0
26,20,1166,100.0
26,20,1167,4.0
26,20,1170,4.0
26,20,1171,2.666666666666667
26,20,1180,3.333333333333333
26,20,1184,3.25
26,20,1188,4.666666666666666
26,20,1189,3.5000000000000004
26,20,1191,3.7500000000000004
26,20,1192,1.7499999999999998
26,20,1198,2.4
26,20,1204,2.6
26,20,1205,2.2
26,20,1206,1.8333333333333333
26,20,1207,1.8333333333333333
26,20,1208,1.375
26,20,1209,1.375
26,20,1210,1.2857142857142858
26,20,1211,1.0
26,20,1225,2.6
26,20,1235,100.0
26,20,1236,9.0
26,20,1237,4.0
26,20,1238,3.0
26,20,1239,2.2499999999999996
26,20,1240,1.7999999999999998
26,20,1241,1.3333333333333335
26,20,1254,2.4
26,20,1256,2.6
26,20,1257,2.6
26,20,1258,2.6
26,20,1259,2.6
26,20,1262,0.5000000000000001
26,20,1263,0.6
26,20,1264,0.3333333333333333
26,20,1269,1.0
26,20,1272,1.0
26,20,1284,8.0
26,20,1285,6.5
26,20,1286,4.333333333333333
26,20,1287,3.25
26,20,1288,2.6
26,20,1289,1.8333333333333333
26,20,1291,1.8333333333333333
26,20,1294,0.6
26,20,3210,100.0
26,20,5126,100.0
26,20,7042,100.0
26,20,8000,100.0
26,20,8959,100.0
26,20,10875,100.0
26,20,12792,100.0
26,20,14708,100.0
26,20,16625,100.0
26,20,16840,100.0
26,20,16841,100.0
26,20,16907,100.0
26,20,16912,100.0
26,20,16962,100.0
26,20,16989,100.0
26,20,16990,100.0
26,20,16998,7.0
26,20,17216,100.0
26,20,17218,100.0
10,26,12176,100.0
10,26,12484,100.0
10,26,12529,100.0
10,26,12548,100.0
10,26,12549,18.0
10,26,12550,100.0
10,26,12551,0.0
10,26,12682,100.0
10,26,12777,100.0
10,26,12778,100.0
10,26,12787,8.0
10,26,12788,4.0
10,26,12847,100.0
10,26,12864,100.0
10,26,12983,100.0
10,26,12984,100.0
10,26,12990,5.0
10,26,12993,3.5000000000000004
10,26,13140,100.0
10,26,13141,100.0
10,26,13142,100.0
10,26,13333,100.0
10,26,13525,100.0
10,26,13717,100.0
10,26,13909,100.0
10,26,14292,100.0
10,26,14484,100.0
10,26,14676,100.0
10,26,15059,100.0
10,26,15251,100.0
10,26,15443,100.0
10,26,15826,100.0
10,26,16018,100.0
10,26,16210,100.0
10,26,16215,100.0
10,26,16216,4.0
10,26,16234,17.0
10,26,16235,17.0
10,26,16236,8.0
10,26,16237,0.0
10,26,16238,0.0
10,26,16239,0.0
10,26,16240,0.0
10,26,16242,0.3333333333333333
10,26,16243,0.14285714285714285
10,26,16419,100.0
10,26,16450,100.0
10,26,16453,100.0
10,26,16454,2.0000000000000004
10,26,16457,2.0000000000000004
10,26,16458,1.0
10,26,16463,2.0000000000000004
10,26,16474,5.333333333333333
10,26,16475,4.666666666666666
10,26,16476,3.5000000000000004
10,26,16477,3.5000000000000004
10,26,16479,2.5
10,26,16485,3.0
10,26,16486,3.0
10,26,16488,1.1666666666666665
10,26,16489,1.0
10,26,16490,0.8750000000000001
10,26,16491,0.7777777777777778
10,26,16492,0.7777777777777778
10,26,16493,0.6363636363636361
10,26,16495,0.7272727272727272
10,26,16496,0.7272727272727272
10,26,16497,0.7272727272727272
10,26,16498,0.6363636363636361
10,26,16501,0.39999999999999997
10,26,16514,3.5000000000000004
10,26,16516,3.7500000000000004
10,26,16531,15.0
10,26,16532,7.5
10,26,16533,5.0
10,26,16547,6.5
10,26,16551,5.333333333333333
10,26,16558,9.0
10,26,16559,4.0
10,26,16560,3.0
10,26,16589,100.0
10,26,16610,100.0
10,26,16611,100.0
10,26,16612,100.0
10,26,16614,0.5000000000000001
10,26,16615,0.3333333333333333
10,26,16622,1.7499999999999998
10,26,16629,2.6
10,26,16630,2.6
10,26,16631,2.6
10,26,16633,2.6
10,26,16639,3.0
10,26,16640,2.4
10,26,16641,1.8333333333333333
10,26,16644,1.3333333333333335
10,26,16717,100.0
10,26,16812,100.0
10,26,16847,100.0
10,26,16848,100.0
10,26,16849,100.0
10,26,16910,100.0
10,26,16923,100.0
10,26,16926,14.000000000000002
10,26,16987,100.0
10,26,16988,100.0
10,26,16989,100.0
10,26,16994,2.0000000000000004
10,26,16997,3.0
10,26,16998,3.0
10,26,17001,2.0000000000000004
10,26,17013,5.0
10,26,17014,3.7500000000000004
10,26,17015,3.25
10,26,17018,3.7500000000000004
10,26,17022,1.6666666666666667
10,26,17023,1.6666666666666667
10,26,17024,1.0
10,26,17026,1.0
10,26,17069,100.0
10,26,17071,100.0
10,26,17087,16.0
10,26,17104,100.0
10,26,17160,100.0
10,26,17162,100.0
10,26,17164,2.0000000000000004
10,26,17170,3.5000000000000004
10,26,17222,100.0
10,26,17226,100.0
10,26,17250,100.0
10,26,17251,100.0
10,26,17254,2.0000000000000004
10,26,17255,1.0
10,26,17256,1.0
10,26,17261,1.6666666666666667
10,26,17265,1.7999999999999998
10,26,17269,2.4
10,26,17273,2.6
16,53,8743,100.0
16,53,9388,100.0
16,53,9389,100.0
16,53,9390,100.0
16,53,9481,100.0
16,53,9482,100.0
16,53,9488,5.0
16,53,9489,2.5
16,53,9776,100.0
16,53,9830,100.0
16,53,9963,100.0
16,53,9964,100.0
16,53,9965,100.0
16,53,9969,3.0
16,53,10021,100.0
16,53,10022,100.0
16,53,11541,100.0
16,53,13061,100.0
62,63,9331,100.0
62,63,9334,100.0
62,63,9336,3.0
62,63,9337,1.0
62,63,9338,1.0
62,63,9339,0.5000000000000001
62,63,9340,0.6
62,63,9694,100.0
62,63,9695,100.0
62,63,9697,1.0
62,63,9698,0.5000000000000001
62,63,9701,1.0
62,63,9702,1.0
62,63,9703,0.6
62,63,9704,0.6
62,63,9705,0.3333333333333333
62,63,9706,0.375
62,63,9707,0.3333333333333333
62,63,9708,0.29999999999999993
62,63,9709,0.29999999999999993
62,63,9710,0.18181818181818185
62,63,9711,0.23076923076923078
62,63,9712,0.21428571428571433
62,63,10011,100.0
62,63,10014,100.0
62,63,10015,2.0000000000000004
62,63,10271,100.0
62,63,10527,100.0
62,63,10783,100.0
62,63,11039,100.0
62,63,11551,100.0
62,63,12063,100.0
62,63,12065,100.0
62,63,12066,1.0
62,63,12068,1.0
62,63,12069,0.3333333333333333
62,63,12070,0.5000000000000001
62,63,12072,0.6
62,63,12073,0.3333333333333333
62,63,12074,0.2857142857142857
62,63,12082,1.2857142857142858
62,63,12083,1.0
62,63,12085,1.2857142857142858
62,63,12086,1.0
62,63,12087,1.0
62,63,12088,1.0
62,63,12089,1.0
62,63,12090,1.0
62,63,12093,1.0
62,63,12094,1.0
62,63,12333,100.0
62,63,12337,100.0
62,63,12392,100.0
62,63,12876,100.0
62,63,12877,100.0
62,63,12878,100.0
62,63,12879,0.0
62,63,12880,0.0
62,63,12882,0.3333333333333333
62,63,12883,0.3333333333333333
52,55,4801,100.0
52,55,4802,100.0
52,55,4804,1.0
52,55,4805,0.5000000000000001
52,55,4806,0.3333333333333333
52,55,4807,0.3333333333333333
52,55,4810,0.6
52,55,4811,0.6
52,55,4812,0.3333333333333333
52,55,4816,0.8571428571428573
52,55,4817,1.0
52,55,4818,0.6
52,55,4820,0.6363636363636361
52,55,4821,0.6363636363636361
52,55,5120,100.0
52,55,5121,100.0
52,55,5126,4.0
52,55,5128,2.5
52,55,5129,1.6666666666666667
52,55,5130,1.6666666666666667
52,55,5131,1.0
52,55,5132,1.0
52,55,5136,1.1428571428571428
52,55,5137,1.0
52,55,5140,1.0
52,55,5141,1.0
52,55,5142,1.0
52,55,5145,0.7777777777777778
52,55,5151,1.7142857142857144
52,55,5153,1.6666666666666667
52,55,5154,1.6666666666666667
52,55,5157,1.7142857142857144
52,55,5158,1.6666666666666667
52,55,5164,2.6
52,55,5165,1.8333333333333333
52,55,5166,1.3333333333333335
52,55,5167,1.1428571428571428
52,55,5169,1.0
52,55,5207,100.0
52,55,5208,100.0
52,55,5211,2.0000000000000004
52,55,6277,100.0
52,55,7344,100.0
52,55,9477,100.0
52,55,11610,100.0
52,55,13743,100.0
52,55,13744,100.0
52,55,13745,100.0
0,61,12962,100.0
0,61,12963,100.0
0,61,12964,100.0
0,61,12965,0.0
0,61,12966,0.0
0,61,12967,0.0
0,61,12969,0.3333333333333333
0,61,12970,0.3333333333333333
0,61,12971,0.14285714285714285
0,61,12972,0.14285714285714285
0,61,12973,0.14285714285714285
0,61,12974,0.14285714285714285
0,61,12975,0.14285714285714285
0,61,12976,0.14285714285714285
0,61,12977,0.0
0,61,12978,0.0
0,61,12979,0.06666666666666667
0,61,12980,0.06250000000000001
0,61,12981,0.06250000000000001
0,61,12982,0.06250000000000001
0,61,12983,0.06250000000000001
0,61,12984,0.06250000000000001
0,61,12985,0.06250000000000001
0,61,13978,100.0
0,61,14971,100.0
0,61,15964,100.0
0,61,16958,100.0
0,61,16962,100.0
0,61,16963,3.0
0,61,16964,1.0
0,61,16965,1.0
0,61,16966,0.5000000000000001
0,61,16967,0.6
0,61,16968,0.3333333333333333
3,45,3950,100.0
3,45,4822,100.0
3,45,4824,100.0
3,45,4825,1.0
3,45,4826,0.5000000000000001
3,45,4827,0.3333333333333333
3,45,4828,0.0
3,45,4830,0.39999999999999997
3,45,4831,0.3333333333333333
3,45,4832,0.2857142857142857
3,45,4833,0.14285714285714285
3,45,4842,1.0
3,45,6513,100.0
3,45,8185,100.0
3,45,8292,100.0
3,45,8392,100.0
3,45,10465,100.0
3,45,12538,100.0
3,45,12539,100.0
3,45,12570,100.0
3,45,12571,100.0
3,45,12572,100.0
3,45,12573,0.0
11,45,3628,100.0
11,45,3629,100.0
11,45,3630,100.0
11,45,3631,0.0
11,45,3770,100.0
11,45,3771,100.0
11,45,3772,100.0
11,45,3773,0.0
11,45,3776,1.0
11,45,3833,100.0
11,45,3896,100.0
11,45,3897,100.0
11,45,3903,5.0
11,45,3904,2.5
11,45,3922,17.0
11,45,3923,17.0
11,45,3924,8.0
11,45,3925,0.0
11,45,3932,3.0
11,45,3934,1.7499999999999998
11,45,3936,2.0000000000000004
11,45,4103,100.0
11,45,4167,100.0
11,45,4469,100.0
11,45,4510,100.0
11,45,4511,100.0
11,45,4519,7.0
11,45,4520,3.5000000000000004
11,45,4521,3.5000000000000004
11,45,4873,100.0
11,45,4953,100.0
11,45,4955,100.0
11,45,4965,9.0
11,45,4966,9.0
11,45,4969,4.0
11,45,4970,3.0
11,45,4971,2.4
11,45,4972,1.8333333333333333
11,45,4973,1.7142857142857144
11,45,4976,0.6
11,45,4982,1.2857142857142858
11,45,5695,100.0
11,45,6408,100.0
11,45,7121,100.0
11,45,7835,100.0
11,45,7837,100.0
11,45,7838,1.0
11,45,7929,100.0
11,45,7930,100.0
11,45,7931,100.0
11,45,7932,0.0
11,45,7933,0.0
11,45,8266,100.0
11,45,8267,100.0
11,45,8268,100.0
11,45,8269,0.0
11,45,8270,0.0
11,45,8296,100.0
11,45,8297,100.0
11,45,8298,100.0
11,45,8300,0.5000000000000001
11,45,8301,0.3333333333333333
11,45,8302,0.3333333333333333
11,45,8303,0.3333333333333333
11,45,8304,0.0
11,45,8305,0.14285714285714285
11,45,8314,1.2857142857142858
11,45,8384,100.0
11,45,8399,100.0
11,45,8419,100.0
11,45,8581,100.0
11,45,8583,100.0
11,45,8584,1.0
11,45,8815,100.0
11,45,8816,100.0
11,45,8817,100.0
11,45,8818,0.0
11,45,8819,0.0
11,45,8820,0.0
11,45,8822,0.3333333333333333
11,45,8837,3.7500000000000004
11,45,9677,100.0
11,45,10518,100.0
11,45,11358,100.0
11,45,12199,100.0
11,45,12205,100.0
11,45,12206,4.0
11,45,12207,2.5
11,45,12208,1.6666666666666667
11,45,12209,1.0
11,45,12250,100.0
11,45,12251,100.0
11,45,12252,100.0
11,45,12253,0.0
11,45,12254,0.0
11,45,12697,100.0
11,45,13644,100.0
11,45,14591,100.0
11,45,15538,100.0
11,45,16486,100.0
52,62,12567,100.0
52,62,12568,100.0
52,62,12571,2.0000000000000004
52,62,12572,1.0
52,62,12576,1.6666666666666667
52,62,12578,1.6666666666666667
52,62,12579,1.0
52,62,12580,1.0
52,62,12581,0.8571428571428573
52,62,12582,0.8571428571428573
52,62,12583,0.5000000000000001
52,62,12588,1.0
52,62,12594,1.2857142857142858
52,62,12595,1.2857142857142858
8,7,135,100.0
8,7,188,100.0
8,7,214,100.0
8,7,224,100.0
8,7,228,11.0
8,7,229,5.5
8,7,256,100.0
8,7,273,100.0
8,7,274,16.0
8,7,1796,100.0
8,7,3319,100.0
8,7,3320,100.0
8,7,3321,100.0
8,7,3464,100.0
8,7,3465,100.0
8,7,3493,100.0
8,7,3525,100.0
8,7,3526,100.0
8,7,3527,100.0
8,7,3528,0.0
8,7,3529,0.0
8,7,3531,0.3333333333333333
8,7,3543,2.4
8,7,3547,3.7500000000000004
8,7,3836,100.0
8,7,3911,100.0
8,7,3912,100.0
8,7,4088,100.0
8,7,4089,100.0
8,7,4319,100.0
8,7,4412,100.0
8,7,6613,100.0
8,7,8814,100.0
8,7,8845,100.0
8,7,8848,100.0
8,7,8849,2.0000000000000004
8,7,8854,3.0
8,7,8855,1.6666666666666667
8,7,8856,1.0
8,7,8862,2.2
8,7,8865,1.8333333333333333
8,7,8866,1.8333333333333333
8,7,8871,2.2
8,7,8882,5.333333333333333
8,7,8883,4.666666666666666
8,7,8884,3.5000000000000004
8,7,8886,3.7500000000000004
8,7,8887,2.5
8,7,8891,2.6
8,7,8924,100.0
8,7,8928,100.0
8,7,10775,100.0
8,7,12622,100.0
8,7,14469,100.0
8,7,16316,100.0
8,7,16449,100.0
8,7,16450,100.0
8,7,16455,4.0
8,7,16474,100.0
8,7,16475,18.0
8,7,16957,100.0
8,7,17218,100.0
20,54,4573,100.0
20,54,4575,100.0
20,54,4579,4.0
20,54,4586,9.0
20,54,4587,3.333333333333333
20,54,4588,2.5
20,54,4589,1.7999999999999998
20,54,4590,1.6666666666666667
20,54,4591,1.2857142857142858
20,54,4594,1.2857142857142858
20,54,4595,1.375
20,54,4610,5.333333333333333
20,54,4626,100.0
20,54,4642,100.0
20,54,4658,100.0
20,54,4671,100.0
20,54,4684,100.0
20,54,4696,100.0
20,54,4703,17.0
20,54,4704,8.0
20,54,4707,4.0
20,54,4712,4.0
20,54,4728,100.0
20,54,4731,17.0
20,54,4745,15.0
20,54,4760,100.0
20,54,4761,14.000000000000002
20,54,4777,15.0
20,54,4778,7.5
20,54,4785,6.000000000000002
20,54,4786,3.0
20,54,4787,3.0
20,54,4788,1.6666666666666667
20,54,4791,2.0000000000000004
20,54,4793,1.7999999999999998
20,54,4796,1.8333333333333333
20,54,4798,1.7142857142857144
20,54,4805,1.7142857142857144
20,54,4813,5.333333333333333
20,54,4815,5.0
20,54,4821,6.5
20,54,4835,18.0
20,54,4850,100.0
20,54,4851,14.000000000000002
20,54,4852,7.0
20,54,4853,4.666666666666666
20,54,4855,3.7500000000000004
20,54,4867,3.0
20,54,4871,3.7500000000000004
20,54,4894,100.0
20,54,4895,100.0
20,54,4896,100.0
20,54,4899,1.0
20,54,4900,1.0
20,54,4921,100.0
20,54,4942,100.0
20,54,4943,100.0
20,54,4950,6.000000000000002
20,54,4952,3.5000000000000004
20,54,4956,3.333333333333333
20,54,4962,3.7500000000000004
20,54,4966,4.0
20,54,4967,3.0
20,54,4970,2.6
20,54,4971,2.6
20,54,4972,1.8333333333333333
20,54,4978,1.7999999999999998
20,54,4980,1.8333333333333333
20,54,4981,1.2857142857142858
20,54,4982,1.375
20,54,4983,1.0
20,54,4984,1.0
20,54,4985,0.7777777777777778
20,54,4987,0.7777777777777778
20,54,4989,1.0
20,54,4993,1.0
20,54,4997,1.0
20,54,5004,3.5000000000000004
20,54,5013,8.0
20,54,5014,7.0
20,54,5015,4.666666666666666
20,54,5016,3.5000000000000004
20,54,5017,2.6
20,54,5018,1.0
20,54,5019,1.3333333333333335
20,54,5023,1.2857142857142858
20,54,5024,1.375
20,54,5025,0.375
20,54,5027,0.4444444444444445
20,54,5028,0.39999999999999997
20,54,5029,0.39999999999999997
20,54,5030,0.3333333333333333
20,54,5037,1.2857142857142858
20,54,5038,1.0
20,54,5039,1.0
20,54,5040,0.7777777777777778
20,54,5041,0.7777777777777778
20,54,5043,0.7272727272727272
20,54,5044,0.7272727272727272
20,54,5049,1.375
20,54,5056,1.8333333333333333
20,54,5059,2.6
20,54,5062,3.5000000000000004
20,54,5063,3.5000000000000004
20,54,5064,2.6
20,54,5065,1.7999999999999998
20,54,5067,1.8333333333333333
20,54,5068,1.2857142857142858
20,54,5069,1.375
20,54,5074,1.0
20,54,5075,1.0
20,54,5092,16.0
20,54,5099,100.0
20,54,5114,100.0
20,54,5115,14.000000000000002
20,54,5125,9.0
20,54,5135,18.0
20,54,5147,100.0
20,54,5152,15.0
20,54,5160,11.0
20,54,5161,5.5
20,54,5163,4.0
20,54,5164,3.0
20,54,5172,3.7500000000000004
20,54,5181,5.333333333333333
20,54,5182,5.0
20,54,5206,100.0
20,54,5230,100.0
20,54,5233,100.0
20,54,5236,4.0
20,54,5241,4.0
20,54,5262,100.0
20,54,5263,100.0
20,54,5264,100.0
20,54,5288,100.0
20,54,5289,100.0
20,54,5292,2.0000000000000004
20,54,5293,1.0
20,54,5312,18.0
20,54,5331,100.0
20,54,5332,18.0
20,54,5334,1.0
20,54,5335,0.5000000000000001
20,54,5337,1.0
20,54,5341,1.6666666666666667
20,54,5345,2.0000000000000004
20,54,5359,16.0
20,54,5360,8.0
20,54,5361,5.333333333333333
20,54,5364,5.0
20,54,5373,3.333333333333333
20,54,5374,2.5
20,54,5378,2.6
20,54,5385,9.0
20,54,5386,3.0
20,54,5387,2.2499999999999996
20,54,5388,1.7999999999999998
20,54,5389,1.7999999999999998
20,54,5390,1.2857142857142858
20,54,5392,1.2857142857142858
20,54,5393,1.0
20,54,5398,1.375
20,54,5399,1.0
20,54,5400,1.0
20,54,5413,5.333333333333333
20,54,5427,100.0
20,54,5441,100.0
20,54,5455,100.0
20,54,5456,13.0
20,54,5467,9.999999999999998
20,54,5470,11.0
20,54,5472,4.333333333333333
20,54,5485,7.5
20,54,5499,100.0
20,54,5512,100.0
20,54,5526,100.0
20,54,5538,100.0
20,54,5543,15.0
20,54,5544,7.5
20,54,5545,5.0
20,54,5556,4.666666666666666
20,54,5560,4.333333333333333
20,54,5563,3.7500000000000004
20,54,5565,5.333333333333333
20,54,5566,1.6666666666666667
20,54,5567,1.0
20,54,5568,1.0
20,54,5587,18.0
20,54,5607,100.0
20,54,5619,100.0
20,54,5622,13.0
20,54,5627,8.0
20,54,5635,6.5
20,54,5652,100.0
20,54,5653,16.0
20,54,5654,8.0
20,54,5669,7.0
20,54,5671,5.0
20,54,5672,3.7500000000000004
20,54,5674,5.333333333333333
20,54,5682,3.0
20,54,5695,100.0
20,54,5709,100.0
20,54,5723,100.0
20,54,5737,100.0
4,46,3637,100.0
4,46,3638,100.0
4,46,3640,1.0
4,46,3641,0.5000000000000001
4,46,3649,2.666666666666667
4,46,3650,2.0000000000000004
4,46,3673,100.0
4,46,3743,100.0
4,46,3749,100.0
4,46,3751,4.0
4,46,3752,3.0
4,46,3753,1.6666666666666667
4,46,3889,100.0
4,46,3891,100.0
4,46,3892,1.0
4,46,3893,0.5000000000000001
4,46,3956,100.0
4,46,3966,100.0
4,46,3967,9.0
4,46,3969,4.0
4,46,4111,100.0
4,46,4272,100.0
4,46,4368,100.0
4,46,4369,100.0
4,46,4370,100.0
4,46,4371,0.0
4,46,4698,100.0
4,46,4703,100.0
4,46,4706,4.0
4,46,4707,3.0
4,46,4708,1.6666666666666667
4,46,4709,1.0
4,46,4715,2.2
4,46,4837,100.0
4,46,4893,100.0
4,46,5271,100.0
4,46,5650,100.0
4,46,6407,100.0
4,46,7164,100.0
4,46,7921,100.0
4,46,7922,100.0
4,46,7923,100.0
4,46,8415,100.0
4,46,8416,100.0
4,46,8417,100.0
4,46,8418,0.0
4,46,8420,0.3333333333333333
4,46,8421,0.3333333333333333
4,46,8422,0.3333333333333333
4,46,8433,1.8333333333333333
4,46,8591,100.0
46,7,4109,100.0
46,7,4241,100.0
46,7,4455,100.0
46,7,4456,100.0
46,7,4457,100.0
46,7,4458,0.0
46,7,4479,100.0
46,7,4480,100.0
46,7,6018,100.0
46,7,7557,100.0
46,7,7558,100.0
46,7,7559,100.0
46,7,7560,0.0
46,7,7561,0.0
46,7,7562,0.0
46,7,7563,0.0
46,7,7566,0.3333333333333333
46,7,7569,0.5714285714285714
46,7,7571,1.0
46,7,7610,100.0
46,7,7714,100.0
46,7,7715,100.0
46,7,7716,100.0
46,7,7717,0.0
46,7,7754,100.0
46,7,7755,100.0
46,7,7826,100.0
46,7,7898,100.0
46,7,7899,100.0
46,7,7900,100.0
46,7,7901,0.0
46,7,7902,0.0
46,7,7903,0.0
46,7,8029,100.0
46,7,8038,100.0
46,7,8040,9.0
46,7,8045,6.5
46,7,8053,5.5
46,7,8054,4.0
46,7,8057,3.5000000000000004
46,7,8059,3.5000000000000004
46,7,8071,4.666666666666666
46,7,8072,3.5000000000000004
46,7,8074,3.7500000000000004
46,7,8075,3.25
46,7,8076,2.6
46,7,8443,100.0
46,7,8697,100.0
46,7,8932,100.0
46,7,10994,100.0
46,7,13056,100.0
46,7,15118,100.0
46,7,16149,100.0
46,7,17181,100.0
46,7,17196,100.0
0,52,8176,100.0
0,52,8178,100.0
0,52,8179,1.0
0,52,8181,1.0
0,52,8201,100.0
0,52,8303,100.0
0,52,8371,100.0
0,52,8440,100.0
0,52,8442,100.0
0,52,8471,100.0
0,52,8472,100.0
0,52,8473,100.0
0,52,8476,1.0
0,52,8477,1.0
0,52,8495,17.0
0,52,8496,17.0
0,52,8567,100.0
0,52,8575,100.0
0,52,8576,7.0
0,52,8597,100.0
0,52,8606,100.0
0,52,8609,9.0
0,52,8614,7.0
0,52,8631,100.0
0,52,8668,100.0
0,52,8695,100.0
0,52,8696,100.0
0,52,8698,1.0
0,52,8799,100.0
0,52,8900,100.0
0,52,9001,100.0
0,52,9102,100.0
0,52,9119,100.0
0,52,9120,16.0
0,52,9164,100.0
0,52,9165,100.0
0,52,9166,100.0
0,52,9182,7.5
0,52,9183,5.0
0,52,9184,3.7500000000000004
0,52,9186,5.333333333333333
0,52,9189,1.0
0,52,9190,1.0
0,52,9191,0.6
0,52,9192,0.6
0,52,9193,0.6
0,52,9195,0.5000000000000001
0,52,9197,0.5714285714285714
0,52,9200,0.7777777777777778
0,52,9201,0.6363636363636361
0,52,9202,0.6363636363636361
0,52,9203,0.6363636363636361
0,52,9204,0.5454545454545454
0,52,9205,0.4166666666666666
0,52,9206,0.38461538461538464
0,52,9207,0.3333333333333333
0,52,9208,0.2857142857142857
0,52,9209,0.2666666666666666
0,52,9214,0.6363636363636361
0,52,9215,0.5454545454545454
0,52,9216,0.4166666666666666
0,52,9217,0.38461538461538464
0,52,9218,0.3333333333333333
0,52,9219,0.2857142857142857
0,52,9222,0.5454545454545454
0,52,9223,0.5454545454545454
0,52,9224,0.5454545454545454
0,52,9225,0.5454545454545454
0,52,9226,0.5454545454545454
0,52,9227,0.5454545454545454
0,52,9234,0.7272727272727272
0,52,9235,0.7272727272727272
0,52,9236,0.7272727272727272
0,52,9237,0.7272727272727272
0,52,9238,0.7272727272727272
0,52,9239,0.7272727272727272
0,52,9240,0.5454545454545454
0,52,9241,0.5454545454545454
0,52,9242,0.5454545454545454
0,52,9243,0.5454545454545454
0,52,9244,0.5454545454545454
0,52,9245,0.5454545454545454
0,52,9246,0.4166666666666666
0,52,9248,0.14285714285714285
0,52,9251,0.23076923076923078
0,52,9252,0.21428571428571433
0,52,9253,0.21428571428571433
0,52,9254,0.21428571428571433
0,52,9255,0.21428571428571433
0,52,9256,0.21428571428571433
0,52,9257,0.21428571428571433
0,52,9258,0.21428571428571433
0,52,9259,0.21428571428571433
0,52,9260,0.21428571428571433
0,52,9261,0.21428571428571433
0,52,9262,0.21428571428571433
0,52,9263,0.21428571428571433
0,52,9264,0.21428571428571433
0,52,9265,0.14285714285714285
0,52,9266,0.06666666666666667
0,52,9267,0.06250000000000001
0,52,9269,0.06250000000000001
0,52,9270,0.06250000000000001
0,52,9271,0.06250000000000001
0,52,9272,0.06250000000000001
0,52,9273,0.06250000000000001
0,52,9274,0.06250000000000001
0,52,9275,0.06250000000000001
0,52,9276,0.06250000000000001
0,52,9277,0.06250000000000001
0,52,9278,0.06250000000000001
0,52,9279,0.06250000000000001
0,52,9280,0.06250000000000001
0,52,9281,0.06250000000000001
0,52,9282,0.06250000000000001
0,52,9283,0.06250000000000001
0,52,9284,0.06250000000000001
0,52,9285,0.06250000000000001
0,52,9289,0.21428571428571433
0,52,9290,0.21428571428571433
0,52,9291,0.21428571428571433
0,52,9292,0.21428571428571433
0,52,9293,0.21428571428571433
0,52,9294,0.21428571428571433
0,52,9295,0.21428571428571433
0,52,9296,0.21428571428571433
0,52,9297,0.21428571428571433
0,52,9299,0.2666666666666666
0,52,9301,0.3571428571428572
0,52,9302,0.3571428571428572
0,52,9303,0.3571428571428572
0,52,9304,0.3571428571428572
0,52,9308,0.38461538461538464
0,52,9309,0.3571428571428572
0,52,9310,0.3571428571428572
0,52,9312,0.5454545454545454
0,52,9313,0.5454545454545454
0,52,9317,0.7777777777777778
0,52,9322,1.375
0,52,9324,1.7142857142857144
0,52,9325,1.2857142857142858
0,52,9335,4.666666666666666
0,52,9341,5.0
0,52,9348,11.0
0,52,9349,5.5
0,52,9350,3.333333333333333
0,52,9351,2.5
0,52,9352,2.2
0,52,9353,1.8333333333333333
0,52,9380,100.0
0,52,9383,100.0
0,52,9387,4.0
0,52,9388,2.5
0,52,9396,4.0
0,52,9397,3.0
0,52,9399,2.6
0,52,9410,5.5
0,52,9418,17.0
0,52,9419,8.0
0,52,9421,4.0
0,52,9423,3.0
0,52,9424,2.2499999999999996
0,52,9425,1.7999999999999998
0,52,9435,2.2
0,52,9436,1.8333333333333333
0,52,9450,13.0
0,52,9451,6.5
0,52,9455,5.333333333333333
0,52,9473,100.0
0,52,9487,100.0
0,52,9488,13.0
0,52,9489,6.5
0,52,9490,4.333333333333333
0,52,9491,3.25
0,52,9492,2.6
0,52,9493,1.8333333333333333
0,52,9494,0.0
0,52,9500,1.0
0,52,9501,1.0
0,52,9502,1.0
0,52,9503,1.0
0,52,9531,100.0
0,52,9532,100.0
0,52,9533,100.0
0,52,9534,0.0
0,52,9580,100.0
0,52,9588,100.0
0,52,9672,100.0
0,52,9750,100.0
0,52,9829,100.0
0,52,9908,100.0
0,52,9987,100.0
0,52,10066,100.0
0,52,10145,100.0
0,52,10224,100.0
0,52,10303,100.0
0,52,10382,100.0
0,52,10461,100.0
0,52,10540,100.0
0,52,10619,100.0
0,52,10698,100.0
0,52,10777,100.0
0,52,10856,100.0
0,52,10935,100.0
0,52,11013,100.0
0,52,11092,100.0
0,52,11171,100.0
0,52,11250,100.0
0,52,11329,100.0
0,52,11408,100.0
0,52,11487,100.0
0,52,11566,100.0
0,52,11645,100.0
0,52,11724,100.0
0,52,11803,100.0
0,52,11882,100.0
0,52,11961,100.0
0,52,12040,100.0
0,52,12119,100.0
0,52,12198,100.0
0,52,12199,100.0
0,52,12246,100.0
0,52,12247,100.0
0,52,12384,100.0
0,52,12392,100.0
0,52,12401,15.0
0,52,12489,100.0
0,52,12493,100.0
0,52,12499,8.0
0,52,12523,100.0
0,52,12524,100.0
0,52,12525,100.0
0,52,12526,0.0
0,52,12527,0.0
0,52,12528,0.0
0,52,12529,0.0
0,52,12530,0.0
0,52,12531,0.0
0,52,12532,0.0
0,52,12533,0.0
0,52,12534,0.0
0,52,12535,0.0
0,52,12536,0.0
0,52,12537,0.0
0,52,12538,0.0
0,52,12539,0.0
0,52,12540,0.0
0,52,12541,0.0
0,52,12542,0.0
0,52,12543,0.0
0,52,12544,0.0
0,52,12545,0.0
0,52,12546,0.0
0,52,12547,0.0
0,52,12552,0.2666666666666666
0,52,12553,0.2666666666666666
0,52,12554,0.2666666666666666
0,52,12555,0.2666666666666666
0,52,12558,0.5454545454545454
0,52,12560,0.6363636363636361
0,52,12561,0.6363636363636361
0,52,12562,0.6363636363636361
0,52,12563,0.6363636363636361
0,52,12564,0.6363636363636361
0,52,12565,0.6363636363636361
0,52,12566,0.6363636363636361
0,52,12567,0.4166666666666666
0,52,12568,0.29999999999999993
0,52,12569,0.23076923076923078
0,52,12570,0.21428571428571433
0,52,12571,0.21428571428571433
0,52,12572,0.21428571428571433
0,52,12573,0.21428571428571433
0,52,12574,0.06666666666666667
0,52,12575,0.06250000000000001
0,52,12576,0.06250000000000001
0,52,12577,0.0
0,52,12578,0.0
0,52,12579,0.0
0,52,12580,0.0
0,52,12589,0.7272727272727272
0,52,12590,0.7272727272727272
0,52,12591,0.7272727272727272
0,52,12592,0.7272727272727272
0,52,12593,0.7272727272727272
0,52,12594,0.7272727272727272
0,52,12595,0.7272727272727272
0,52,12596,0.7272727272727272
0,52,12625,100.0
0,52,12646,100.0
0,52,12652,100.0
0,52,12773,100.0
0,52,12862,100.0
0,52,12936,100.0
0,52,13011,100.0
0,52,13036,100.0
0,52,13037,100.0
0,52,13038,100.0
0,52,13040,0.5000000000000001
0,52,13047,3.5000000000000004
0,52,13055,3.5000000000000004
0,52,13063,14.000000000000002
0,52,13065,7.5
0,52,13066,5.0
0,52,13071,4.0
0,52,13072,3.0
0,52,13073,2.4
0,52,13075,1.8333333333333333
0,52,13077,1.1666666666666665
0,52,13083,1.7142857142857144
0,52,13085,1.7142857142857144
0,52,13086,1.7142857142857144
0,52,13087,1.1428571428571428
0,52,13088,1.0
0,52,13089,1.0
0,52,13090,1.0
0,52,13105,3.5000000000000004
0,52,13116,100.0
0,52,13118,11.0
0,52,13119,5.5
0,52,13120,3.333333333333333
0,52,13121,2.5
0,52,13122,2.2
0,52,13123,1.8333333333333333
0,52,13124,1.2857142857142858
0,52,13134,1.2857142857142858
0,52,13136,1.375
0,52,13149,13.0
0,52,13150,6.5
0,52,13152,4.666666666666666
0,52,13163,5.5
0,52,13164,5.5
0,52,13165,3.333333333333333
0,52,13168,2.6
0,52,13174,3.5000000000000004
0,52,13177,2.2499999999999996
0,52,13183,3.5000000000000004
0,52,13184,3.5000000000000004
0,52,13191,4.333333333333333
0,52,13192,3.25
0,52,13193,2.6
0,52,13194,1.8333333333333333
0,52,13197,1.8333333333333333
0,52,13199,1.7999999999999998
0,52,13204,1.8333333333333333
0,52,13206,1.3333333333333335
0,52,13207,1.1428571428571428
0,52,13211,1.375
0,52,13213,1.7142857142857144
0,52,13217,2.4
0,52,13218,1.8333333333333333
0,52,13219,1.7142857142857144
0,52,13220,1.1428571428571428
0,52,13263,100.0
0,52,13276,100.0
0,52,13278,13.0
0,52,13283,8.0
0,52,13294,7.5
0,52,13299,14.000000000000002
0,52,13303,8.0
0,52,13308,5.5
0,52,13310,4.0
0,52,13318,5.0
0,52,13319,3.7500000000000004
0,52,13322,3.5000000000000004
0,52,13323,2.6
0,52,13344,100.0
0,52,13388,100.0
0,52,13397,100.0
0,52,13400,9.0
0,52,13518,100.0
0,52,13537,100.0
0,52,13538,18.0
0,52,13539,100.0
0,52,13540,0.0
0,52,13590,100.0
0,52,13591,100.0
0,52,13594,2.0000000000000004
0,52,13595,1.0
0,52,13596,1.0
0,52,13599,1.0
0,52,13600,1.0
0,52,13601,0.6
0,52,13602,0.5714285714285714
0,52,13603,0.5000000000000001
0,52,13604,0.4444444444444445
0,52,13605,0.39999999999999997
0,52,13606,0.39999999999999997
0,52,13607,0.3333333333333333
0,52,13608,0.3333333333333333
0,52,13610,0.3571428571428572
0,52,13611,0.3571428571428572
0,52,13612,0.21428571428571433
0,52,13613,0.21428571428571433
0,52,13614,0.21428571428571433
0,52,13615,0.06666666666666667
0,52,13616,0.06250000000000001
9,32,17115,100.0
9,32,17116,100.0
9,32,17121,4.0
9,32,17127,9.0
9,32,17134,5.0
9,32,17135,3.7500000000000004
9,32,17136,3.7500000000000004
9,32,17141,3.7500000000000004
9,32,17143,2.5
9,32,17149,2.5
9,32,17150,2.5
9,32,17151,1.6666666666666667
9,32,17152,1.6666666666666667
9,32,17153,1.6666666666666667
9,32,17155,1.375
15,60,8275,100.0
15,60,8276,100.0
15,60,8277,100.0
15,60,8278,0.0
15,60,8279,0.0
15,60,8280,0.0
15,60,8281,0.0
15,60,8283,0.3333333333333333
15,60,8284,0.14285714285714285
15,60,8288,0.5000000000000001
15,60,8292,0.7777777777777778
15,60,8293,0.7777777777777778
15,60,8294,0.6363636363636361
15,60,8301,2.4
15,60,8308,3.7500000000000004
15,60,8309,3.0
11,17,4468,100.0
11,17,4469,100.0
11,17,4470,100.0
11,17,4498,100.0
11,17,4521,100.0
11,17,4522,100.0
11,17,4523,100.0
11,17,4551,100.0
11,17,4553,100.0
11,17,4554,1.0
11,17,4555,0.5000000000000001
11,17,4556,0.3333333333333333
11,17,4557,0.0
11,17,4558,0.0
11,17,4559,0.0
11,17,4865,100.0
11,17,4866,100.0
11,17,5153,100.0
11,17,8174,100.0
11,17,11196,100.0
11,17,17239,100.0
11,17,17265,100.0
11,17,17284,100.0
