2000,2481,2,100.0
2000,2481,105,100.0
2000,2481,124,100.0
2000,2481,246,100.0
2000,2481,397,100.0
2000,2481,406,100.0
2000,2481,480,100.0
2000,2481,603,100.0
2000,2481,727,100.0
2000,2481,749,100.0
2000,2481,797,100.0
2000,2481,888,100.0
2000,2481,993,100.0
2000,2481,1047,100.0
2000,2481,1169,100.0
2000,2481,1242,100.0
2000,2481,1353,100.0
2000,2481,1465,100.0
2000,2481,1570,100.0
2000,2481,1675,100.0
2000,2481,1676,100.0
2000,2481,1805,100.0
2000,2481,1811,100.0
2000,2481,1917,100.0
2000,2481,2024,100.0
2000,2481,2120,100.0
2000,2481,2134,100.0
2000,2481,2163,100.0
2000,2481,2230,100.0
2000,2481,2248,100.0
2000,2481,2272,100.0
2000,2481,2317,100.0
2000,2481,2393,100.0
2000,2481,2420,100.0
2000,2481,2558,100.0
2000,2481,2604,100.0
2000,2481,2637,100.0
2000,2481,2739,100.0
2000,2481,2841,100.0
2000,2481,2871,100.0
2000,2481,3044,100.0
2000,2481,3161,100.0
2000,2481,3206,100.0
2000,2481,3278,100.0
2000,2481,3318,100.0
2000,2481,3483,100.0
2000,2481,3489,100.0
2000,2481,3497,100.0
2000,2481,3505,100.0
2000,2481,3632,100.0
2000,2481,3633,100.0
2000,2481,3771,100.0
2000,2481,3910,100.0
2000,2481,3921,100.0
2000,2481,3926,100.0
2000,2481,3972,100.0
2000,2481,4002,100.0
2000,2481,4048,100.0
2000,2481,4067,100.0
2000,2481,4148,100.0
2000,2481,4233,100.0
2000,2481,4249,100.0
2000,2481,4292,100.0
2000,2481,4485,100.0
2000,2481,4509,100.0
2000,2481,4598,100.0
2000,2481,4667,100.0
2000,2481,4795,100.0
2504,1998,305,100.0
2504,1998,378,100.0
2504,1998,382,100.0
2504,1998,567,100.0
2504,1998,796,100.0
2504,1998,809,100.0
2504,1998,889,100.0
2504,1998,967,100.0
2504,1998,1157,100.0
2504,1998,1250,100.0
2504,1998,1333,100.0
2504,1998,1462,100.0
2504,1998,1540,100.0
2504,1998,1722,100.0
2504,1998,1878,100.0
2504,1998,1971,100.0
2504,1998,2127,100.0
2504,1998,2220,100.0
2504,1998,2234,100.0
2504,1998,2266,100.0
2504,1998,2346,100.0
2504,1998,2462,100.0
2504,1998,2578,100.0
2504,1998,2604,100.0
2504,1998,2733,100.0
2504,1998,2862,100.0
2504,1998,2982,100.0
2504,1998,3145,100.0
2504,1998,3308,100.0
2504,1998,3446,100.0
2504,1998,3584,100.0
2504,1998,3766,100.0
2504,1998,3769,100.0
2504,1998,3832,100.0
2504,1998,3879,100.0
2504,1998,3977,100.0
2504,1998,4033,100.0
2504,1998,4163,100.0
2504,1998,4261,100.0
2504,1998,4369,100.0
2504,1998,4568,100.0
2504,1998,4730,100.0
2504,1998,4739,100.0
2504,1998,4768,100.0
2504,1998,4835,100.0
2504,1998,4955,100.0
4502,4988,29,100.0
4502,4988,43,100.0
4502,4988,45,100.0
4502,4988,54,100.0
4502,4988,83,100.0
4502,4988,97,100.0
4502,4988,120,100.0
4502,4988,143,100.0
4502,4988,158,100.0
4502,4988,163,100.0
4502,4988,175,100.0
4502,4988,187,100.0
4502,4988,196,100.0
4502,4988,208,100.0
4502,4988,209,100.0
4502,4988,217,7.0
4502,4988,234,100.0
4502,4988,248,100.0
4502,4988,287,100.0
4502,4988,293,100.0
4502,4988,348,100.0
4502,4988,380,100.0
4502,4988,412,100.0
4502,4988,415,100.0
4502,4988,439,100.0
4502,4988,486,100.0
4502,4988,501,100.0
4502,4988,553,100.0
4502,4988,560,100.0
4502,4988,581,100.0
4502,4988,615,100.0
4502,4988,648,100.0
4502,4988,672,100.0
4502,4988,698,100.0
4502,4988,734,100.0
4502,4988,751,100.0
4502,4988,763,100.0
4502,4988,771,100.0
4502,4988,785,100.0
4502,4988,793,100.0
4502,4988,826,100.0
4502,4988,837,100.0
4502,4988,871,100.0
4502,4988,906,100.0
4502,4988,925,100.0
4502,4988,955,100.0
4502,4988,978,100.0
4502,4988,1040,100.0
4502,4988,1044,100.0
4502,4988,1069,100.0
4502,4988,1120,100.0
4502,4988,1123,100.0
4502,4988,1136,100.0
4502,4988,1179,100.0
4502,4988,1201,100.0
4502,4988,1234,100.0
4502,4988,1238,100.0
4502,4988,1246,100.0
4502,4988,1300,100.0
4502,4988,1354,100.0
4502,4988,1385,100.0
4502,4988,1389,100.0
4502,4988,1405,100.0
4502,4988,1420,100.0
4502,4988,1432,100.0
4502,4988,1462,100.0
4502,4988,1499,100.0
4502,4988,1536,100.0
4502,4988,1553,100.0
4502,4988,1576,100.0
4502,4988,1578,100.0
4502,4988,1584,6.000000000000002
4502,4988,1613,100.0
4502,4988,1655,100.0
4502,4988,1663,100.0
4502,4988,1669,100.0
4502,4988,1676,100.0
4502,4988,1689,100.0
4502,4988,1721,100.0
4502,4988,1733,100.0
4502,4988,1765,100.0
4502,4988,1798,100.0
4502,4988,1830,100.0
4502,4988,1863,100.0
4502,4988,1866,100.0
4502,4988,1876,100.0
4502,4988,1899,100.0
4502,4988,1923,100.0
4502,4988,1933,100.0
4502,4988,1995,100.0
4502,4988,1998,100.0
4502,4988,2006,100.0
4502,4988,2026,100.0
4502,4988,2039,100.0
4502,4988,2042,100.0
4502,4988,2079,100.0
4502,4988,2081,100.0
4502,4988,2132,100.0
4502,4988,2138,100.0
4502,4988,2155,100.0
4502,4988,2163,100.0
4502,4988,2205,100.0
4502,4988,2249,100.0
4502,4988,2271,100.0
4502,4988,2277,100.0
4502,4988,2290,100.0
4502,4988,2313,100.0
4502,4988,2329,100.0
4502,4988,2332,100.0
4502,4988,2372,100.0
4502,4988,2412,100.0
4502,4988,2451,100.0
4502,4988,2490,100.0
4502,4988,2529,100.0
4502,4988,2568,100.0
4502,4988,2574,100.0
4502,4988,2575,4.0
4502,4988,2587,100.0
4502,4988,2605,100.0
4502,4988,2643,100.0
4502,4988,2691,100.0
4502,4988,2697,100.0
4502,4988,2719,100.0
4502,4988,2724,100.0
4502,4988,2727,4.0
4502,4988,2746,100.0
4502,4988,2761,100.0
4502,4988,2810,100.0
4502,4988,2850,100.0
4502,4988,2914,100.0
4502,4988,2955,100.0
4502,4988,2991,100.0
4502,4988,2995,100.0
4502,4988,3003,100.0
4502,4988,3011,100.0
4502,4988,3051,100.0
4502,4988,3092,100.0
4502,4988,3132,100.0
4502,4988,3172,100.0
4502,4988,3232,100.0
4502,4988,3248,100.0
4502,4988,3307,100.0
4502,4988,3324,100.0
4502,4988,3348,100.0
4502,4988,3365,100.0
4502,4988,3380,100.0
4502,4988,3381,100.0
4502,4988,3389,7.0
4502,4988,3402,100.0
4502,4988,3416,100.0
4502,4988,3418,100.0
4502,4988,3460,100.0
4502,4988,3518,100.0
4502,4988,3574,100.0
4502,4988,3612,100.0
4502,4988,3637,100.0
4502,4988,3687,100.0
4502,4988,3733,100.0
4502,4988,3745,100.0
4502,4988,3750,100.0
4502,4988,3784,100.0
4502,4988,3828,100.0
4502,4988,3858,100.0
4502,4988,3891,100.0
4502,4988,3945,100.0
4502,4988,3993,100.0
4502,4988,4041,100.0
4502,4988,4056,100.0
4502,4988,4058,100.0
4502,4988,4075,100.0
4502,4988,4109,100.0
4502,4988,4110,100.0
4502,4988,4163,100.0
4502,4988,4217,100.0
4502,4988,4220,100.0
4502,4988,4244,100.0
4502,4988,4254,100.0
4502,4988,4301,100.0
4502,4988,4352,100.0
4502,4988,4359,100.0
4502,4988,4418,100.0
4502,4988,4478,100.0
4502,4988,4481,100.0
4502,4988,4505,100.0
4502,4988,4513,100.0
4502,4988,4536,100.0
4502,4988,4556,100.0
4502,4988,4580,100.0
4502,4988,4604,100.0
4502,4988,4642,100.0
4502,4988,4680,100.0
4502,4988,4684,100.0
4502,4988,4685,3.0
4502,4988,4697,100.0
4502,4988,4742,100.0
4502,4988,4761,100.0
4502,4988,4797,100.0
4502,4988,4799,100.0
4502,4988,4863,100.0
4502,4988,4895,100.0
4502,4988,4928,100.0
4502,4988,4929,100.0
4502,4988,4930,100.0
4502,4988,4936,2.5
4502,4988,4937,1.6666666666666667
4502,4988,4944,6.000000000000002
4502,4988,4971,100.0
4502,4988,4989,100.0
4006,4481,45,100.0
4006,4481,233,100.0
4006,4481,615,100.0
4006,4481,1388,100.0
4006,4481,1559,100.0
4006,4481,1878,100.0
4006,4481,1947,100.0
4006,4481,1961,100.0
4006,4481,2280,100.0
4006,4481,2731,100.0
4006,4481,3247,100.0
4006,4481,3301,100.0
4006,4481,3383,100.0
4006,4481,3807,100.0
4006,4481,4212,100.0
4006,4481,4618,100.0
1003,3495,392,100.0
1003,3495,717,100.0
1003,3495,1135,100.0
1003,3495,1334,100.0
1003,3495,1922,100.0
1003,3495,2511,100.0
1003,3495,2805,100.0
1003,3495,3558,100.0
1003,3495,3712,100.0
1003,3495,3776,100.0
1003,3495,3943,100.0
1003,3495,4855,100.0
3502,1494,91,100.0
3502,1494,764,100.0
3502,1494,1292,100.0
3502,1494,1957,100.0
3502,1494,2598,100.0
3502,1494,2896,100.0
3502,1494,3140,100.0
3502,1494,3345,100.0
3502,1494,3424,100.0
3502,1494,3864,100.0
3502,1494,4199,100.0
3502,1494,4599,100.0
3502,1494,4999,100.0
1005,1486,27,100.0
1005,1486,109,100.0
1005,1486,209,100.0
1005,1486,312,100.0
1005,1486,469,100.0
1005,1486,544,100.0
1005,1486,588,100.0
1005,1486,618,100.0
1005,1486,738,100.0
1005,1486,882,100.0
1005,1486,887,100.0
1005,1486,897,100.0
1005,1486,1010,100.0
1005,1486,1124,100.0
1005,1486,1243,100.0
1005,1486,1363,100.0
1005,1486,1390,100.0
1005,1486,1463,100.0
1005,1486,1465,100.0
1005,1486,1550,100.0
1005,1486,1603,100.0
1005,1486,1675,100.0
1005,1486,1718,100.0
1005,1486,1778,100.0
1005,1486,1786,100.0
1005,1486,1907,100.0
1005,1486,2029,100.0
1005,1486,2046,100.0
1005,1486,2063,100.0
1005,1486,2129,100.0
1005,1486,2161,100.0
1005,1486,2208,100.0
1005,1486,2306,100.0
1005,1486,2358,100.0
1005,1486,2370,100.0
1005,1486,2490,100.0
1005,1486,2518,100.0
1005,1486,2520,100.0
1005,1486,2568,100.0
1005,1486,2703,100.0
1005,1486,2790,100.0
1005,1486,2878,100.0
1005,1486,2976,100.0
1005,1486,3018,100.0
1005,1486,3066,100.0
1005,1486,3125,100.0
1005,1486,3236,100.0
1005,1486,3293,100.0
1005,1486,3296,100.0
1005,1486,3468,100.0
1005,1486,3570,100.0
1005,1486,3672,100.0
1005,1486,3794,100.0
1005,1486,3798,100.0
1005,1486,3800,4.0
1005,1486,3871,100.0
1005,1486,3878,100.0
1005,1486,3912,100.0
1005,1486,3975,100.0
1005,1486,4137,100.0
1005,1486,4218,100.0
1005,1486,4260,100.0
1005,1486,4317,100.0
1005,1486,4481,100.0
1005,1486,4646,100.0
1005,1486,4780,100.0
1005,1486,4781,100.0
1005,1486,4813,100.0
1005,1486,4821,100.0
1005,1486,4851,100.0
1005,1486,4878,100.0
1005,1486,4936,100.0
1005,1486,4942,100.0
1005,1486,4966,100.0
1005,1486,4992,100.0
2504,2991,2,100.0
2504,2991,4,100.0
2504,2991,20,100.0
2504,2991,54,100.0
2504,2991,88,100.0
2504,2991,93,100.0
2504,2991,96,4.0
2504,2991,126,100.0
2504,2991,165,100.0
2504,2991,205,100.0
2504,2991,245,100.0
2504,2991,252,100.0
2504,2991,277,100.0
2504,2991,302,100.0
2504,2991,327,100.0
2504,2991,352,100.0
2504,2991,375,100.0
2504,2991,400,100.0
2504,2991,425,100.0
2504,2991,455,100.0
2504,2991,489,100.0
2504,2991,523,100.0
2504,2991,556,100.0
2504,2991,590,100.0
2504,2991,627,100.0
2504,2991,664,100.0
2504,2991,668,100.0
2504,2991,693,100.0
2504,2991,718,100.0
2504,2991,728,100.0
2504,2991,736,100.0
2504,2991,767,100.0
2504,2991,783,100.0
2504,2991,787,100.0
2504,2991,831,100.0
2504,2991,840,100.0
2504,2991,886,100.0
2504,2991,933,100.0
2504,2991,936,100.0
2504,2991,951,100.0
2504,2991,978,100.0
2504,2991,980,100.0
2504,2991,1010,100.0
2504,2991,1024,100.0
2504,2991,1030,100.0
2504,2991,1051,100.0
2504,2991,1076,100.0
2504,2991,1077,100.0
2504,2991,1091,100.0
2504,2991,1098,100.0
2504,2991,1117,100.0
2504,2991,1119,100.0
2504,2991,1131,100.0
2504,2991,1136,100.0
2504,2991,1142,100.0
2504,2991,1165,100.0
2504,2991,1179,100.0
2504,2991,1186,100.0
2504,2991,1189,8.0
2504,2991,1200,100.0
2504,2991,1231,100.0
2504,2991,1256,100.0
2504,2991,1284,100.0
2504,2991,1305,100.0
2504,2991,1332,100.0
2504,2991,1357,100.0
2504,2991,1382,100.0
2504,2991,1384,100.0
2504,2991,1385,1.0
2504,2991,1403,100.0
2504,2991,1404,100.0
2504,2991,1409,4.0
2504,2991,1448,100.0
2504,2991,1452,100.0
2504,2991,1467,100.0
2504,2991,1486,100.0
2504,2991,1519,100.0
2504,2991,1553,100.0
2504,2991,1575,100.0
2504,2991,1603,100.0
2504,2991,1604,100.0
2504,2991,1617,100.0
2504,2991,1618,100.0
2504,2991,1667,100.0
2504,2991,1707,100.0
2504,2991,1713,100.0
2504,2991,1714,4.0
2504,2991,1755,100.0
2504,2991,1767,100.0
2504,2991,1777,100.0
2504,2991,1816,100.0
2504,2991,1855,100.0
2504,2991,1856,100.0
2504,2991,1884,100.0
2504,2991,1912,100.0
2504,2991,1917,100.0
2504,2991,1922,8.0
2504,2991,1928,100.0
2504,2991,1947,100.0
2504,2991,1953,100.0
2504,2991,1973,100.0
2504,2991,2012,100.0
2504,2991,2040,100.0
2504,2991,2041,100.0
2504,2991,2081,100.0
2504,2991,2111,100.0
2504,2991,2112,100.0
2504,2991,2117,4.0
2504,2991,2119,2.5
2504,2991,2140,100.0
2504,2991,2189,100.0
2504,2991,2211,100.0
2504,2991,2223,100.0
2504,2991,2236,100.0
2504,2991,2238,100.0
2504,2991,2254,100.0
2504,2991,2276,100.0
2504,2991,2287,100.0
2504,2991,2313,100.0
2504,2991,2316,100.0
2504,2991,2328,100.0
2504,2991,2354,100.0
2504,2991,2384,100.0
2504,2991,2414,100.0
2504,2991,2423,100.0
2504,2991,2443,100.0
2504,2991,2447,100.0
2504,2991,2470,100.0
2504,2991,2482,100.0
2504,2991,2514,100.0
2504,2991,2547,100.0
2504,2991,2579,100.0
2504,2991,2609,100.0
2504,2991,2610,100.0
2504,2991,2624,100.0
2504,2991,2626,100.0
2504,2991,2630,4.0
2504,2991,2632,2.5
2504,2991,2675,100.0
2504,2991,2680,100.0
2504,2991,2716,100.0
2504,2991,2737,100.0
2504,2991,2750,100.0
2504,2991,2771,100.0
2504,2991,2776,100.0
2504,2991,2816,100.0
2504,2991,2854,100.0
2504,2991,2891,100.0
2504,2991,2929,100.0
2504,2991,2969,100.0
2504,2991,2970,100.0
2504,2991,3001,100.0
2504,2991,3032,100.0
2504,2991,3056,100.0
2504,2991,3063,100.0
2504,2991,3078,100.0
2504,2991,3110,100.0
2504,2991,3143,100.0
2504,2991,3157,100.0
2504,2991,3162,100.0
2504,2991,3197,100.0
2504,2991,3201,100.0
2504,2991,3232,100.0
2504,2991,3272,100.0
2504,2991,3299,100.0
2504,2991,3338,100.0
2504,2991,3375,100.0
2504,2991,3403,100.0
2504,2991,3417,100.0
2504,2991,3463,100.0
2504,2991,3478,100.0
2504,2991,3493,100.0
2504,2991,3524,100.0
2504,2991,3548,100.0
2504,2991,3582,100.0
2504,2991,3588,100.0
2504,2991,3598,100.0
2504,2991,3611,100.0
2504,2991,3613,100.0
2504,2991,3634,100.0
2504,2991,3635,100.0
2504,2991,3648,100.0
2504,2991,3695,100.0
2504,2991,3724,100.0
2504,2991,3750,100.0
2504,2991,3776,100.0
2504,2991,3796,100.0
2504,2991,3822,100.0
2504,2991,3864,100.0
2504,2991,3888,100.0
2504,2991,3908,100.0
2504,2991,3914,100.0
2504,2991,3928,100.0
2504,2991,3954,100.0
2504,2991,3960,100.0
2504,2991,3963,7.0
2504,2991,4003,100.0
2504,2991,4013,100.0
2504,2991,4033,100.0
2504,2991,4046,100.0
2504,2991,4066,100.0
2504,2991,4083,100.0
2504,2991,4113,100.0
2504,2991,4126,100.0
2504,2991,4163,100.0
2504,2991,4168,100.0
2504,2991,4180,100.0
2504,2991,4207,100.0
2504,2991,4224,100.0
2504,2991,4237,100.0
2504,2991,4273,100.0
2504,2991,4309,100.0
2504,2991,4317,100.0
2504,2991,4365,100.0
2504,2991,4366,100.0
2504,2991,4389,100.0
2504,2991,4395,100.0
2504,2991,4435,100.0
2504,2991,4440,100.0
2504,2991,4464,100.0
2504,2991,4507,100.0
2504,2991,4530,100.0
2504,2991,4532,100.0
2504,2991,4543,100.0
2504,2991,4575,100.0
2504,2991,4616,100.0
2504,2991,4658,100.0
2504,2991,4662,100.0
2504,2991,4667,7.0
2504,2991,4701,100.0
2504,2991,4704,100.0
2504,2991,4726,100.0
2504,2991,4774,100.0
2504,2991,4781,100.0
2504,2991,4795,100.0
2504,2991,4805,100.0
2504,2991,4820,100.0
2504,2991,4839,100.0
2504,2991,4856,100.0
2504,2991,4882,100.0
2504,2991,4907,100.0
2504,2991,4910,100.0
2504,2991,4935,100.0
2504,2991,4936,100.0
2504,2991,4946,100.0
2504,2991,4980,100.0
2504,2991,4981,100.0
2502,996,140,100.0
2502,996,174,100.0
2502,996,190,100.0
2502,996,387,100.0
2502,996,391,100.0
2502,996,413,100.0
2502,996,714,100.0
2502,996,799,100.0
2502,996,854,100.0
2502,996,1032,100.0
2502,996,1210,100.0
2502,996,1285,100.0
2502,996,1305,100.0
2502,996,1509,100.0
2502,996,1665,100.0
2502,996,1966,100.0
2502,996,1989,100.0
2502,996,2005,100.0
2502,996,2162,100.0
2502,996,2447,100.0
2502,996,2733,100.0
2502,996,2873,100.0
2502,996,3032,100.0
2502,996,3082,100.0
2502,996,3128,100.0
2502,996,3215,100.0
2502,996,3517,100.0
2502,996,3819,100.0
2502,996,4055,100.0
2502,996,4120,100.0
2502,996,4157,100.0
2502,996,4181,100.0
2502,996,4483,100.0
2502,996,4542,100.0
2502,996,4583,100.0
2502,996,4829,100.0
3001,2498,7,100.0
3001,2498,13,100.0
3001,2498,16,7.0
3001,2498,33,100.0
3001,2498,36,100.0
3001,2498,53,100.0
3001,2498,68,100.0
3001,2498,93,100.0
3001,2498,101,100.0
3001,2498,109,100.0
3001,2498,129,100.0
3001,2498,150,100.0
3001,2498,156,100.0
3001,2498,169,100.0
3001,2498,179,100.0
3001,2498,200,100.0
3001,2498,221,100.0
3001,2498,235,100.0
3001,2498,255,100.0
3001,2498,276,100.0
3001,2498,297,100.0
3001,2498,318,100.0
3001,2498,339,100.0
3001,2498,360,100.0
3001,2498,382,100.0
3001,2498,387,100.0
3001,2498,417,100.0
3001,2498,427,100.0
3001,2498,433,100.0
3001,2498,439,100.0
3001,2498,443,8.0
3001,2498,450,100.0
3001,2498,456,100.0
3001,2498,460,8.0
3001,2498,487,100.0
3001,2498,512,100.0
3001,2498,518,100.0
3001,2498,524,100.0
3001,2498,558,100.0
3001,2498,584,100.0
3001,2498,585,100.0
3001,2498,605,100.0
3001,2498,625,100.0
3001,2498,632,100.0
3001,2498,641,100.0
3001,2498,653,100.0
3001,2498,682,100.0
3001,2498,689,100.0
3001,2498,691,7.0
3001,2498,692,3.5000000000000004
3001,2498,721,100.0
3001,2498,751,100.0
3001,2498,754,100.0
3001,2498,771,100.0
3001,2498,781,100.0
3001,2498,791,100.0
3001,2498,798,100.0
3001,2498,799,4.0
3001,2498,804,4.0
3001,2498,815,100.0
3001,2498,831,100.0
3001,2498,861,100.0
3001,2498,872,100.0
3001,2498,881,100.0
3001,2498,897,100.0
3001,2498,900,100.0
3001,2498,901,2.0000000000000004
3001,2498,910,8.0
3001,2498,919,100.0
3001,2498,923,100.0
3001,2498,928,7.0
3001,2498,952,100.0
3001,2498,977,100.0
3001,2498,980,100.0
3001,2498,1006,100.0
3001,2498,1032,100.0
3001,2498,1041,100.0
3001,2498,1046,100.0
3001,2498,1069,100.0
3001,2498,1092,100.0
3001,2498,1099,100.0
3001,2498,1100,4.0
3001,2498,1103,2.0000000000000004
3001,2498,1123,100.0
3001,2498,1137,100.0
3001,2498,1140,100.0
3001,2498,1156,100.0
3001,2498,1160,100.0
3001,2498,1170,100.0
3001,2498,1176,100.0
3001,2498,1178,4.0
3001,2498,1180,3.5000000000000004
3001,2498,1185,3.0
3001,2498,1221,100.0
3001,2498,1257,100.0
3001,2498,1265,100.0
3001,2498,1268,100.0
3001,2498,1270,3.0
3001,2498,1277,7.0
3001,2498,1293,100.0
3001,2498,1298,100.0
3001,2498,1326,100.0
3001,2498,1341,100.0
3001,2498,1349,100.0
3001,2498,1353,100.0
3001,2498,1372,100.0
3001,2498,1383,100.0
3001,2498,1392,100.0
3001,2498,1402,100.0
3001,2498,1424,100.0
3001,2498,1425,100.0
3001,2498,1448,100.0
3001,2498,1472,100.0
3001,2498,1473,100.0
3001,2498,1503,100.0
3001,2498,1506,100.0
3001,2498,1509,4.0
3001,2498,1514,4.0
3001,2498,1529,100.0
3001,2498,1535,100.0
3001,2498,1570,100.0
3001,2498,1605,100.0
3001,2498,1609,100.0
3001,2498,1615,8.0
3001,2498,1646,100.0
3001,2498,1663,100.0
3001,2498,1665,100.0
3001,2498,1669,4.0
3001,2498,1672,3.0
3001,2498,1699,100.0
3001,2498,1727,100.0
3001,2498,1740,100.0
3001,2498,1764,100.0
3001,2498,1788,100.0
3001,2498,1789,100.0
3001,2498,1821,100.0
3001,2498,1828,100.0
3001,2498,1832,100.0
3001,2498,1845,100.0
3001,2498,1852,100.0
3001,2498,1864,100.0
3001,2498,1866,100.0
3001,2498,1889,100.0
3001,2498,1914,100.0
3001,2498,1939,100.0
3001,2498,1964,100.0
3001,2498,1969,100.0
3001,2498,2003,100.0
3001,2498,2012,100.0
3001,2498,2014,100.0
3001,2498,2029,100.0
3001,2498,2038,100.0
3001,2498,2071,100.0
3001,2498,2075,100.0
3001,2498,2076,3.0
3001,2498,2083,6.000000000000002
3001,2498,2086,8.0
3001,2498,2097,100.0
3001,2498,2120,100.0
3001,2498,2144,100.0
3001,2498,2154,100.0
3001,2498,2157,100.0
3001,2498,2162,4.0
3001,2498,2175,100.0
3001,2498,2177,100.0
3001,2498,2189,100.0
3001,2498,2195,100.0
3001,2498,2200,100.0
3001,2498,2203,4.0
3001,2498,2214,100.0
3001,2498,2215,100.0
3001,2498,2235,100.0
3001,2498,2256,100.0
3001,2498,2276,100.0
3001,2498,2297,100.0
3001,2498,2307,100.0
3001,2498,2316,100.0
3001,2498,2333,100.0
3001,2498,2367,100.0
3001,2498,2384,100.0
3001,2498,2392,100.0
3001,2498,2393,7.0
3001,2498,2413,100.0
3001,2498,2437,100.0
3001,2498,2461,100.0
3001,2498,2481,100.0
3001,2498,2501,100.0
3001,2498,2519,100.0
3001,2498,2527,100.0
3001,2498,2560,100.0
3001,2498,2566,100.0
3001,2498,2571,100.0
3001,2498,2575,7.0
3001,2498,2602,100.0
3001,2498,2629,100.0
3001,2498,2633,100.0
3001,2498,2634,3.0
3001,2498,2642,7.0
3001,2498,2649,100.0
3001,2498,2656,100.0
3001,2498,2661,100.0
3001,2498,2662,4.0
3001,2498,2664,2.5
3001,2498,2703,100.0
3001,2498,2711,100.0
3001,2498,2722,100.0
3001,2498,2723,100.0
3001,2498,2757,100.0
3001,2498,2789,100.0
3001,2498,2790,100.0
3001,2498,2793,2.0000000000000004
3001,2498,2798,3.0
3001,2498,2804,100.0
3001,2498,2806,4.0
3001,2498,2826,100.0
3001,2498,2845,100.0
3001,2498,2854,100.0
3001,2498,2859,100.0
3001,2498,2868,100.0
3001,2498,2884,100.0
3001,2498,2891,100.0
3001,2498,2897,100.0
3001,2498,2902,100.0
3001,2498,2937,100.0
3001,2498,2945,100.0
3001,2498,2961,100.0
3001,2498,2988,100.0
3001,2498,2992,100.0
3001,2498,3000,100.0
3001,2498,3024,100.0
3001,2498,3046,100.0
3001,2498,3063,100.0
3001,2498,3098,100.0
3001,2498,3113,100.0
3001,2498,3132,100.0
3001,2498,3136,100.0
3001,2498,3168,100.0
3001,2498,3186,100.0
3001,2498,3193,100.0
3001,2498,3202,100.0
3001,2498,3229,100.0
3001,2498,3237,100.0
3001,2498,3243,100.0
3001,2498,3250,100.0
3001,2498,3276,100.0
3001,2498,3303,100.0
3001,2498,3313,100.0
3001,2498,3327,100.0
3001,2498,3334,100.0
3001,2498,3342,100.0
3001,2498,3355,100.0
3001,2498,3360,100.0
3001,2498,3374,100.0
3001,2498,3378,100.0
3001,2498,3381,4.0
3001,2498,3395,100.0
3001,2498,3399,100.0
3001,2498,3405,8.0
3001,2498,3411,100.0
3001,2498,3428,100.0
3001,2498,3429,100.0
3001,2498,3442,100.0
3001,2498,3443,100.0
3001,2498,3451,7.0
3001,2498,3465,100.0
3001,2498,3504,100.0
3001,2498,3525,100.0
3001,2498,3536,100.0
3001,2498,3570,100.0
3001,2498,3582,100.0
3001,2498,3587,100.0
3001,2498,3596,100.0
3001,2498,3599,100.0
3001,2498,3613,100.0
3001,2498,3641,100.0
3001,2498,3642,100.0
3001,2498,3667,100.0
3001,2498,3693,100.0
3001,2498,3707,100.0
3001,2498,3736,100.0
3001,2498,3750,100.0
3001,2498,3751,100.0
3001,2498,3773,100.0
3001,2498,3777,100.0
3001,2498,3778,3.0
3001,2498,3801,100.0
3001,2498,3824,100.0
3001,2498,3845,100.0
3001,2498,3867,100.0
3001,2498,3903,100.0
3001,2498,3911,100.0
3001,2498,3915,100.0
3001,2498,3936,100.0
3001,2498,3942,100.0
3001,2498,3954,100.0
3001,2498,3977,100.0
3001,2498,4004,100.0
3001,2498,4010,100.0
3001,2498,4017,100.0
3001,2498,4030,100.0
3001,2498,4050,100.0
3001,2498,4063,100.0
3001,2498,4064,100.0
3001,2498,4067,2.0000000000000004
3001,2498,4089,100.0
3001,2498,4117,100.0
3001,2498,4124,100.0
3001,2498,4127,8.0
3001,2498,4167,100.0
3001,2498,4188,100.0
3001,2498,4199,100.0
3001,2498,4207,100.0
3001,2498,4208,7.0
3001,2498,4218,100.0
3001,2498,4227,100.0
3001,2498,4267,100.0
3001,2498,4307,100.0
3001,2498,4342,100.0
3001,2498,4377,100.0
3001,2498,4380,100.0
3001,2498,4405,100.0
3001,2498,4430,100.0
3001,2498,4433,100.0
3001,2498,4471,100.0
3001,2498,4476,100.0
3001,2498,4497,100.0
3001,2498,4499,100.0
3001,2498,4509,100.0
3001,2498,4530,100.0
3001,2498,4533,100.0
3001,2498,4540,8.0
3001,2498,4546,100.0
3001,2498,4569,100.0
3001,2498,4592,100.0
3001,2498,4600,100.0
3001,2498,4640,100.0
3001,2498,4644,100.0
3001,2498,4648,4.0
3001,2498,4669,100.0
3001,2498,4690,100.0
3001,2498,4696,100.0
3001,2498,4718,100.0
3001,2498,4724,100.0
3001,2498,4725,4.0
3001,2498,4742,100.0
3001,2498,4744,100.0
3001,2498,4756,100.0
3001,2498,4761,100.0
3001,2498,4781,100.0
3001,2498,4782,100.0
3001,2498,4792,100.0
3001,2498,4816,100.0
3001,2498,4841,100.0
3001,2498,4845,100.0
3001,2498,4860,100.0
3001,2498,4884,100.0
3001,2498,4909,100.0
3001,2498,4914,100.0
3001,2498,4919,8.0
3001,2498,4921,4.0
3001,2498,4924,3.5000000000000004
3001,2498,4929,3.5000000000000004
3001,2498,4943,100.0
3001,2498,4969,100.0
3003,996,71,100.0
3003,996,389,100.0
3003,996,1177,100.0
3003,996,1249,100.0
3003,996,1644,100.0
3003,996,2243,100.0
3003,996,2625,100.0
3003,996,2748,100.0
3003,996,3271,100.0
3003,996,3795,100.0
3003,996,4521,100.0
2500,4994,184,100.0
2500,4994,393,100.0
2500,4994,602,100.0
2500,4994,620,100.0
2500,4994,674,100.0
2500,4994,815,100.0
2500,4994,860,100.0
2500,4994,892,100.0
2500,4994,1117,100.0
2500,4994,1342,100.0
2500,4994,1419,100.0
2500,4994,1484,100.0
2500,4994,1829,100.0
2500,4994,2058,100.0
2500,4994,2113,100.0
2500,4994,2393,100.0
2500,4994,2608,100.0
2500,4994,2626,100.0
2500,4994,2768,100.0
2500,4994,2807,100.0
2500,4994,2856,100.0
2500,4994,3067,100.0
2500,4994,3138,100.0
2500,4994,3201,100.0
2500,4994,3299,100.0
2500,4994,3325,100.0
2500,4994,3443,100.0
2500,4994,3516,100.0
2500,4994,3797,100.0
2500,4994,4175,100.0
2500,4994,4290,100.0
2500,4994,4298,100.0
2500,4994,4397,100.0
2500,4994,4604,100.0
2500,4994,4812,100.0
2500,4994,4877,100.0
3000,2999,3,100.0
3000,2999,7,100.0
3000,2999,12,7.0
3000,2999,17,8.0
3000,2999,19,4.0
3000,2999,26,7.0
3000,2999,29,8.0
3000,2999,31,3.0
3000,2999,33,2.0000000000000004
3000,2999,36,1.6666666666666667
3000,2999,39,1.6666666666666667
3000,2999,42,3.0
3000,2999,47,4.0
3000,2999,51,7.0
3000,2999,53,4.0
3000,2999,55,2.5
3000,2999,59,2.5
3000,2999,64,7.0
3000,2999,70,100.0
3000,2999,73,7.0
3000,2999,78,4.0
3000,2999,83,8.0
3000,2999,88,8.0
3000,2999,90,4.0
3000,2999,94,4.0
3000,2999,100,8.0
3000,2999,102,4.0
3000,2999,104,3.5000000000000004
3000,2999,105,1.0
3000,2999,108,1.0
3000,2999,110,1.0
3000,2999,115,3.5000000000000004
3000,2999,117,3.0
3000,2999,119,3.0
3000,2999,121,1.0
3000,2999,122,1.0
3000,2999,126,1.6666666666666667
3000,2999,131,3.5000000000000004
3000,2999,132,3.5000000000000004
3000,2999,135,3.0
3000,2999,137,3.0
3000,2999,138,1.0
3000,2999,140,1.0
3000,2999,147,3.5000000000000004
3000,2999,154,100.0
3000,2999,156,7.0
3000,2999,157,3.5000000000000004
3000,2999,159,1.0
3000,2999,161,1.0
3000,2999,168,7.0
3000,2999,170,7.0
3000,2999,175,4.0
3000,2999,177,3.0
3000,2999,183,6.000000000000002
3000,2999,184,3.0
3000,2999,188,3.0
3000,2999,191,2.5
3000,2999,194,3.5000000000000004
3000,2999,201,8.0
3000,2999,208,100.0
3000,2999,211,8.0
3000,2999,212,2.0000000000000004
3000,2999,216,2.5
3000,2999,219,2.5
3000,2999,222,3.5000000000000004
3000,2999,223,2.0000000000000004
3000,2999,226,1.6666666666666667
3000,2999,227,1.0
3000,2999,233,3.5000000000000004
3000,2999,235,3.0
3000,2999,236,3.0
3000,2999,243,3.5000000000000004
3000,2999,246,8.0
3000,2999,247,2.0000000000000004
3000,2999,248,1.0
3000,2999,253,1.6666666666666667
3000,2999,258,8.0
3000,2999,263,8.0
3000,2999,268,8.0
3000,2999,273,8.0
3000,2999,275,4.0
3000,2999,278,3.5000000000000004
3000,2999,280,2.0000000000000004
3000,2999,281,1.0
3000,2999,286,2.5
3000,2999,289,3.0
3000,2999,295,7.0
3000,2999,302,100.0
3000,2999,308,100.0
3000,2999,315,100.0
3000,2999,319,100.0
3000,2999,320,3.0
3000,2999,323,2.5
3000,2999,324,1.6666666666666667
3000,2999,331,6.000000000000002
3000,2999,333,3.5000000000000004
3000,2999,338,4.0
3000,2999,344,100.0
3000,2999,350,100.0
3000,2999,353,7.0
3000,2999,357,4.0
3000,2999,361,4.0
3000,2999,363,3.5000000000000004
3000,2999,365,2.5
3000,2999,366,1.6666666666666667
3000,2999,371,1.6666666666666667
3000,2999,372,1.6666666666666667
3000,2999,375,3.0
3000,2999,377,3.0
3000,2999,379,2.0000000000000004
3000,2999,381,1.6666666666666667
3000,2999,384,1.6666666666666667
3000,2999,385,1.0
3000,2999,388,1.6666666666666667
3000,2999,394,3.5000000000000004
3000,2999,400,100.0
3000,2999,401,4.0
3000,2999,402,2.5
3000,2999,404,1.6666666666666667
3000,2999,405,0.3333333333333333
3000,2999,406,0.3333333333333333
3000,2999,407,0.3333333333333333
3000,2999,414,3.0
3000,2999,415,3.0
3000,2999,417,3.5000000000000004
3000,2999,421,2.0000000000000004
3000,2999,422,2.0000000000000004
3000,2999,425,1.6666666666666667
3000,2999,431,3.5000000000000004
3000,2999,433,4.0
3000,2999,434,3.0
3000,2999,439,2.5
3000,2999,443,3.5000000000000004
3000,2999,448,7.0
3000,2999,454,100.0
3000,2999,458,8.0
3000,2999,461,4.0
3000,2999,466,4.0
3000,2999,469,4.0
3000,2999,471,3.5000000000000004
3000,2999,478,7.0
3000,2999,486,100.0
3000,2999,489,100.0
3000,2999,491,3.0
3000,2999,492,1.0
3000,2999,493,1.0
3000,2999,497,1.0
3000,2999,502,3.5000000000000004
3000,2999,506,7.0
3000,2999,511,7.0
3000,2999,518,100.0
3000,2999,526,100.0
3000,2999,530,100.0
3000,2999,531,3.0
3000,2999,532,1.0
3000,2999,533,1.0
3000,2999,534,0.5000000000000001
3000,2999,540,1.6666666666666667
3000,2999,541,1.6666666666666667
3000,2999,546,4.0
3000,2999,550,3.5000000000000004
3000,2999,555,7.0
3000,2999,556,3.5000000000000004
3000,2999,560,3.5000000000000004
3000,2999,565,3.5000000000000004
3000,2999,570,8.0
3000,2999,573,4.0
3000,2999,574,3.0
3000,2999,575,1.6666666666666667
3000,2999,582,3.0
3000,2999,584,3.5000000000000004
3000,2999,589,4.0
3000,2999,595,100.0
3000,2999,596,4.0
3000,2999,600,3.0
3000,2999,602,2.0000000000000004
3000,2999,605,3.0
3000,2999,608,2.5
3000,2999,612,3.5000000000000004
3000,2999,618,8.0
3000,2999,623,100.0
3000,2999,627,7.0
3000,2999,630,4.0
3000,2999,632,3.0
3000,2999,633,1.6666666666666667
3000,2999,634,1.0
3000,2999,635,0.5000000000000001
3000,2999,642,3.0
3000,2999,645,8.0
3000,2999,651,7.0
3000,2999,653,4.0
3000,2999,659,6.000000000000002
3000,2999,664,100.0
3000,2999,669,8.0
3000,2999,676,100.0
3000,2999,680,100.0
3000,2999,688,100.0
3000,2999,696,100.0
3000,2999,701,100.0
3000,2999,708,100.0
3000,2999,713,100.0
3000,2999,714,4.0
3000,2999,717,3.0
3000,2999,719,3.0
3000,2999,721,2.0000000000000004
3000,2999,726,3.0
3000,2999,731,8.0
3000,2999,735,7.0
3000,2999,740,7.0
3000,2999,742,4.0
3000,2999,744,3.0
3000,2999,749,3.0
3000,2999,754,8.0
3000,2999,756,4.0
3000,2999,763,7.0
3000,2999,768,100.0
3000,2999,774,100.0
3000,2999,779,100.0
3000,2999,786,100.0
3000,2999,789,8.0
3000,2999,790,2.0000000000000004
3000,2999,793,2.0000000000000004
3000,2999,795,1.6666666666666667
3000,2999,798,1.6666666666666667
3000,2999,805,8.0
3000,2999,806,4.0
3000,2999,809,2.0000000000000004
3000,2999,813,2.5
3000,2999,814,1.6666666666666667
3000,2999,815,1.6666666666666667
3000,2999,817,1.0
3000,2999,819,1.0
3000,2999,820,0.5000000000000001
3000,2999,824,1.6666666666666667
3000,2999,827,1.6666666666666667
3000,2999,828,1.6666666666666667
3000,2999,829,1.6666666666666667
3000,2999,835,2.5
3000,2999,841,100.0
3000,2999,846,100.0
3000,2999,847,4.0
3000,2999,849,2.5
3000,2999,850,1.6666666666666667
3000,2999,856,3.0
3000,2999,862,100.0
3000,2999,864,4.0
3000,2999,868,4.0
3000,2999,869,2.0000000000000004
3000,2999,871,1.6666666666666667
3000,2999,873,1.6666666666666667
3000,2999,874,1.0
3000,2999,875,0.5000000000000001
3000,2999,878,1.0
3000,2999,882,1.6666666666666667
3000,2999,888,8.0
3000,2999,891,7.0
3000,2999,895,4.0
3000,2999,898,3.5000000000000004
3000,2999,899,2.5
3000,2999,902,2.0000000000000004
3000,2999,905,1.6666666666666667
3000,2999,909,3.5000000000000004
3000,2999,913,4.0
3000,2999,921,100.0
3000,2999,928,100.0
3000,2999,932,100.0
3000,2999,937,7.0
3000,2999,942,8.0
3000,2999,944,4.0
3000,2999,949,4.0
3000,2999,954,8.0
3000,2999,956,4.0
3000,2999,957,2.5
3000,2999,961,2.0000000000000004
3000,2999,962,1.0
3000,2999,966,3.0
3000,2999,970,3.0
3000,2999,973,4.0
3000,2999,974,2.5
3000,2999,977,2.0000000000000004
3000,2999,979,1.6666666666666667
3000,2999,981,2.0000000000000004
3000,2999,983,1.6666666666666667
3000,2999,985,1.0
3000,2999,986,1.0
3000,2999,987,0.6
3000,2999,994,3.0
3000,2999,1000,100.0
3000,2999,1007,100.0
3000,2999,1010,8.0
3000,2999,1011,2.0000000000000004
3000,2999,1012,1.0
3000,2999,1015,1.0
3000,2999,1019,1.6666666666666667
3000,2999,1023,4.0
3000,2999,1025,3.5000000000000004
3000,2999,1026,2.0000000000000004
3000,2999,1032,3.0
3000,2999,1036,8.0
3000,2999,1043,100.0
3000,2999,1047,100.0
3000,2999,1055,100.0
3000,2999,1056,7.0
3000,2999,1061,4.0
3000,2999,1068,100.0
3000,2999,1072,100.0
3000,2999,1076,4.0
3000,2999,1081,7.0
3000,2999,1084,4.0
3000,2999,1089,4.0
3000,2999,1095,100.0
3000,2999,1101,100.0
3000,2999,1103,4.0
3000,2999,1111,8.0
3000,2999,1113,8.0
3000,2999,1116,3.0
3000,2999,1121,3.5000000000000004
3000,2999,1126,8.0
3000,2999,1127,4.0
3000,2999,1128,2.0000000000000004
3000,2999,1129,1.0
3000,2999,1135,1.6666666666666667
3000,2999,1136,1.6666666666666667
3000,2999,1139,3.5000000000000004
3000,2999,1141,3.0
3000,2999,1143,2.0000000000000004
3000,2999,1145,1.6666666666666667
3000,2999,1151,3.5000000000000004
3000,2999,1152,3.0
3000,2999,1154,3.0
3000,2999,1155,1.6666666666666667
3000,2999,1163,7.0
3000,2999,1171,100.0
3000,2999,1173,8.0
3000,2999,1175,2.0000000000000004
3000,2999,1179,2.5
3000,2999,1182,3.0
3000,2999,1183,1.6666666666666667
3000,2999,1186,2.0000000000000004
3000,2999,1192,3.5000000000000004
3000,2999,1193,3.5000000000000004
3000,2999,1196,3.5000000000000004
3000,2999,1197,1.0
3000,2999,1198,1.0
3000,2999,1204,2.5
3000,2999,1209,100.0
3000,2999,1217,100.0
3000,2999,1218,7.0
3000,2999,1222,3.0
3000,2999,1225,2.5
3000,2999,1230,4.0
3000,2999,1235,8.0
3000,2999,1241,100.0
3000,2999,1248,100.0
3000,2999,1249,4.0
3000,2999,1253,3.0
3000,2999,1257,3.0
3000,2999,1259,3.5000000000000004
3000,2999,1263,3.5000000000000004
3000,2999,1267,3.5000000000000004
3000,2999,1272,7.0
3000,2999,1279,100.0
3000,2999,1280,4.0
3000,2999,1285,4.0
3000,2999,1286,2.0000000000000004
3000,2999,1287,2.0000000000000004
3000,2999,1290,1.6666666666666667
3000,2999,1296,3.5000000000000004
3000,2999,1302,100.0
3000,2999,1304,4.0
3000,2999,1306,3.5000000000000004
3000,2999,1311,3.0
3000,2999,1316,8.0
3000,2999,1320,7.0
3000,2999,1323,4.0
3000,2999,1325,3.0
3000,2999,1327,2.0000000000000004
3000,2999,1330,1.6666666666666667
3000,2999,1331,1.0
3000,2999,1337,3.5000000000000004
3000,2999,1339,3.0
3000,2999,1347,8.0
3000,2999,1353,100.0
3000,2999,1358,100.0
3000,2999,1364,100.0
3000,2999,1368,8.0
3000,2999,1370,4.0
3000,2999,1372,2.5
3000,2999,1377,3.0
3000,2999,1382,8.0
3000,2999,1384,4.0
3000,2999,1385,2.5
3000,2999,1388,1.0
3000,2999,1389,1.0
3000,2999,1396,6.000000000000002
3000,2999,1399,8.0
3000,2999,1403,4.0
3000,2999,1409,8.0
3000,2999,1413,8.0
3000,2999,1414,3.0
3000,2999,1418,3.0
3000,2999,1419,1.6666666666666667
3000,2999,1421,2.0000000000000004
3000,2999,1422,1.0
3000,2999,1423,1.0
3000,2999,1425,0.5000000000000001
3000,2999,1429,1.0
3000,2999,1430,1.0
3000,2999,1431,1.0
3000,2999,1435,1.6666666666666667
3000,2999,1440,3.5000000000000004
3000,2999,1445,8.0
3000,2999,1450,8.0
3000,2999,1455,8.0
3000,2999,1456,4.0
3000,2999,1459,3.0
3000,2999,1463,2.5
3000,2999,1465,3.0
3000,2999,1468,3.0
3000,2999,1470,2.0000000000000004
3000,2999,1476,6.000000000000002
3000,2999,1477,3.0
3000,2999,1478,1.6666666666666667
3000,2999,1479,1.6666666666666667
3000,2999,1482,1.0
3000,2999,1483,0.5000000000000001
3000,2999,1484,0.39999999999999997
3000,2999,1485,0.3333333333333333
3000,2999,1489,1.0
3000,2999,1494,3.5000000000000004
3000,2999,1495,3.5000000000000004
3000,2999,1498,3.0
3000,2999,1500,3.0
3000,2999,1505,3.5000000000000004
3000,2999,1508,3.5000000000000004
3000,2999,1514,7.0
3000,2999,1521,100.0
3000,2999,1526,100.0
3000,2999,1531,8.0
3000,2999,1532,4.0
3000,2999,1535,3.0
3000,2999,1536,1.6666666666666667
3000,2999,1543,6.000000000000002
3000,2999,1548,100.0
3000,2999,1553,8.0
3000,2999,1559,100.0
3000,2999,1563,8.0
3000,2999,1568,7.0
3000,2999,1569,3.5000000000000004
3000,2999,1576,6.000000000000002
3000,2999,1577,3.0
3000,2999,1579,3.5000000000000004
3000,2999,1586,3.5000000000000004
3000,2999,1593,100.0
3000,2999,1594,4.0
3000,2999,1595,3.0
3000,2999,1597,0.5000000000000001
3000,2999,1598,0.3333333333333333
3000,2999,1600,0.5000000000000001
3000,2999,1601,0.39999999999999997
3000,2999,1605,1.0
3000,2999,1606,1.0
3000,2999,1609,1.6666666666666667
3000,2999,1613,2.5
3000,2999,1618,7.0
3000,2999,1621,4.0
3000,2999,1622,3.0
3000,2999,1623,1.6666666666666667
3000,2999,1624,0.3333333333333333
3000,2999,1629,2.0000000000000004
3000,2999,1633,3.5000000000000004
3000,2999,1634,3.5000000000000004
3000,2999,1635,1.0
3000,2999,1641,2.5
3000,2999,1643,3.0
3000,2999,1648,4.0
3000,2999,1653,8.0
3000,2999,1654,4.0
3000,2999,1660,5.0
3000,2999,1665,100.0
3000,2999,1671,100.0
3000,2999,1674,7.0
3000,2999,1675,3.5000000000000004
3000,2999,1680,3.0
3000,2999,1682,2.5
3000,2999,1686,4.0
3000,2999,1691,7.0
3000,2999,1695,7.0
3000,2999,1698,4.0
3000,2999,1701,3.5000000000000004
3000,2999,1702,2.0000000000000004
3000,2999,1710,7.0
3000,2999,1714,100.0
3000,2999,1719,7.0
3000,2999,1724,8.0
3000,2999,1725,4.0
3000,2999,1727,2.5
3000,2999,1728,1.6666666666666667
3000,2999,1730,1.0
3000,2999,1733,1.0
3000,2999,1734,1.0
3000,2999,1735,0.6
3000,2999,1739,1.6666666666666667
3000,2999,1744,3.5000000000000004
3000,2999,1746,4.0
3000,2999,1748,3.0
3000,2999,1753,3.0
3000,2999,1758,8.0
3000,2999,1766,100.0
3000,2999,1770,100.0
3000,2999,1775,7.0
3000,2999,1776,3.5000000000000004
3000,2999,1779,3.0
3000,2999,1783,2.5
3000,2999,1788,7.0
3000,2999,1792,7.0
3000,2999,1799,100.0
3000,2999,1806,100.0
3000,2999,1808,7.0
3000,2999,1815,7.0
3000,2999,1816,3.5000000000000004
3000,2999,1819,2.0000000000000004
3000,2999,1820,1.0
3000,2999,1825,3.0
3000,2999,1827,2.5
3000,2999,1828,1.6666666666666667
3000,2999,1829,1.6666666666666667
3000,2999,1831,0.3333333333333333
3000,2999,1834,1.0
3000,2999,1835,0.6
3000,2999,1840,3.0
3000,2999,1843,3.0
3000,2999,1846,4.0
3000,2999,1848,2.5
3000,2999,1849,1.6666666666666667
3000,2999,1854,2.5
3000,2999,1860,100.0
3000,2999,1861,4.0
3000,2999,1864,3.5000000000000004
3000,2999,1866,3.0
3000,2999,1870,3.0
3000,2999,1875,7.0
3000,2999,1876,3.5000000000000004
3000,2999,1879,3.0
3000,2999,1881,3.0
3000,2999,1882,1.0
3000,2999,1885,1.6666666666666667
3000,2999,1888,1.6666666666666667
3000,2999,1892,3.5000000000000004
3000,2999,1897,7.0
3000,2999,1898,3.5000000000000004
3000,2999,1900,2.5
3000,2999,1901,1.6666666666666667
3000,2999,1904,1.0
3000,2999,1907,1.6666666666666667
3000,2999,1910,3.0
3000,2999,1913,3.0
3000,2999,1915,2.5
3000,2999,1920,3.5000000000000004
3000,2999,1926,100.0
3000,2999,1930,8.0
3000,2999,1932,4.0
3000,2999,1936,3.5000000000000004
3000,2999,1939,3.0
3000,2999,1947,100.0
3000,2999,1954,100.0
3000,2999,1958,100.0
3000,2999,1963,7.0
3000,2999,1969,100.0
3000,2999,1974,100.0
3000,2999,1980,100.0
3000,2999,1984,8.0
3000,2999,1985,3.0
3000,2999,1992,6.000000000000002
3000,2999,1997,100.0
3000,2999,1999,4.0
3000,2999,2004,4.0
3000,2999,2009,8.0
3000,2999,2010,4.0
3000,2999,2018,7.0
3000,2999,2022,100.0
3000,2999,2027,7.0
3000,2999,2031,7.0
3000,2999,2036,7.0
3000,2999,2042,100.0
3000,2999,2048,100.0
3000,2999,2054,100.0
3000,2999,2056,4.0
3000,2999,2062,6.000000000000002
3000,2999,2063,3.0
3000,2999,2071,7.0
3000,2999,2072,3.5000000000000004
3000,2999,2080,7.0
3000,2999,2083,100.0
3000,2999,2087,4.0
3000,2999,2092,7.0
3000,2999,2094,4.0
3000,2999,2095,2.5
3000,2999,2097,1.6666666666666667
3000,2999,2098,0.3333333333333333
3000,2999,2102,1.0
3000,2999,2106,3.0
3000,2999,2111,7.0
3000,2999,2115,7.0
3000,2999,2120,7.0
3000,2999,2121,3.5000000000000004
3000,2999,2126,4.0
3000,2999,2128,2.5
3000,2999,2129,1.6666666666666667
3000,2999,2131,1.6666666666666667
3000,2999,2133,1.0
3000,2999,2134,0.5000000000000001
3000,2999,2138,1.6666666666666667
3000,2999,2142,3.0
3000,2999,2148,8.0
3000,2999,2150,4.0
3000,2999,2151,3.0
3000,2999,2154,1.0
3000,2999,2157,1.6666666666666667
3000,2999,2158,1.0
3000,2999,2162,2.5
3000,2999,2168,8.0
3000,2999,2174,100.0
3000,2999,2177,7.0
3000,2999,2182,4.0
3000,2999,2186,7.0
3000,2999,2193,100.0
3000,2999,2195,7.0
3000,2999,2199,4.0
3000,2999,2201,2.5
3000,2999,2203,1.6666666666666667
3000,2999,2204,1.6666666666666667
3000,2999,2207,1.0
3000,2999,2209,1.0
3000,2999,2214,3.5000000000000004
3000,2999,2217,3.5000000000000004
3000,2999,2220,4.0
3000,2999,2221,2.0000000000000004
3000,2999,2225,2.5
3000,2999,2228,2.5
3000,2999,2231,3.5000000000000004
3000,2999,2232,2.0000000000000004
3000,2999,2235,1.6666666666666667
3000,2999,2239,2.5
3000,2999,2240,1.6666666666666667
3000,2999,2241,1.6666666666666667
3000,2999,2242,1.0
3000,2999,2245,1.0
3000,2999,2248,1.0
3000,2999,2249,1.0
3000,2999,2254,3.0
3000,2999,2259,8.0
3000,2999,2260,4.0
3000,2999,2261,2.0000000000000004
3000,2999,2265,3.0
3000,2999,2271,8.0
3000,2999,2272,4.0
3000,2999,2276,3.0
3000,2999,2284,100.0
3000,2999,2285,7.0
3000,2999,2286,3.5000000000000004
3000,2999,2287,0.0
3000,2999,2292,2.0000000000000004
3000,2999,2297,8.0
3000,2999,2301,7.0
3000,2999,2302,3.5000000000000004
3000,2999,2304,2.0000000000000004
3000,2999,2305,1.0
3000,2999,2313,7.0
3000,2999,2320,100.0
3000,2999,2324,100.0
3000,2999,2327,4.0
3000,2999,2330,3.5000000000000004
3000,2999,2331,2.0000000000000004
3000,2999,2333,1.6666666666666667
3000,2999,2337,1.6666666666666667
3000,2999,2345,100.0
3000,2999,2346,7.0
3000,2999,2353,6.000000000000002
3000,2999,2354,3.0
3000,2999,2356,3.5000000000000004
3000,2999,2357,0.5000000000000001
3000,2999,2362,1.6666666666666667
3000,2999,2363,1.6666666666666667
3000,2999,2365,1.6666666666666667
3000,2999,2368,3.0
3000,2999,2376,100.0
3000,2999,2383,100.0
3000,2999,2387,100.0
3000,2999,2390,4.0
3000,2999,2391,2.5
3000,2999,2392,1.6666666666666667
3000,2999,2393,1.0
3000,2999,2400,3.0
3000,2999,2404,100.0
3000,2999,2409,7.0
3000,2999,2416,100.0
3000,2999,2424,100.0
3000,2999,2429,100.0
3000,2999,2430,4.0
3000,2999,2431,2.0000000000000004
3000,2999,2437,2.5
3000,2999,2442,100.0
3000,2999,2447,8.0
3000,2999,2448,4.0
3000,2999,2449,2.0000000000000004
3000,2999,2457,3.5000000000000004
3000,2999,2461,100.0
3000,2999,2466,7.0
3000,2999,2472,100.0
3000,2999,2477,100.0
3000,2999,2485,100.0
3000,2999,2493,100.0
3000,2999,2494,7.0
3000,2999,2496,1.0
3000,2999,2504,8.0
3000,2999,2509,100.0
3000,2999,2511,4.0
3000,2999,2512,2.5
3000,2999,2518,3.0
3000,2999,2523,100.0
3000,2999,2525,4.0
3000,2999,2533,8.0
3000,2999,2535,8.0
3000,2999,2539,4.0
3000,2999,2546,100.0
3000,2999,2549,8.0
3000,2999,2557,100.0
3000,2999,2559,8.0
3000,2999,2560,1.0
3000,2999,2565,2.5
3000,2999,2571,100.0
3000,2999,2572,4.0
3000,2999,2576,3.0
3000,2999,2579,2.5
3000,2999,2580,1.6666666666666667
3000,2999,2581,1.6666666666666667
3000,2999,2584,1.0
3000,2999,2585,1.0
3000,2999,2586,0.6
3000,2999,2592,2.5
3000,2999,2593,1.6666666666666667
3000,2999,2596,3.5000000000000004
3000,2999,2598,3.0
3000,2999,2603,3.5000000000000004
3000,2999,2604,2.5
3000,2999,2608,3.5000000000000004
3000,2999,2609,3.0
3000,2999,2610,1.0
3000,2999,2612,1.0
3000,2999,2618,3.0
3000,2999,2619,3.0
3000,2999,2621,3.0
3000,2999,2623,1.0
3000,2999,2626,2.0000000000000004
3000,2999,2629,1.6666666666666667
3000,2999,2630,1.6666666666666667
3000,2999,2632,1.6666666666666667
3000,2999,2637,2.5
3000,2999,2643,100.0
3000,2999,2644,4.0
3000,2999,2645,2.5
3000,2999,2648,1.0
3000,2999,2653,3.0
3000,2999,2654,3.0
3000,2999,2657,3.0
3000,2999,2664,8.0
3000,2999,2665,4.0
3000,2999,2671,5.0
3000,2999,2674,3.5000000000000004
3000,2999,2675,3.5000000000000004
3000,2999,2677,1.0
3000,2999,2682,2.5
3000,2999,2687,8.0
3000,2999,2693,100.0
3000,2999,2701,100.0
3000,2999,2705,100.0
3000,2999,2710,7.0
3000,2999,2711,3.5000000000000004
3000,2999,2714,3.0
3000,2999,2721,8.0
3000,2999,2726,100.0
3000,2999,2733,100.0
3000,2999,2734,4.0
3000,2999,2735,3.0
3000,2999,2740,2.0000000000000004
3000,2999,2741,2.0000000000000004
3000,2999,2742,1.0
3000,2999,2745,1.6666666666666667
3000,2999,2747,1.0
3000,2999,2748,1.0
3000,2999,2750,1.0
3000,2999,2754,1.6666666666666667
3000,2999,2758,3.5000000000000004
3000,2999,2763,7.0
3000,2999,2771,100.0
3000,2999,2772,7.0
3000,2999,2774,1.0
3000,2999,2782,8.0
3000,2999,2787,100.0
3000,2999,2788,4.0
3000,2999,2795,6.000000000000002
3000,2999,2799,100.0
3000,2999,2802,4.0
3000,2999,2803,2.5
3000,2999,2807,2.5
3000,2999,2808,1.6666666666666667
3000,2999,2810,2.0000000000000004
3000,2999,2813,1.6666666666666667
3000,2999,2818,3.5000000000000004
3000,2999,2822,7.0
3000,2999,2826,4.0
3000,2999,2828,3.5000000000000004
3000,2999,2829,2.0000000000000004
3000,2999,2833,2.0000000000000004
3000,2999,2837,3.0
3000,2999,2840,4.0
3000,2999,2844,4.0
3000,2999,2845,2.5
3000,2999,2852,6.000000000000002
3000,2999,2854,3.5000000000000004
3000,2999,2859,4.0
3000,2999,2864,8.0
3000,2999,2868,7.0
3000,2999,2872,4.0
3000,2999,2873,3.0
3000,2999,2875,2.0000000000000004
3000,2999,2876,1.0
3000,2999,2879,1.0
3000,2999,2880,1.0
3000,2999,2883,1.0
3000,2999,2884,1.0
3000,2999,2885,1.0
3000,2999,2890,1.6666666666666667
3000,2999,2895,8.0
3000,2999,2900,8.0
3000,2999,2906,100.0
3000,2999,2907,4.0
3000,2999,2910,3.5000000000000004
3000,2999,2911,1.0
3000,2999,2912,1.0
3000,2999,2916,1.6666666666666667
3000,2999,2922,8.0
3000,2999,2923,4.0
3000,2999,2924,2.5
3000,2999,2925,1.6666666666666667
3000,2999,2928,1.0
3000,2999,2929,0.5000000000000001
3000,2999,2932,1.0
3000,2999,2935,1.6666666666666667
3000,2999,2940,4.0
3000,2999,2942,3.5000000000000004
3000,2999,2945,3.5000000000000004
3000,2999,2950,3.5000000000000004
3000,2999,2956,100.0
3000,2999,2959,7.0
3000,2999,2962,4.0
3000,2999,2964,2.5
3000,2999,2966,1.6666666666666667
3000,2999,2968,1.6666666666666667
3000,2999,2975,7.0
3000,2999,2980,100.0
3000,2999,2986,100.0
3000,2999,2991,100.0
3000,2999,2997,100.0
3000,2999,2998,4.0
3000,2999,3000,3.0
3000,2999,3004,2.0000000000000004
3000,2999,3008,3.5000000000000004
3000,2999,3010,3.5000000000000004
3000,2999,3012,2.5
3000,2999,3014,1.6666666666666667
3000,2999,3016,1.0
3000,2999,3017,1.0
3000,2999,3018,0.6
3000,2999,3025,3.0
3000,2999,3033,100.0
3000,2999,3034,7.0
3000,2999,3039,4.0
3000,2999,3040,2.0000000000000004
3000,2999,3041,2.0000000000000004
3000,2999,3042,1.0
3000,2999,3043,1.0
3000,2999,3045,0.3333333333333333
3000,2999,3050,1.6666666666666667
3000,2999,3054,7.0
3000,2999,3055,3.5000000000000004
3000,2999,3060,3.5000000000000004
3000,2999,3061,2.0000000000000004
3000,2999,3068,6.000000000000002
3000,2999,3074,100.0
3000,2999,3078,8.0
3000,2999,3079,3.0
3000,2999,3081,2.0000000000000004
3000,2999,3087,3.0
3000,2999,3094,100.0
3000,2999,3096,7.0
3000,2999,3100,4.0
3000,2999,3107,100.0
3000,2999,3110,8.0
3000,2999,3115,4.0
3000,2999,3122,100.0
3000,2999,3130,100.0
3000,2999,3135,100.0
3000,2999,3141,100.0
3000,2999,3147,100.0
3000,2999,3150,7.0
3000,2999,3152,3.0
3000,2999,3155,2.5
3000,2999,3159,3.0
3000,2999,3166,100.0
3000,2999,3174,100.0
3000,2999,3181,100.0
3000,2999,3187,100.0
3000,2999,3192,100.0
3000,2999,3194,4.0
3000,2999,3198,4.0
3000,2999,3199,2.0000000000000004
3000,2999,3200,1.0
3000,2999,3202,1.0
3000,2999,3207,1.6666666666666667
3000,2999,3215,100.0
3000,2999,3219,100.0
3000,2999,3222,4.0
3000,2999,3223,2.5
3000,2999,3224,1.6666666666666667
3000,2999,3225,1.0
3000,2999,3228,1.0
3000,2999,3232,1.6666666666666667
3000,2999,3237,7.0
3000,2999,3242,8.0
3000,2999,3247,8.0
3000,2999,3251,7.0
3000,2999,3252,3.5000000000000004
3000,2999,3253,1.0
3000,2999,3256,1.6666666666666667
3000,2999,3257,1.0
3000,2999,3258,0.5000000000000001
3000,2999,3261,1.0
3000,2999,3265,1.6666666666666667
3000,2999,3267,3.0
3000,2999,3268,1.6666666666666667
3000,2999,3270,1.6666666666666667
3000,2999,3273,1.0
3000,2999,3280,8.0
3000,2999,3281,4.0
3000,2999,3287,5.0
3000,2999,3293,100.0
3000,2999,3295,4.0
3000,2999,3296,3.0
3000,2999,3298,1.0
3000,2999,3302,1.6666666666666667
3000,2999,3307,7.0
3000,2999,3308,3.5000000000000004
3000,2999,3311,3.0
3000,2999,3313,3.0
3000,2999,3319,6.000000000000002
3000,2999,3325,100.0
3000,2999,3331,100.0
3000,2999,3337,100.0
3000,2999,3339,4.0
3000,2999,3344,4.0
3000,2999,3346,3.0
3000,2999,3350,4.0
3000,2999,3356,8.0
3000,2999,3359,7.0
3000,2999,3361,3.0
3000,2999,3365,3.0
3000,2999,3370,7.0
3000,2999,3374,7.0
3000,2999,3379,7.0
3000,2999,3386,100.0
3000,2999,3394,100.0
3000,2999,3400,100.0
3000,2999,3402,4.0
3000,2999,3403,3.0
3000,2999,3407,2.0000000000000004
3000,2999,3411,3.0
3000,2999,3415,4.0
3000,2999,3421,8.0
3000,2999,3428,100.0
3000,2999,3431,8.0
3000,2999,3435,4.0
3000,2999,3441,8.0
3000,2999,3448,100.0
3000,2999,3450,7.0
3000,2999,3454,4.0
3000,2999,3459,7.0
3000,2999,3467,100.0
3000,2999,3469,8.0
3000,2999,3470,1.0
3000,2999,3477,3.5000000000000004
3000,2999,3484,100.0
3000,2999,3489,100.0
3000,2999,3490,4.0
3000,2999,3494,3.5000000000000004
3000,2999,3499,3.5000000000000004
3000,2999,3504,8.0
3000,2999,3508,7.0
3000,2999,3514,8.0
3000,2999,3519,100.0
3000,2999,3522,4.0
3000,2999,3523,3.0
3000,2999,3527,2.5
3000,2999,3529,1.6666666666666667
3000,2999,3530,2.0000000000000004
3000,2999,3531,1.0
3000,2999,3538,3.0
3000,2999,3540,3.5000000000000004
3000,2999,3543,3.0
3000,2999,3544,1.0
3000,2999,3546,1.0
3000,2999,3547,1.0
3000,2999,3553,3.0
3000,2999,3560,100.0
3000,2999,3564,100.0
3000,2999,3565,3.0
3000,2999,3566,1.0
3000,2999,3572,2.5
3000,2999,3573,1.6666666666666667
3000,2999,3575,3.0
3000,2999,3577,1.0
3000,2999,3583,3.5000000000000004
3000,2999,3589,100.0
3000,2999,3590,4.0
3000,2999,3594,3.0
3000,2999,3595,3.0
3000,2999,3596,1.0
3000,2999,3598,1.0
3000,2999,3599,1.0
3000,2999,3603,1.0
3000,2999,3608,3.5000000000000004
3000,2999,3609,3.5000000000000004
3000,2999,3611,2.5
3000,2999,3613,1.6666666666666667
3000,2999,3617,1.6666666666666667
3000,2999,3622,7.0
3000,2999,3624,4.0
3000,2999,3625,2.5
3000,2999,3631,3.0
3000,2999,3638,100.0
3000,2999,3640,7.0
3000,2999,3642,2.0000000000000004
3000,2999,3647,3.0
3000,2999,3652,8.0
3000,2999,3655,4.0
3000,2999,3660,4.0
3000,2999,3663,4.0
3000,2999,3664,3.0
3000,2999,3668,2.5
3000,2999,3676,100.0
3000,2999,3681,100.0
3000,2999,3686,8.0
3000,2999,3689,4.0
3000,2999,3691,3.5000000000000004
3000,2999,3694,2.5
3000,2999,3698,3.0
3000,2999,3701,3.5000000000000004
3000,2999,3703,3.0
3000,2999,3707,3.0
3000,2999,3712,7.0
3000,2999,3718,100.0
3000,2999,3722,8.0
3000,2999,3724,4.0
3000,2999,3726,2.5
3000,2999,3729,2.0000000000000004
3000,2999,3730,1.0
3000,2999,3735,3.0
3000,2999,3736,1.6666666666666667
3000,2999,3744,7.0
3000,2999,3748,100.0
3000,2999,3756,100.0
3000,2999,3764,100.0
3000,2999,3765,7.0
3000,2999,3770,4.0
3000,2999,3773,3.0
3000,2999,3778,4.0
3000,2999,3783,8.0
3000,2999,3788,8.0
3000,2999,3794,100.0
3000,2999,3795,4.0
3000,2999,3797,3.0
3000,2999,3804,3.5000000000000004
3000,2999,3810,100.0
3000,2999,3812,4.0
3000,2999,3818,6.000000000000002
3000,2999,3825,100.0
3000,2999,3832,100.0
3000,2999,3835,8.0
3000,2999,3840,4.0
3000,2999,3845,8.0
3000,2999,3847,4.0
3000,2999,3849,3.0
3000,2999,3850,1.6666666666666667
3000,2999,3853,1.0
3000,2999,3859,3.5000000000000004
3000,2999,3860,3.5000000000000004
3000,2999,3862,3.0
3000,2999,3863,1.6666666666666667
3000,2999,3867,2.0000000000000004
3000,2999,3875,100.0
3000,2999,3876,7.0
3000,2999,3883,6.000000000000002
3000,2999,3886,8.0
3000,2999,3890,4.0
3000,2999,3892,3.0
3000,2999,3895,3.0
3000,2999,3896,1.6666666666666667
3000,2999,3904,7.0
3000,2999,3909,100.0
3000,2999,3915,100.0
3000,2999,3916,4.0
3000,2999,3921,4.0
3000,2999,3922,2.0000000000000004
3000,2999,3926,3.5000000000000004
3000,2999,3929,2.5
3000,2999,3934,4.0
3000,2999,3935,3.0
3000,2999,3941,5.0
3000,2999,3944,3.5000000000000004
3000,2999,3946,3.0
3000,2999,3949,2.5
3000,2999,3951,1.6666666666666667
3000,2999,3957,6.000000000000002
3000,2999,3963,100.0
3000,2999,3967,8.0
3000,2999,3972,7.0
3000,2999,3974,4.0
3000,2999,3979,4.0
3000,2999,3985,100.0
3000,2999,3990,100.0
3000,2999,3995,8.0
3000,2999,3996,4.0
3000,2999,3999,3.0
3000,2999,4000,1.6666666666666667
3000,2999,4003,2.0000000000000004
3000,2999,4006,1.6666666666666667
3000,2999,4009,3.0
3000,2999,4013,3.5000000000000004
3000,2999,4018,7.0
3000,2999,4026,100.0
3000,2999,4029,100.0
3000,2999,4036,8.0
3000,2999,4037,4.0
3000,2999,4045,7.0
3000,2999,4048,100.0
3000,2999,4050,3.0
3000,2999,4051,1.0
3000,2999,4054,1.6666666666666667
3000,2999,4056,1.0
3000,2999,4057,1.0
3000,2999,4061,1.6666666666666667
3000,2999,4066,3.5000000000000004
3000,2999,4067,3.5000000000000004
3000,2999,4070,3.0
3000,2999,4071,1.6666666666666667
3000,2999,4073,1.0
3000,2999,4075,1.0
3000,2999,4078,2.0000000000000004
3000,2999,4079,1.0
3000,2999,4085,3.5000000000000004
3000,2999,4091,100.0
3000,2999,4098,100.0
3000,2999,4105,100.0
3000,2999,4107,7.0
3000,2999,4109,2.0000000000000004
3000,2999,4110,1.0
3000,2999,4112,1.0
3000,2999,4113,0.5000000000000001
3000,2999,4116,1.0
3000,2999,4119,1.6666666666666667
3000,2999,4120,1.0
3000,2999,4126,3.5000000000000004
3000,2999,4127,2.5
3000,2999,4129,3.0
3000,2999,4134,2.5
3000,2999,4135,1.6666666666666667
3000,2999,4136,1.6666666666666667
3000,2999,4137,1.0
3000,2999,4141,1.0
3000,2999,4145,3.0
3000,2999,4149,4.0
3000,2999,4150,3.0
3000,2999,4152,2.0000000000000004
3000,2999,4154,1.6666666666666667
3000,2999,4156,1.0
3000,2999,4157,1.0
3000,2999,4159,1.0
3000,2999,4161,1.0
3000,2999,4162,0.6
3000,2999,4163,0.6
3000,2999,4168,1.6666666666666667
3000,2999,4174,100.0
3000,2999,4175,4.0
3000,2999,4179,3.0
3000,2999,4181,2.0000000000000004
3000,2999,4182,2.0000000000000004
3000,2999,4189,3.5000000000000004
3000,2999,4194,100.0
3000,2999,4199,8.0
3000,2999,4203,7.0
3000,2999,4206,4.0
3000,2999,4214,100.0
3000,2999,4218,100.0
3000,2999,4223,7.0
3000,2999,4227,7.0
3000,2999,4233,8.0
3000,2999,4235,4.0
3000,2999,4237,3.5000000000000004
3000,2999,4241,2.5
3000,2999,4247,8.0
3000,2999,4250,7.0
3000,2999,4258,100.0
3000,2999,4262,100.0
3000,2999,4267,7.0
3000,2999,4268,3.5000000000000004
3000,2999,4273,4.0
3000,2999,4276,3.0
3000,2999,4277,3.0
3000,2999,4279,1.0
3000,2999,4280,1.0
3000,2999,4281,0.5000000000000001
3000,2999,4288,3.0
3000,2999,4289,3.0
3000,2999,4290,3.0
3000,2999,4291,1.6666666666666667
3000,2999,4295,1.0
3000,2999,4300,3.5000000000000004
3000,2999,4303,4.0
3000,2999,4308,4.0
3000,2999,4311,4.0
3000,2999,4314,4.0
3000,2999,4318,3.5000000000000004
3000,2999,4325,100.0
3000,2999,4327,7.0
3000,2999,4331,4.0
3000,2999,4336,7.0
3000,2999,4342,100.0
3000,2999,4346,8.0
3000,2999,4352,8.0
3000,2999,4353,4.0
3000,2999,4360,6.000000000000002
3000,2999,4367,100.0
3000,2999,4369,7.0
3000,2999,4370,3.5000000000000004
3000,2999,4377,3.5000000000000004
3000,2999,4385,100.0
3000,2999,4386,7.0
3000,2999,4387,3.5000000000000004
3000,2999,4388,0.0
3000,2999,4397,8.0
3000,2999,4399,100.0
3000,2999,4402,3.0
3000,2999,4403,1.0
3000,2999,4404,1.0
3000,2999,4411,3.0
3000,2999,4412,3.0
3000,2999,4413,3.0
3000,2999,4414,1.6666666666666667
3000,2999,4420,1.6666666666666667
3000,2999,4427,100.0
3000,2999,4429,7.0
3000,2999,4433,4.0
3000,2999,4436,3.0
3000,2999,4440,4.0
3000,2999,4441,2.5
3000,2999,4445,3.0
3000,2999,4452,100.0
3000,2999,4453,4.0
3000,2999,4459,5.0
3000,2999,4461,3.0
3000,2999,4463,3.5000000000000004
3000,2999,4465,1.0
3000,2999,4473,8.0
3000,2999,4474,7.0
3000,2999,4478,3.0
3000,2999,4485,100.0
3000,2999,4492,100.0
3000,2999,4496,100.0
3000,2999,4499,4.0
3000,2999,4500,2.5
3000,2999,4502,1.6666666666666667
3000,2999,4509,3.5000000000000004
3000,2999,4516,100.0
3000,2999,4517,4.0
3000,2999,4520,2.0000000000000004
3000,2999,4525,3.0
3000,2999,4527,3.5000000000000004
3000,2999,4529,3.0
3000,2999,4530,1.6666666666666667
3000,2999,4534,1.6666666666666667
3000,2999,4535,1.0
3000,2999,4536,1.0
3000,2999,4537,0.6
3000,2999,4539,1.0
3000,2999,4540,0.6
3000,2999,4542,0.39999999999999997
3000,2999,4543,0.3333333333333333
3000,2999,4551,7.0
3000,2999,4553,8.0
3000,2999,4557,4.0
3000,2999,4558,2.0000000000000004
3000,2999,4564,5.0
3000,2999,4568,8.0
3000,2999,4573,7.0
3000,2999,4575,4.0
3000,2999,4577,3.0
3000,2999,4580,2.0000000000000004
3000,2999,4584,3.0
3000,2999,4586,3.0
3000,2999,4587,1.6666666666666667
3000,2999,4588,1.0
3000,2999,4593,1.6666666666666667
3000,2999,4599,100.0
3000,2999,4605,100.0
3000,2999,4614,100.0
3000,2999,4618,100.0
3000,2999,4620,4.0
3000,2999,4624,3.5000000000000004
3000,2999,4631,100.0
3000,2999,4635,100.0
3000,2999,4636,3.0
3000,2999,4637,1.0
3000,2999,4640,1.6666666666666667
3000,2999,4641,1.0
3000,2999,4646,3.0
3000,2999,4648,2.5
3000,2999,4649,1.6666666666666667
3000,2999,4654,2.5
3000,2999,4660,100.0
3000,2999,4662,4.0
3000,2999,4668,6.000000000000002
3000,2999,4673,100.0
3000,2999,4675,4.0
3000,2999,4681,6.000000000000002
3000,2999,4684,7.0
3000,2999,4688,4.0
3000,2999,4695,100.0
3000,2999,4702,100.0
3000,2999,4707,100.0
3000,2999,4709,4.0
3000,2999,4712,3.5000000000000004
3000,2999,4716,3.0
3000,2999,4720,4.0
3000,2999,4721,3.0
3000,2999,4723,2.0000000000000004
3000,2999,4724,1.0
3000,2999,4725,1.0
3000,2999,4728,1.0
3000,2999,4737,100.0
3000,2999,4740,100.0
3000,2999,4745,4.0
3000,2999,4746,3.0
3000,2999,4748,2.5
3000,2999,4752,2.0000000000000004
3000,2999,4757,7.0
3000,2999,4758,3.5000000000000004
3000,2999,4765,6.000000000000002
3000,2999,4773,100.0
3000,2999,4774,7.0
3000,2999,4779,4.0
3000,2999,4781,2.5
3000,2999,4785,4.0
3000,2999,4786,2.0000000000000004
3000,2999,4792,5.0
3000,2999,4797,100.0
3000,2999,4800,4.0
3000,2999,4802,3.5000000000000004
3000,2999,4807,3.5000000000000004
3000,2999,4811,7.0
3000,2999,4816,7.0
3000,2999,4822,100.0
3000,2999,4824,4.0
3000,2999,4830,6.000000000000002
3000,2999,4831,3.0
3000,2999,4835,3.0
3000,2999,4837,2.0000000000000004
3000,2999,4839,1.6666666666666667
3000,2999,4842,2.0000000000000004
3000,2999,4849,8.0
3000,2999,4856,100.0
3000,2999,4864,100.0
3000,2999,4872,100.0
3000,2999,4874,8.0
3000,2999,4875,1.0
3000,2999,4882,3.5000000000000004
3000,2999,4890,100.0
3000,2999,4896,100.0
3000,2999,4897,4.0
3000,2999,4902,4.0
3000,2999,4907,8.0
3000,2999,4910,4.0
3000,2999,4911,3.0
3000,2999,4913,1.0
3000,2999,4922,100.0
3000,2999,4923,8.0
3000,2999,4925,1.0
3000,2999,4929,2.0000000000000004
3000,2999,4933,3.5000000000000004
3000,2999,4936,4.0
3000,2999,4937,2.5
3000,2999,4940,2.0000000000000004
3000,2999,4941,1.0
3000,2999,4944,2.0000000000000004
3000,2999,4945,1.0
3000,2999,4951,3.5000000000000004
3000,2999,4953,3.0
3000,2999,4954,3.0
3000,2999,4957,1.0
3000,2999,4963,3.5000000000000004
3000,2999,4965,4.0
3000,2999,4969,4.0
3000,2999,4970,2.0000000000000004
3000,2999,4971,1.0
3000,2999,4977,2.5
3000,2999,4982,100.0
3000,2999,4983,4.0
3000,2999,4989,5.0
3000,2999,4990,2.5
3000,2999,4991,1.6666666666666667
3000,2999,4992,1.6666666666666667
3000,2999,4994,0.3333333333333333
3000,2999,4995,0.3333333333333333
2005,997,287,100.0
2005,997,344,100.0
2005,997,451,100.0
2005,997,453,100.0
2005,997,738,100.0
2005,997,843,100.0
2005,997,1237,100.0
2005,997,1504,100.0
2005,997,1927,100.0
2005,997,2561,100.0
2005,997,2566,100.0
2005,997,2645,100.0
2005,997,3213,100.0
2005,997,3471,100.0
2005,997,3895,100.0
2005,997,4319,100.0
2005,997,4649,100.0
2005,997,4980,100.0
2009,2486,20,100.0
2009,2486,72,100.0
2009,2486,274,100.0
2009,2486,612,100.0
2009,2486,1006,100.0
2009,2486,1136,100.0
2009,2486,1353,100.0
2009,2486,1503,100.0
2009,2486,1519,100.0
2009,2486,1632,100.0
2009,2486,1843,100.0
2009,2486,2054,100.0
2009,2486,2309,100.0
2009,2486,2584,100.0
2009,2486,2677,100.0
2009,2486,2966,100.0
2009,2486,3102,100.0
2009,2486,3461,100.0
2009,2486,3820,100.0
2009,2486,3849,100.0
2009,2486,4056,100.0
2009,2486,4166,100.0
2009,2486,4211,100.0
2009,2486,4280,100.0
2009,2486,4416,100.0
2009,2486,4490,100.0
2009,2486,4700,100.0
503,978,174,100.0
503,978,490,100.0
503,978,666,100.0
503,978,934,100.0
503,978,1605,100.0
503,978,2048,100.0
503,978,2328,100.0
503,978,2342,100.0
503,978,2882,100.0
503,978,3422,100.0
503,978,3559,100.0
503,978,3560,100.0
503,978,3824,100.0
503,978,3832,100.0
503,978,4462,100.0
503,978,4528,100.0
1011,1496,97,100.0
1011,1496,148,100.0
1011,1496,169,100.0
1011,1496,194,100.0
1011,1496,237,100.0
1011,1496,281,100.0
1011,1496,291,100.0
1011,1496,336,100.0
1011,1496,359,100.0
1011,1496,378,100.0
1011,1496,388,100.0
1011,1496,420,100.0
1011,1496,425,100.0
1011,1496,439,100.0
1011,1496,462,100.0
1011,1496,465,100.0
1011,1496,467,3.0
1011,1496,483,100.0
1011,1496,486,100.0
1011,1496,522,100.0
1011,1496,540,100.0
1011,1496,545,100.0
1011,1496,561,100.0
1011,1496,567,100.0
1011,1496,577,100.0
1011,1496,635,100.0
1011,1496,694,100.0
1011,1496,756,100.0
1011,1496,773,100.0
1011,1496,795,100.0
1011,1496,808,100.0
1011,1496,863,100.0
1011,1496,919,100.0
1011,1496,1000,100.0
1011,1496,1043,100.0
1011,1496,1106,100.0
1011,1496,1132,100.0
1011,1496,1142,100.0
1011,1496,1164,100.0
1011,1496,1212,100.0
1011,1496,1272,100.0
1011,1496,1288,100.0
1011,1496,1294,100.0
1011,1496,1339,100.0
1011,1496,1385,100.0
1011,1496,1393,100.0
1011,1496,1477,100.0
1011,1496,1494,100.0
1011,1496,1544,100.0
1011,1496,1576,100.0
1011,1496,1641,100.0
1011,1496,1658,100.0
1011,1496,1691,100.0
1011,1496,1697,100.0
1011,1496,1736,100.0
1011,1496,1771,100.0
1011,1496,1851,100.0
1011,1496,1857,100.0
1011,1496,1905,100.0
1011,1496,1962,100.0
1011,1496,1967,100.0
1011,1496,1971,7.0
1011,1496,1980,100.0
1011,1496,2030,100.0
1011,1496,2107,100.0
1011,1496,2184,100.0
1011,1496,2192,100.0
1011,1496,2235,100.0
1011,1496,2279,100.0
1011,1496,2302,100.0
1011,1496,2322,100.0
1011,1496,2354,100.0
1011,1496,2437,100.0
1011,1496,2438,100.0
1011,1496,2483,100.0
1011,1496,2546,100.0
1011,1496,2568,100.0
1011,1496,2618,100.0
1011,1496,2668,100.0
1011,1496,2686,100.0
1011,1496,2712,100.0
1011,1496,2731,100.0
1011,1496,2778,100.0
1011,1496,2825,100.0
1011,1496,2864,100.0
1011,1496,2909,100.0
1011,1496,2939,100.0
1011,1496,2954,100.0
1011,1496,2996,100.0
1011,1496,3039,100.0
1011,1496,3082,100.0
1011,1496,3125,100.0
1011,1496,3128,100.0
1011,1496,3201,100.0
1011,1496,3214,100.0
1011,1496,3226,100.0
1011,1496,3272,100.0
1011,1496,3319,100.0
1011,1496,3341,100.0
1011,1496,3385,100.0
1011,1496,3411,100.0
1011,1496,3412,100.0
1011,1496,3447,100.0
1011,1496,3458,100.0
1011,1496,3532,100.0
1011,1496,3597,100.0
1011,1496,3609,100.0
1011,1496,3616,100.0
1011,1496,3618,7.0
1011,1496,3678,100.0
1011,1496,3687,100.0
1011,1496,3709,100.0
1011,1496,3719,100.0
1011,1496,3765,100.0
1011,1496,3822,100.0
1011,1496,3880,100.0
1011,1496,3890,100.0
1011,1496,3893,100.0
1011,1496,3895,3.0
1011,1496,3935,100.0
1011,1496,3971,100.0
1011,1496,3974,100.0
1011,1496,4005,100.0
1011,1496,4053,100.0
1011,1496,4067,100.0
1011,1496,4132,100.0
1011,1496,4178,100.0
1011,1496,4202,100.0
1011,1496,4233,100.0
1011,1496,4257,100.0
1011,1496,4264,100.0
1011,1496,4268,100.0
1011,1496,4273,7.0
1011,1496,4320,100.0
1011,1496,4348,100.0
1011,1496,4378,100.0
1011,1496,4459,100.0
1011,1496,4541,100.0
1011,1496,4553,100.0
1011,1496,4554,100.0
1011,1496,4558,3.0
1011,1496,4595,100.0
1011,1496,4598,100.0
1011,1496,4650,100.0
1011,1496,4653,100.0
1011,1496,4681,100.0
1011,1496,4725,100.0
1011,1496,4728,100.0
1011,1496,4771,100.0
1011,1496,4776,100.0
1011,1496,4785,100.0
1011,1496,4789,100.0
1011,1496,4869,100.0
1011,1496,4912,100.0
1011,1496,4967,100.0
4006,498,80,100.0
4006,498,197,100.0
4006,498,693,100.0
4006,498,869,100.0
4006,498,1346,100.0
4006,498,1631,100.0
4006,498,1870,100.0
4006,498,2009,100.0
4006,498,2273,100.0
4006,498,2935,100.0
4006,498,3215,100.0
4006,498,3556,100.0
4006,498,3898,100.0
4006,498,4197,100.0
4507,2999,374,100.0
4507,2999,389,100.0
4507,2999,488,100.0
4507,2999,608,100.0
4507,2999,1032,100.0
4507,2999,1457,100.0
4507,2999,1623,100.0
4507,2999,2293,100.0
4507,2999,2878,100.0
4507,2999,3039,100.0
4507,2999,3613,100.0
4507,2999,3701,100.0
4507,2999,3823,100.0
4507,2999,3859,100.0
3000,4497,32,100.0
3000,4497,44,100.0
3000,4497,52,100.0
3000,4497,80,100.0
3000,4497,91,100.0
3000,4497,107,100.0
3000,4497,120,100.0
3000,4497,152,100.0
3000,4497,184,100.0
3000,4497,185,100.0
3000,4497,199,100.0
3000,4497,232,100.0
3000,4497,235,100.0
3000,4497,244,100.0
3000,4497,275,100.0
3000,4497,276,100.0
3000,4497,301,100.0
3000,4497,327,100.0
3000,4497,352,100.0
3000,4497,378,100.0
3000,4497,379,100.0
3000,4497,383,3.0
3000,4497,406,100.0
3000,4497,415,100.0
3000,4497,430,100.0
3000,4497,439,100.0
3000,4497,444,100.0
3000,4497,446,4.0
3000,4497,448,3.0
3000,4497,452,2.5
3000,4497,470,100.0
3000,4497,478,100.0
3000,4497,483,100.0
3000,4497,508,100.0
3000,4497,517,100.0
3000,4497,525,100.0
3000,4497,540,100.0
3000,4497,544,100.0
3000,4497,577,100.0
3000,4497,596,100.0
3000,4497,615,100.0
3000,4497,625,100.0
3000,4497,631,100.0
3000,4497,632,4.0
3000,4497,660,100.0
3000,4497,671,100.0
3000,4497,683,100.0
3000,4497,686,100.0
3000,4497,691,4.0
3000,4497,714,100.0
3000,4497,737,100.0
3000,4497,743,100.0
3000,4497,758,100.0
3000,4497,767,100.0
3000,4497,773,100.0
3000,4497,775,4.0
3000,4497,780,4.0
3000,4497,791,100.0
3000,4497,799,100.0
3000,4497,806,100.0
3000,4497,814,100.0
3000,4497,815,7.0
3000,4497,825,100.0
3000,4497,830,100.0
3000,4497,845,100.0
3000,4497,868,100.0
3000,4497,873,100.0
3000,4497,892,100.0
3000,4497,911,100.0
3000,4497,938,100.0
3000,4497,943,100.0
3000,4497,945,4.0
3000,4497,951,6.000000000000002
3000,4497,962,100.0
3000,4497,975,100.0
3000,4497,986,100.0
3000,4497,1004,100.0
3000,4497,1010,100.0
3000,4497,1025,100.0
3000,4497,1061,100.0
3000,4497,1082,100.0
3000,4497,1094,100.0
3000,4497,1096,100.0
3000,4497,1097,1.0
3000,4497,1099,1.0
3000,4497,1108,100.0
3000,4497,1111,100.0
3000,4497,1112,2.0000000000000004
3000,4497,1116,2.5
3000,4497,1120,3.0
3000,4497,1121,3.0
3000,4497,1150,100.0
3000,4497,1177,100.0
3000,4497,1204,100.0
3000,4497,1226,100.0
3000,4497,1248,100.0
3000,4497,1276,100.0
3000,4497,1296,100.0
3000,4497,1314,100.0
3000,4497,1333,100.0
3000,4497,1353,100.0
3000,4497,1360,100.0
3000,4497,1374,100.0
3000,4497,1384,100.0
3000,4497,1402,100.0
3000,4497,1403,100.0
3000,4497,1409,5.0
3000,4497,1417,100.0
3000,4497,1431,100.0
3000,4497,1436,100.0
3000,4497,1443,100.0
3000,4497,1461,100.0
3000,4497,1483,100.0
3000,4497,1506,100.0
3000,4497,1528,100.0
3000,4497,1551,100.0
3000,4497,1566,100.0
3000,4497,1594,100.0
3000,4497,1619,100.0
3000,4497,1629,100.0
3000,4497,1637,100.0
3000,4497,1648,100.0
3000,4497,1656,100.0
3000,4497,1673,100.0
3000,4497,1706,100.0
3000,4497,1726,100.0
3000,4497,1733,100.0
3000,4497,1741,100.0
3000,4497,1763,100.0
3000,4497,1785,100.0
3000,4497,1807,100.0
3000,4497,1819,100.0
3000,4497,1842,100.0
3000,4497,1868,100.0
3000,4497,1894,100.0
3000,4497,1916,100.0
3000,4497,1919,100.0
3000,4497,1953,100.0
3000,4497,1973,100.0
3000,4497,1993,100.0
3000,4497,2005,100.0
3000,4497,2013,100.0
3000,4497,2017,100.0
3000,4497,2018,3.0
3000,4497,2027,8.0
3000,4497,2048,100.0
3000,4497,2080,100.0
3000,4497,2099,100.0
3000,4497,2119,100.0
3000,4497,2150,100.0
3000,4497,2182,100.0
3000,4497,2192,100.0
3000,4497,2226,100.0
3000,4497,2243,100.0
3000,4497,2256,100.0
3000,4497,2261,100.0
3000,4497,2285,100.0
3000,4497,2288,100.0
3000,4497,2292,4.0
3000,4497,2312,100.0
3000,4497,2333,100.0
3000,4497,2367,100.0
3000,4497,2394,100.0
3000,4497,2411,100.0
3000,4497,2433,100.0
3000,4497,2438,100.0
3000,4497,2447,100.0
3000,4497,2463,100.0
3000,4497,2476,100.0
3000,4497,2482,100.0
3000,4497,2504,100.0
3000,4497,2526,100.0
3000,4497,2551,100.0
3000,4497,2570,100.0
3000,4497,2573,100.0
3000,4497,2575,3.0
3000,4497,2581,6.000000000000002
3000,4497,2597,100.0
3000,4497,2600,100.0
3000,4497,2605,4.0
3000,4497,2626,100.0
3000,4497,2661,100.0
3000,4497,2681,100.0
3000,4497,2686,100.0
3000,4497,2705,100.0
3000,4497,2725,100.0
3000,4497,2733,100.0
3000,4497,2735,8.0
3000,4497,2756,100.0
3000,4497,2764,100.0
3000,4497,2772,100.0
3000,4497,2793,100.0
3000,4497,2800,100.0
3000,4497,2810,100.0
3000,4497,2832,100.0
3000,4497,2864,100.0
3000,4497,2865,100.0
3000,4497,2868,2.0000000000000004
3000,4497,2888,100.0
3000,4497,2908,100.0
3000,4497,2925,100.0
3000,4497,2930,100.0
3000,4497,2931,4.0
3000,4497,2939,7.0
3000,4497,2953,100.0
3000,4497,2984,100.0
3000,4497,3016,100.0
3000,4497,3038,100.0
3000,4497,3050,100.0
3000,4497,3055,100.0
3000,4497,3086,100.0
3000,4497,3091,100.0
3000,4497,3097,100.0
3000,4497,3104,100.0
3000,4497,3108,100.0
3000,4497,3133,100.0
3000,4497,3156,100.0
3000,4497,3157,100.0
3000,4497,3177,100.0
3000,4497,3184,100.0
3000,4497,3219,100.0
3000,4497,3226,100.0
3000,4497,3239,100.0
3000,4497,3264,100.0
3000,4497,3273,100.0
3000,4497,3280,100.0
3000,4497,3306,100.0
3000,4497,3308,100.0
3000,4497,3318,100.0
3000,4497,3319,100.0
3000,4497,3342,100.0
3000,4497,3365,100.0
3000,4497,3387,100.0
3000,4497,3410,100.0
3000,4497,3430,100.0
3000,4497,3450,100.0
3000,4497,3452,100.0
3000,4497,3465,100.0
3000,4497,3475,100.0
3000,4497,3483,100.0
3000,4497,3488,100.0
3000,4497,3506,100.0
3000,4497,3522,100.0
3000,4497,3528,100.0
3000,4497,3532,8.0
3000,4497,3549,100.0
3000,4497,3551,100.0
3000,4497,3586,100.0
3000,4497,3601,100.0
3000,4497,3618,100.0
3000,4497,3624,100.0
3000,4497,3649,100.0
3000,4497,3675,100.0
3000,4497,3688,100.0
3000,4497,3710,100.0
3000,4497,3733,100.0
3000,4497,3737,100.0
3000,4497,3760,100.0
3000,4497,3784,100.0
3000,4497,3792,100.0
3000,4497,3799,100.0
3000,4497,3826,100.0
3000,4497,3853,100.0
3000,4497,3854,100.0
3000,4497,3866,100.0
3000,4497,3879,100.0
3000,4497,3884,100.0
3000,4497,3887,4.0
3000,4497,3898,100.0
3000,4497,3902,100.0
3000,4497,3929,100.0
3000,4497,3957,100.0
3000,4497,3958,100.0
3000,4497,3992,100.0
3000,4497,3997,100.0
3000,4497,4005,100.0
3000,4497,4010,100.0
3000,4497,4024,100.0
3000,4497,4049,100.0
3000,4497,4063,100.0
3000,4497,4071,100.0
3000,4497,4096,100.0
3000,4497,4099,100.0
3000,4497,4101,3.0
3000,4497,4124,100.0
3000,4497,4148,100.0
3000,4497,4168,100.0
3000,4497,4186,100.0
3000,4497,4201,100.0
3000,4497,4232,100.0
3000,4497,4249,100.0
3000,4497,4262,100.0
3000,4497,4273,100.0
3000,4497,4308,100.0
3000,4497,4321,100.0
3000,4497,4334,100.0
3000,4497,4347,100.0
3000,4497,4355,100.0
3000,4497,4359,100.0
3000,4497,4375,100.0
3000,4497,4386,100.0
3000,4497,4388,100.0
3000,4497,4409,100.0
3000,4497,4415,100.0
3000,4497,4428,100.0
3000,4497,4434,100.0
3000,4497,4451,100.0
3000,4497,4462,100.0
3000,4497,4465,100.0
3000,4497,4480,100.0
3000,4497,4481,100.0
3000,4497,4490,8.0
3000,4497,4506,100.0
3000,4497,4529,100.0
3000,4497,4546,100.0
3000,4497,4548,100.0
3000,4497,4555,7.0
3000,4497,4592,100.0
3000,4497,4626,100.0
3000,4497,4640,100.0
3000,4497,4660,100.0
3000,4497,4664,100.0
3000,4497,4670,8.0
3000,4497,4675,100.0
3000,4497,4687,100.0
3000,4497,4694,100.0
3000,4497,4703,100.0
3000,4497,4730,100.0
3000,4497,4758,100.0
3000,4497,4759,100.0
3000,4497,4783,100.0
3000,4497,4801,100.0
3000,4497,4809,100.0
3000,4497,4811,8.0
3000,4497,4832,100.0
3000,4497,4853,100.0
3000,4497,4860,100.0
3000,4497,4864,100.0
3000,4497,4865,3.0
3000,4497,4894,100.0
3000,4497,4905,100.0
3000,4497,4915,100.0
3000,4497,4931,100.0
3000,4497,4956,100.0
3000,4497,4959,100.0
3000,4497,4972,100.0
3000,4497,4973,100.0
3000,4497,4979,5.0
3000,4497,4989,100.0
3506,3499,115,100.0
3506,3499,229,100.0
3506,3499,268,100.0
3506,3499,423,100.0
3506,3499,720,100.0
3506,3499,851,100.0
3506,3499,1395,100.0
3506,3499,1428,100.0
3506,3499,1655,100.0
3506,3499,1730,100.0
3506,3499,2305,100.0
3506,3499,2530,100.0
3506,3499,2730,100.0
3506,3499,3050,100.0
3506,3499,3370,100.0
3506,3499,3421,100.0
3506,3499,3463,100.0
3506,3499,3941,100.0
3506,3499,3952,100.0
3506,3499,4394,100.0
3506,3499,4837,100.0
3506,3499,4945,100.0
1002,2494,1357,100.0
1002,2494,1413,100.0
1002,2494,1481,100.0
1002,2494,1915,100.0
1002,2494,2616,100.0
1002,2494,2619,100.0
1002,2494,2810,100.0
1002,2494,2903,100.0
1002,2494,3061,100.0
1002,2494,3549,100.0
1002,2494,4119,100.0
1002,2494,4690,100.0
2517,2993,186,100.0
2517,2993,397,100.0
2517,2993,490,100.0
2517,2993,743,100.0
2517,2993,768,100.0
2517,2993,855,100.0
2517,2993,959,100.0
2517,2993,1522,100.0
2517,2993,1535,100.0
2517,2993,1838,100.0
2517,2993,1839,100.0
2517,2993,1869,100.0
2517,2993,2176,100.0
2517,2993,2483,100.0
2517,2993,2538,100.0
2517,2993,2821,100.0
2517,2993,3036,100.0
2517,2993,3142,100.0
2517,2993,3268,100.0
2517,2993,3660,100.0
2517,2993,4052,100.0
2517,2993,4109,100.0
2517,2993,4251,100.0
2517,2993,4307,100.0
2517,2993,4721,100.0
2517,2993,4965,100.0
3003,3491,18,100.0
3003,3491,29,100.0
3003,3491,30,100.0
3003,3491,37,6.000000000000002
3003,3491,51,100.0
3003,3491,80,100.0
3003,3491,91,100.0
3003,3491,97,100.0
3003,3491,111,100.0
3003,3491,116,100.0
3003,3491,122,100.0
3003,3491,149,100.0
3003,3491,176,100.0
3003,3491,203,100.0
3003,3491,230,100.0
3003,3491,257,100.0
3003,3491,285,100.0
3003,3491,291,100.0
3003,3491,306,100.0
3003,3491,341,100.0
3003,3491,378,100.0
3003,3491,398,100.0
3003,3491,420,100.0
3003,3491,429,100.0
3003,3491,436,100.0
3003,3491,451,100.0
3003,3491,470,100.0
3003,3491,482,100.0
3003,3491,483,100.0
3003,3491,489,5.0
3003,3491,497,100.0
3003,3491,510,100.0
3003,3491,545,100.0
3003,3491,570,100.0
3003,3491,595,100.0
3003,3491,603,100.0
3003,3491,605,8.0
3003,3491,619,100.0
3003,3491,621,100.0
3003,3491,637,100.0
3003,3491,640,100.0
3003,3491,648,100.0
3003,3491,662,100.0
3003,3491,684,100.0
3003,3491,714,100.0
3003,3491,745,100.0
3003,3491,751,100.0
3003,3491,761,100.0
3003,3491,798,100.0
3003,3491,836,100.0
3003,3491,840,100.0
3003,3491,846,8.0
3003,3491,886,100.0
3003,3491,932,100.0
3003,3491,978,100.0
3003,3491,988,100.0
3003,3491,1012,100.0
3003,3491,1037,100.0
3003,3491,1062,100.0
3003,3491,1087,100.0
3003,3491,1089,100.0
3003,3491,1106,100.0
3003,3491,1113,100.0
3003,3491,1136,100.0
3003,3491,1141,100.0
3003,3491,1169,100.0
3003,3491,1170,100.0
3003,3491,1182,100.0
3003,3491,1193,100.0
3003,3491,1194,100.0
3003,3491,1213,100.0
3003,3491,1228,100.0
3003,3491,1237,100.0
3003,3491,1238,8.0
3003,3491,1253,100.0
3003,3491,1282,100.0
3003,3491,1315,100.0
3003,3491,1349,100.0
3003,3491,1375,100.0
3003,3491,1411,100.0
3003,3491,1423,100.0
3003,3491,1427,100.0
3003,3491,1437,100.0
3003,3491,1444,100.0
3003,3491,1449,100.0
3003,3491,1471,100.0
3003,3491,1480,100.0
3003,3491,1481,8.0
3003,3491,1485,3.0
3003,3491,1494,100.0
3003,3491,1501,100.0
3003,3491,1502,4.0
3003,3491,1504,3.5000000000000004
3003,3491,1520,100.0
3003,3491,1540,100.0
3003,3491,1547,100.0
3003,3491,1550,8.0
3003,3491,1568,100.0
3003,3491,1580,100.0
3003,3491,1623,100.0
3003,3491,1657,100.0
3003,3491,1662,100.0
3003,3491,1665,4.0
3003,3491,1666,3.0
3003,3491,1707,100.0
3003,3491,1735,100.0
3003,3491,1764,100.0
3003,3491,1782,100.0
3003,3491,1790,100.0
3003,3491,1794,100.0
3003,3491,1838,100.0
3003,3491,1857,100.0
3003,3491,1862,100.0
3003,3491,1864,4.0
3003,3491,1867,3.5000000000000004
3003,3491,1882,100.0
3003,3491,1897,100.0
3003,3491,1905,100.0
3003,3491,1914,100.0
3003,3491,1919,100.0
3003,3491,1949,100.0
3003,3491,1959,100.0
3003,3491,1969,100.0
3003,3491,1977,100.0
3003,3491,1983,100.0
3003,3491,1990,100.0
3003,3491,2025,100.0
3003,3491,2050,100.0
3003,3491,2070,100.0
3003,3491,2095,100.0
3003,3491,2121,100.0
3003,3491,2125,100.0
3003,3491,2156,100.0
3003,3491,2188,100.0
3003,3491,2196,100.0
3003,3491,2201,100.0
3003,3491,2207,100.0
3003,3491,2210,7.0
3003,3491,2236,100.0
3003,3491,2274,100.0
3003,3491,2279,100.0
3003,3491,2293,100.0
3003,3491,2338,100.0
3003,3491,2362,100.0
3003,3491,2403,100.0
3003,3491,2445,100.0
3003,3491,2453,100.0
3003,3491,2454,7.0
3003,3491,2456,1.0
3003,3491,2460,2.0000000000000004
3003,3491,2494,100.0
3003,3491,2528,100.0
3003,3491,2531,100.0
3003,3491,2532,2.0000000000000004
3003,3491,2552,100.0
3003,3491,2557,100.0
3003,3491,2564,100.0
3003,3491,2570,100.0
3003,3491,2581,100.0
3003,3491,2616,100.0
3003,3491,2651,100.0
3003,3491,2686,100.0
3003,3491,2704,100.0
3003,3491,2720,100.0
3003,3491,2725,100.0
3003,3491,2749,100.0
3003,3491,2765,100.0
3003,3491,2782,100.0
3003,3491,2783,100.0
3003,3491,2790,6.000000000000002
3003,3491,2799,100.0
3003,3491,2832,100.0
3003,3491,2865,100.0
3003,3491,2884,100.0
3003,3491,2886,100.0
3003,3491,2926,100.0
3003,3491,2966,100.0
3003,3491,3011,100.0
3003,3491,3012,100.0
3003,3491,3016,3.0
3003,3491,3021,3.5000000000000004
3003,3491,3023,4.0
3003,3491,3034,100.0
3003,3491,3059,100.0
3003,3491,3097,100.0
3003,3491,3136,100.0
3003,3491,3167,100.0
3003,3491,3175,100.0
3003,3491,3180,100.0
3003,3491,3186,100.0
3003,3491,3208,100.0
3003,3491,3219,100.0
3003,3491,3226,100.0
3003,3491,3273,100.0
3003,3491,3316,100.0
3003,3491,3319,100.0
3003,3491,3330,100.0
3003,3491,3331,100.0
3003,3491,3337,5.0
3003,3491,3360,100.0
3003,3491,3398,100.0
3003,3491,3401,100.0
3003,3491,3404,4.0
3003,3491,3430,100.0
3003,3491,3452,100.0
3003,3491,3466,100.0
3003,3491,3497,100.0
3003,3491,3529,100.0
3003,3491,3537,100.0
3003,3491,3557,100.0
3003,3491,3580,100.0
3003,3491,3587,100.0
3003,3491,3620,100.0
3003,3491,3621,100.0
3003,3491,3656,100.0
3003,3491,3674,100.0
3003,3491,3718,100.0
3003,3491,3744,100.0
3003,3491,3770,100.0
3003,3491,3774,100.0
3003,3491,3784,100.0
3003,3491,3785,100.0
3003,3491,3798,100.0
3003,3491,3806,100.0
3003,3491,3836,100.0
3003,3491,3866,100.0
3003,3491,3907,100.0
3003,3491,3911,100.0
3003,3491,3926,100.0
3003,3491,3941,100.0
3003,3491,3947,100.0
3003,3491,3973,100.0
3003,3491,3992,100.0
3003,3491,4020,100.0
3003,3491,4032,100.0
3003,3491,4045,100.0
3003,3491,4072,100.0
3003,3491,4110,100.0
3003,3491,4148,100.0
3003,3491,4175,100.0
3003,3491,4179,100.0
3003,3491,4189,100.0
3003,3491,4209,100.0
3003,3491,4218,100.0
3003,3491,4231,100.0
3003,3491,4248,100.0
3003,3491,4262,100.0
3003,3491,4280,100.0
3003,3491,4298,100.0
3003,3491,4303,100.0
3003,3491,4312,100.0
3003,3491,4314,100.0
3003,3491,4334,100.0
3003,3491,4341,100.0
3003,3491,4342,4.0
3003,3491,4358,100.0
3003,3491,4359,100.0
3003,3491,4371,100.0
3003,3491,4376,100.0
3003,3491,4379,4.0
3003,3491,4386,8.0
3003,3491,4413,100.0
3003,3491,4417,100.0
3003,3491,4439,100.0
3003,3491,4443,100.0
3003,3491,4454,100.0
3003,3491,4479,100.0
3003,3491,4510,100.0
3003,3491,4522,100.0
3003,3491,4532,100.0
3003,3491,4549,100.0
3003,3491,4577,100.0
3003,3491,4584,100.0
3003,3491,4593,100.0
3003,3491,4629,100.0
3003,3491,4630,100.0
3003,3491,4637,6.000000000000002
3003,3491,4675,100.0
3003,3491,4714,100.0
3003,3491,4725,100.0
3003,3491,4767,100.0
3003,3491,4792,100.0
3003,3491,4818,100.0
3003,3491,4834,100.0
3003,3491,4839,100.0
3003,3491,4850,100.0
3003,3491,4859,100.0
3003,3491,4866,100.0
3003,3491,4872,100.0
3003,3491,4908,100.0
3003,3491,4929,100.0
3003,3491,4932,100.0
3003,3491,4941,100.0
3003,3491,4954,100.0
3003,3491,4961,100.0
3003,3491,4975,100.0
3003,3491,4995,100.0
3003,3491,4998,100.0
1008,1487,375,100.0
1008,1487,584,100.0
1008,1487,794,100.0
1008,1487,828,100.0
1008,1487,844,100.0
1008,1487,862,100.0
1008,1487,871,100.0
1008,1487,885,100.0
1008,1487,1028,100.0
1008,1487,1171,100.0
1008,1487,1217,100.0
1008,1487,1321,100.0
1008,1487,1400,100.0
1008,1487,1489,100.0
1008,1487,1531,100.0
1008,1487,1734,100.0
1008,1487,1737,100.0
1008,1487,1814,100.0
1008,1487,1855,100.0
1008,1487,1914,100.0
1008,1487,1981,100.0
1008,1487,2049,100.0
1008,1487,2089,100.0
1008,1487,2137,100.0
1008,1487,2210,100.0
1008,1487,2370,100.0
1008,1487,2648,100.0
1008,1487,2927,100.0
1008,1487,3143,100.0
1008,1487,3251,100.0
1008,1487,3295,100.0
1008,1487,3343,100.0
1008,1487,3512,100.0
1008,1487,3670,100.0
1008,1487,3688,100.0
1008,1487,3704,100.0
1008,1487,3782,100.0
1008,1487,4063,100.0
1008,1487,4104,100.0
1008,1487,4161,100.0
1008,1487,4376,100.0
1008,1487,4534,100.0
1008,1487,4693,100.0
1008,1487,4750,100.0
1008,1487,4807,100.0
1008,1487,4899,100.0
1008,1487,4963,100.0
4501,3498,64,100.0
4501,3498,83,100.0
4501,3498,117,100.0
4501,3498,123,100.0
4501,3498,134,100.0
4501,3498,168,100.0
4501,3498,203,100.0
4501,3498,207,100.0
4501,3498,220,100.0
4501,3498,240,100.0
4501,3498,276,100.0
4501,3498,296,100.0
4501,3498,316,100.0
4501,3498,321,100.0
4501,3498,329,100.0
4501,3498,334,100.0
4501,3498,339,8.0
4501,3498,348,100.0
4501,3498,357,100.0
4501,3498,366,100.0
4501,3498,374,100.0
4501,3498,379,100.0
4501,3498,396,100.0
4501,3498,419,100.0
4501,3498,432,100.0
4501,3498,439,100.0
4501,3498,458,100.0
4501,3498,469,100.0
4501,3498,472,100.0
4501,3498,480,100.0
4501,3498,503,100.0
4501,3498,522,100.0
4501,3498,539,100.0
4501,3498,544,100.0
4501,3498,550,100.0
4501,3498,564,100.0
4501,3498,565,100.0
4501,3498,599,100.0
4501,3498,634,100.0
4501,3498,651,100.0
4501,3498,653,100.0
4501,3498,663,100.0
4501,3498,692,100.0
4501,3498,722,100.0
4501,3498,749,100.0
4501,3498,777,100.0
4501,3498,779,100.0
4501,3498,805,100.0
4501,3498,831,100.0
4501,3498,856,100.0
4501,3498,881,100.0
4501,3498,901,100.0
4501,3498,905,100.0
4501,3498,908,4.0
4501,3498,910,3.0
4501,3498,912,2.0000000000000004
4501,3498,948,100.0
4501,3498,954,100.0
4501,3498,977,100.0
4501,3498,999,100.0
4501,3498,1002,100.0
4501,3498,1004,3.0
4501,3498,1023,100.0
4501,3498,1034,100.0
4501,3498,1043,100.0
4501,3498,1048,100.0
4501,3498,1077,100.0
4501,3498,1085,100.0
4501,3498,1114,100.0
4501,3498,1117,100.0
4501,3498,1118,2.0000000000000004
4501,3498,1140,100.0
4501,3498,1163,100.0
4501,3498,1186,100.0
4501,3498,1200,100.0
4501,3498,1203,100.0
4501,3498,1216,100.0
4501,3498,1230,100.0
4501,3498,1238,100.0
4501,3498,1259,100.0
4501,3498,1280,100.0
4501,3498,1299,100.0
4501,3498,1308,100.0
4501,3498,1340,100.0
4501,3498,1350,100.0
4501,3498,1364,100.0
4501,3498,1366,100.0
4501,3498,1367,1.0
4501,3498,1373,3.0
4501,3498,1379,100.0
4501,3498,1392,100.0
4501,3498,1424,100.0
4501,3498,1456,100.0
4501,3498,1459,100.0
4501,3498,1471,100.0
4501,3498,1488,100.0
4501,3498,1507,100.0
4501,3498,1514,100.0
4501,3498,1535,100.0
4501,3498,1548,100.0
4501,3498,1555,100.0
4501,3498,1563,100.0
4501,3498,1589,100.0
4501,3498,1616,100.0
4501,3498,1636,100.0
4501,3498,1656,100.0
4501,3498,1657,100.0
4501,3498,1667,100.0
4501,3498,1681,100.0
4501,3498,1706,100.0
4501,3498,1722,100.0
4501,3498,1734,100.0
4501,3498,1745,100.0
4501,3498,1748,100.0
4501,3498,1752,4.0
4501,3498,1766,100.0
4501,3498,1791,100.0
4501,3498,1795,100.0
4501,3498,1821,100.0
4501,3498,1838,100.0
4501,3498,1872,100.0
4501,3498,1880,100.0
4501,3498,1899,100.0
4501,3498,1909,100.0
4501,3498,1911,100.0
4501,3498,1915,4.0
4501,3498,1920,7.0
4501,3498,1943,100.0
4501,3498,1944,100.0
4501,3498,1951,6.000000000000002
4501,3498,1978,100.0
4501,3498,1979,100.0
4501,3498,2008,100.0
4501,3498,2014,100.0
4501,3498,2015,4.0
4501,3498,2033,100.0
4501,3498,2042,100.0
4501,3498,2045,100.0
4501,3498,2066,100.0
4501,3498,2076,100.0
4501,3498,2085,100.0
4501,3498,2095,100.0
4501,3498,2107,100.0
4501,3498,2109,100.0
4501,3498,2116,7.0
4501,3498,2132,100.0
4501,3498,2145,100.0
4501,3498,2166,100.0
4501,3498,2185,100.0
4501,3498,2213,100.0
4501,3498,2219,100.0
4501,3498,2249,100.0
4501,3498,2279,100.0
4501,3498,2299,100.0
4501,3498,2308,100.0
4501,3498,2315,100.0
4501,3498,2321,100.0
4501,3498,2332,100.0
4501,3498,2347,100.0
4501,3498,2374,100.0
4501,3498,2401,100.0
4501,3498,2408,100.0
4501,3498,2433,100.0
4501,3498,2441,100.0
4501,3498,2461,100.0
4501,3498,2462,100.0
4501,3498,2476,100.0
4501,3498,2480,100.0
4501,3498,2501,100.0
4501,3498,2522,100.0
4501,3498,2535,100.0
4501,3498,2551,100.0
4501,3498,2565,100.0
4501,3498,2578,100.0
4501,3498,2615,100.0
4501,3498,2621,100.0
4501,3498,2655,100.0
4501,3498,2684,100.0
4501,3498,2717,100.0
4501,3498,2726,100.0
4501,3498,2731,100.0
4501,3498,2739,100.0
4501,3498,2762,100.0
4501,3498,2785,100.0
4501,3498,2809,100.0
4501,3498,2833,100.0
4501,3498,2857,100.0
4501,3498,2861,100.0
4501,3498,2864,4.0
4501,3498,2868,4.0
4501,3498,2887,100.0
4501,3498,2904,100.0
4501,3498,2932,100.0
4501,3498,2939,100.0
4501,3498,2942,8.0
4501,3498,2950,100.0
4501,3498,2989,100.0
4501,3498,3029,100.0
4501,3498,3057,100.0
4501,3498,3064,100.0
4501,3498,3102,100.0
4501,3498,3117,100.0
4501,3498,3129,100.0
4501,3498,3153,100.0
4501,3498,3157,100.0
4501,3498,3163,8.0
4501,3498,3164,4.0
4501,3498,3186,100.0
4501,3498,3195,100.0
4501,3498,3196,8.0
4501,3498,3201,4.0
4501,3498,3202,2.0000000000000004
4501,3498,3223,100.0
4501,3498,3233,100.0
4501,3498,3251,100.0
4501,3498,3278,100.0
4501,3498,3305,100.0
4501,3498,3314,100.0
4501,3498,3316,100.0
4501,3498,3332,100.0
4501,3498,3340,100.0
4501,3498,3364,100.0
4501,3498,3365,100.0
4501,3498,3386,100.0
4501,3498,3407,100.0
4501,3498,3428,100.0
4501,3498,3449,100.0
4501,3498,3466,100.0
4501,3498,3470,100.0
4501,3498,3496,100.0
4501,3498,3522,100.0
4501,3498,3549,100.0
4501,3498,3583,100.0
4501,3498,3588,100.0
4501,3498,3604,100.0
4501,3498,3617,100.0
4501,3498,3642,100.0
4501,3498,3643,100.0
4501,3498,3645,1.0
4501,3498,3667,100.0
4501,3498,3690,100.0
4501,3498,3691,100.0
4501,3498,3699,7.0
4501,3498,3733,100.0
4501,3498,3760,100.0
4501,3498,3787,100.0
4501,3498,3788,100.0
4501,3498,3796,7.0
4501,3498,3805,100.0
4501,3498,3837,100.0
4501,3498,3870,100.0
4501,3498,3875,100.0
4501,3498,3895,100.0
4501,3498,3898,100.0
4501,3498,3914,100.0
4501,3498,3921,100.0
4501,3498,3931,100.0
4501,3498,3954,100.0
4501,3498,3977,100.0
4501,3498,3991,100.0
4501,3498,4029,100.0
4501,3498,4067,100.0
4501,3498,4100,100.0
4501,3498,4133,100.0
4501,3498,4136,100.0
4501,3498,4137,2.0000000000000004
4501,3498,4139,1.0
4501,3498,4170,100.0
4501,3498,4192,100.0
4501,3498,4215,100.0
4501,3498,4237,100.0
4501,3498,4259,100.0
4501,3498,4263,100.0
4501,3498,4274,100.0
4501,3498,4288,100.0
4501,3498,4308,100.0
4501,3498,4320,100.0
4501,3498,4346,100.0
4501,3498,4348,100.0
4501,3498,4353,4.0
4501,3498,4359,100.0
4501,3498,4363,8.0
4501,3498,4386,100.0
4501,3498,4410,100.0
4501,3498,4429,100.0
4501,3498,4439,100.0
4501,3498,4440,100.0
4501,3498,4448,7.0
4501,3498,4461,100.0
4501,3498,4464,100.0
4501,3498,4495,100.0
4501,3498,4496,100.0
4501,3498,4498,1.0
4501,3498,4501,3.0
4501,3498,4514,100.0
4501,3498,4535,100.0
4501,3498,4556,100.0
4501,3498,4560,100.0
4501,3498,4565,7.0
4501,3498,4570,8.0
4501,3498,4573,4.0
4501,3498,4577,4.0
4501,3498,4601,100.0
4501,3498,4603,100.0
4501,3498,4608,4.0
4501,3498,4611,3.5000000000000004
4501,3498,4614,4.0
4501,3498,4646,100.0
4501,3498,4672,100.0
4501,3498,4679,100.0
4501,3498,4703,100.0
4501,3498,4723,100.0
4501,3498,4754,100.0
4501,3498,4786,100.0
4501,3498,4787,100.0
4501,3498,4788,100.0
4501,3498,4814,100.0
4501,3498,4819,100.0
4501,3498,4859,100.0
4501,3498,4867,100.0
4501,3498,4872,100.0
4501,3498,4892,100.0
4501,3498,4896,100.0
4501,3498,4913,100.0
4501,3498,4919,100.0
4501,3498,4927,100.0
4501,3498,4931,100.0
4501,3498,4936,7.0
4501,3498,4972,100.0
4501,3498,4986,100.0
4501,3498,4999,100.0
3011,3487,205,100.0
3011,3487,306,100.0
3011,3487,470,100.0
3011,3487,486,100.0
3011,3487,772,100.0
3011,3487,1059,100.0
3011,3487,1193,100.0
3011,3487,1224,100.0
3011,3487,1257,100.0
3011,3487,1357,100.0
3011,3487,1399,100.0
3011,3487,1403,100.0
3011,3487,1720,100.0
3011,3487,1767,100.0
3011,3487,1862,100.0
3011,3487,1924,100.0
3011,3487,2016,100.0
3011,3487,2030,100.0
3011,3487,2052,100.0
3011,3487,2071,100.0
3011,3487,2104,100.0
3011,3487,2395,100.0
3011,3487,2605,100.0
3011,3487,2693,100.0
3011,3487,2699,100.0
3011,3487,2703,8.0
3011,3487,2748,100.0
3011,3487,2929,100.0
3011,3487,3053,100.0
3011,3487,3164,100.0
3011,3487,3385,100.0
3011,3487,3606,100.0
3011,3487,4048,100.0
3011,3487,4401,100.0
3011,3487,4715,100.0
3011,3487,4894,100.0
3011,3487,4983,100.0
2501,4499,3,100.0
2501,4499,5,100.0
2501,4499,17,100.0
2501,4499,18,100.0
2501,4499,28,100.0
2501,4499,29,100.0
2501,4499,35,5.0
2501,4499,46,100.0
2501,4499,53,100.0
2501,4499,64,100.0
2501,4499,70,100.0
2501,4499,77,100.0
2501,4499,88,100.0
2501,4499,99,100.0
2501,4499,109,100.0
2501,4499,115,100.0
2501,4499,116,4.0
2501,4499,130,100.0
2501,4499,133,100.0
2501,4499,143,100.0
2501,4499,152,100.0
2501,4499,154,100.0
2501,4499,162,8.0
2501,4499,172,100.0
2501,4499,174,100.0
2501,4499,175,1.0
2501,4499,188,100.0
2501,4499,193,100.0
2501,4499,199,100.0
2501,4499,207,100.0
2501,4499,210,100.0
2501,4499,226,100.0
2501,4499,235,100.0
2501,4499,240,100.0
2501,4499,242,4.0
2501,4499,246,4.0
2501,4499,259,100.0
2501,4499,261,100.0
2501,4499,265,4.0
2501,4499,266,2.0000000000000004
2501,4499,274,7.0
2501,4499,292,100.0
2501,4499,301,100.0
2501,4499,311,100.0
2501,4499,323,100.0
2501,4499,328,100.0
2501,4499,339,100.0
2501,4499,344,100.0
2501,4499,354,100.0
2501,4499,365,100.0
2501,4499,367,100.0
2501,4499,368,1.0
2501,4499,372,2.0000000000000004
2501,4499,374,1.6666666666666667
2501,4499,375,1.0
2501,4499,379,2.0000000000000004
2501,4499,397,100.0
2501,4499,398,100.0
2501,4499,405,6.000000000000002
2501,4499,408,8.0
2501,4499,422,100.0
2501,4499,436,100.0
2501,4499,444,100.0
2501,4499,445,7.0
2501,4499,452,6.000000000000002
2501,4499,469,100.0
2501,4499,482,100.0
2501,4499,486,100.0
2501,4499,488,4.0
2501,4499,504,100.0
2501,4499,506,100.0
2501,4499,508,2.0000000000000004
2501,4499,524,100.0
2501,4499,534,100.0
2501,4499,537,100.0
2501,4499,541,4.0
2501,4499,545,4.0
2501,4499,546,3.0
2501,4499,551,3.5000000000000004
2501,4499,558,100.0
2501,4499,560,7.0
2501,4499,571,100.0
2501,4499,574,100.0
2501,4499,584,100.0
2501,4499,600,100.0
2501,4499,612,100.0
2501,4499,618,100.0
2501,4499,635,100.0
2501,4499,645,100.0
2501,4499,648,100.0
2501,4499,657,100.0
2501,4499,667,100.0
2501,4499,671,100.0
2501,4499,675,4.0
2501,4499,680,7.0
2501,4499,683,4.0
2501,4499,692,100.0
2501,4499,697,100.0
2501,4499,703,100.0
2501,4499,707,8.0
2501,4499,709,4.0
2501,4499,722,100.0
2501,4499,729,100.0
2501,4499,731,7.0
2501,4499,748,100.0
2501,4499,760,100.0
2501,4499,772,100.0
2501,4499,776,100.0
2501,4499,779,4.0
2501,4499,781,3.0
2501,4499,792,100.0
2501,4499,803,100.0
2501,4499,814,100.0
2501,4499,816,100.0
2501,4499,817,1.0
2501,4499,820,1.0
2501,4499,831,100.0
2501,4499,838,100.0
2501,4499,844,100.0
2501,4499,852,100.0
2501,4499,861,100.0
2501,4499,871,100.0
2501,4499,881,100.0
2501,4499,891,100.0
2501,4499,902,100.0
2501,4499,903,100.0
2501,4499,909,5.0
2501,4499,919,100.0
2501,4499,927,100.0
2501,4499,928,7.0
2501,4499,935,6.000000000000002
2501,4499,937,3.5000000000000004
2501,4499,948,100.0
2501,4499,955,100.0
2501,4499,963,100.0
2501,4499,964,7.0
2501,4499,965,3.5000000000000004
2501,4499,968,1.0
2501,4499,975,8.0
2501,4499,982,100.0
2501,4499,990,100.0
2501,4499,997,100.0
2501,4499,998,4.0
2501,4499,1013,100.0
2501,4499,1028,100.0
2501,4499,1030,100.0
2501,4499,1041,100.0
2501,4499,1057,100.0
2501,4499,1075,100.0
2501,4499,1079,100.0
2501,4499,1081,4.0
2501,4499,1083,2.5
2501,4499,1096,100.0
2501,4499,1113,100.0
2501,4499,1130,100.0
2501,4499,1131,100.0
2501,4499,1132,100.0
2501,4499,1137,2.0000000000000004
2501,4499,1143,100.0
2501,4499,1160,100.0
2501,4499,1170,100.0
2501,4499,1181,100.0
2501,4499,1192,100.0
2501,4499,1204,100.0
2501,4499,1212,100.0
2501,4499,1215,100.0
2501,4499,1221,7.0
2501,4499,1226,100.0
2501,4499,1231,8.0
2501,4499,1246,100.0
2501,4499,1249,100.0
2501,4499,1255,7.0
2501,4499,1262,100.0
2501,4499,1273,100.0
2501,4499,1285,100.0
2501,4499,1294,100.0
2501,4499,1295,8.0
2501,4499,1306,100.0
2501,4499,1313,100.0
2501,4499,1321,100.0
2501,4499,1330,100.0
2501,4499,1336,100.0
2501,4499,1338,4.0
2501,4499,1342,4.0
2501,4499,1354,100.0
2501,4499,1366,100.0
2501,4499,1367,100.0
2501,4499,1370,2.0000000000000004
2501,4499,1377,8.0
2501,4499,1378,4.0
2501,4499,1379,3.0
2501,4499,1386,3.0
2501,4499,1399,100.0
2501,4499,1409,100.0
2501,4499,1420,100.0
2501,4499,1423,100.0
2501,4499,1424,2.0000000000000004
2501,4499,1430,3.5000000000000004
2501,4499,1435,100.0
2501,4499,1437,4.0
2501,4499,1451,100.0
2501,4499,1460,100.0
2501,4499,1464,100.0
2501,4499,1477,100.0
2501,4499,1480,100.0
2501,4499,1491,100.0
2501,4499,1492,100.0
2501,4499,1506,100.0
2501,4499,1519,100.0
2501,4499,1525,100.0
2501,4499,1526,4.0
2501,4499,1532,5.0
2501,4499,1533,2.5
2501,4499,1541,7.0
2501,4499,1556,100.0
2501,4499,1560,100.0
2501,4499,1566,8.0
2501,4499,1576,100.0
2501,4499,1586,100.0
2501,4499,1596,100.0
2501,4499,1607,100.0
2501,4499,1609,100.0
2501,4499,1624,100.0
2501,4499,1632,100.0
2501,4499,1638,100.0
2501,4499,1641,7.0
2501,4499,1642,3.5000000000000004
2501,4499,1651,8.0
2501,4499,1653,100.0
2501,4499,1664,100.0
2501,4499,1681,100.0
2501,4499,1686,100.0
2501,4499,1687,4.0
2501,4499,1690,3.0
2501,4499,1691,1.6666666666666667
2501,4499,1692,1.0
2501,4499,1700,3.5000000000000004
2501,4499,1712,100.0
2501,4499,1714,100.0
2501,4499,1716,2.0000000000000004
2501,4499,1717,1.0
2501,4499,1728,100.0
2501,4499,1730,100.0
2501,4499,1740,100.0
2501,4499,1752,100.0
2501,4499,1763,100.0
2501,4499,1777,100.0
2501,4499,1790,100.0
2501,4499,1803,100.0
2501,4499,1804,100.0
2501,4499,1808,3.0
2501,4499,1820,100.0
2501,4499,1833,100.0
2501,4499,1838,100.0
2501,4499,1840,4.0
2501,4499,1847,7.0
2501,4499,1854,100.0
2501,4499,1858,100.0
2501,4499,1861,4.0
2501,4499,1870,100.0
2501,4499,1875,100.0
2501,4499,1885,100.0
2501,4499,1895,100.0
2501,4499,1906,100.0
2501,4499,1910,100.0
2501,4499,1913,4.0
2501,4499,1916,3.5000000000000004
2501,4499,1928,100.0
2501,4499,1940,100.0
2501,4499,1944,100.0
2501,4499,1951,100.0
2501,4499,1961,100.0
2501,4499,1963,100.0
2501,4499,1974,100.0
2501,4499,1985,100.0
2501,4499,1987,100.0
2501,4499,1988,1.0
2501,4499,1989,0.5000000000000001
2501,4499,2003,100.0
2501,4499,2016,100.0
2501,4499,2029,100.0
2501,4499,2030,100.0
2501,4499,2034,3.0
2501,4499,2046,100.0
2501,4499,2058,100.0
2501,4499,2063,100.0
2501,4499,2064,4.0
2501,4499,2079,100.0
2501,4499,2082,100.0
2501,4499,2084,3.0
2501,4499,2093,100.0
2501,4499,2103,100.0
2501,4499,2114,100.0
2501,4499,2116,100.0
2501,4499,2124,8.0
2501,4499,2133,100.0
2501,4499,2147,100.0
2501,4499,2156,100.0
2501,4499,2166,100.0
2501,4499,2171,100.0
2501,4499,2176,8.0
2501,4499,2178,4.0
2501,4499,2184,6.000000000000002
2501,4499,2185,3.0
2501,4499,2203,100.0
2501,4499,2210,100.0
2501,4499,2222,100.0
2501,4499,2230,100.0
2501,4499,2236,100.0
2501,4499,2244,100.0
2501,4499,2247,100.0
2501,4499,2258,100.0
2501,4499,2260,100.0
2501,4499,2261,1.0
2501,4499,2266,2.5
2501,4499,2270,3.5000000000000004
2501,4499,2277,100.0
2501,4499,2288,100.0
2501,4499,2299,100.0
2501,4499,2305,100.0
2501,4499,2312,100.0
2501,4499,2322,100.0
2501,4499,2339,100.0
2501,4499,2340,100.0
2501,4499,2341,100.0
2501,4499,2342,0.0
2501,4499,2352,100.0
2501,4499,2356,100.0
2501,4499,2365,100.0
2501,4499,2367,100.0
2501,4499,2380,100.0
2501,4499,2388,100.0
2501,4499,2393,100.0
2501,4499,2395,4.0
2501,4499,2399,4.0
2501,4499,2406,100.0
2501,4499,2407,4.0
2501,4499,2412,4.0
2501,4499,2424,100.0
2501,4499,2425,100.0
2501,4499,2439,100.0
2501,4499,2441,100.0
2501,4499,2443,2.0000000000000004
2501,4499,2444,1.0
2501,4499,2451,3.5000000000000004
2501,4499,2457,100.0
2501,4499,2470,100.0
2501,4499,2473,100.0
2501,4499,2478,4.0
2501,4499,2487,100.0
2501,4499,2497,100.0
2501,4499,2502,100.0
2501,4499,2513,100.0
2501,4499,2525,100.0
2501,4499,2537,100.0
2501,4499,2549,100.0
2501,4499,2564,100.0
2501,4499,2567,100.0
2501,4499,2573,7.0
2501,4499,2576,7.0
2501,4499,2586,100.0
2501,4499,2597,100.0
2501,4499,2612,100.0
2501,4499,2617,100.0
2501,4499,2620,4.0
2501,4499,2626,7.0
2501,4499,2634,100.0
2501,4499,2640,100.0
2501,4499,2650,100.0
2501,4499,2651,100.0
2501,4499,2663,100.0
2501,4499,2669,100.0
2501,4499,2677,100.0
2501,4499,2686,100.0
2501,4499,2689,100.0
2501,4499,2691,3.0
2501,4499,2693,2.0000000000000004
2501,4499,2696,1.6666666666666667
2501,4499,2697,1.0
2501,4499,2699,1.0
2501,4499,2709,100.0
2501,4499,2720,100.0
2501,4499,2725,100.0
2501,4499,2727,4.0
2501,4499,2732,4.0
2501,4499,2735,3.5000000000000004
2501,4499,2745,100.0
2501,4499,2748,100.0
2501,4499,2754,7.0
2501,4499,2763,100.0
2501,4499,2765,100.0
2501,4499,2770,4.0
2501,4499,2771,2.5
2501,4499,2783,100.0
2501,4499,2795,100.0
2501,4499,2797,100.0
2501,4499,2804,7.0
2501,4499,2813,100.0
2501,4499,2825,100.0
2501,4499,2827,100.0
2501,4499,2833,6.000000000000002
2501,4499,2834,3.0
2501,4499,2845,100.0
2501,4499,2852,100.0
2501,4499,2863,100.0
2501,4499,2875,100.0
2501,4499,2890,100.0
2501,4499,2895,100.0
2501,4499,2896,4.0
2501,4499,2897,2.0000000000000004
2501,4499,2902,2.0000000000000004
2501,4499,2915,100.0
2501,4499,2920,100.0
2501,4499,2936,100.0
2501,4499,2951,100.0
2501,4499,2952,100.0
2501,4499,2956,3.0
2501,4499,2961,3.5000000000000004
2501,4499,2965,7.0
2501,4499,2976,100.0
2501,4499,2981,100.0
2501,4499,2993,100.0
2501,4499,2997,100.0
2501,4499,3003,8.0
2501,4499,3005,4.0
2501,4499,3017,100.0
2501,4499,3029,100.0
2501,4499,3037,100.0
2501,4499,3046,100.0
2501,4499,3056,100.0
2501,4499,3057,100.0
2501,4499,3060,2.0000000000000004
2501,4499,3071,100.0
2501,4499,3083,100.0
2501,4499,3087,100.0
2501,4499,3091,4.0
2501,4499,3109,100.0
2501,4499,3110,100.0
2501,4499,3112,1.0
2501,4499,3125,100.0
2501,4499,3139,100.0
2501,4499,3153,100.0
2501,4499,3166,100.0
2501,4499,3167,100.0
2501,4499,3175,7.0
2501,4499,3191,100.0
2501,4499,3206,100.0
2501,4499,3214,100.0
2501,4499,3219,100.0
2501,4499,3228,100.0
2501,4499,3239,100.0
2501,4499,3251,100.0
2501,4499,3254,100.0
2501,4499,3255,2.0000000000000004
2501,4499,3258,2.0000000000000004
2501,4499,3270,100.0
2501,4499,3271,100.0
2501,4499,3273,1.0
2501,4499,3278,2.5
2501,4499,3285,100.0
2501,4499,3296,100.0
2501,4499,3297,100.0
2501,4499,3300,2.0000000000000004
2501,4499,3308,100.0
2501,4499,3318,100.0
2501,4499,3328,100.0
2501,4499,3338,100.0
2501,4499,3356,100.0
2501,4499,3359,100.0
2501,4499,3372,100.0
2501,4499,3376,100.0
2501,4499,3380,4.0
2501,4499,3390,100.0
2501,4499,3400,100.0
2501,4499,3409,100.0
2501,4499,3411,100.0
2501,4499,3427,100.0
2501,4499,3433,100.0
2501,4499,3441,100.0
2501,4499,3447,100.0
2501,4499,3454,100.0
2501,4499,3456,7.0
2501,4499,3460,4.0
2501,4499,3468,100.0
2501,4499,3472,100.0
2501,4499,3476,4.0
2501,4499,3481,7.0
2501,4499,3482,3.5000000000000004
2501,4499,3484,2.5
2501,4499,3495,100.0
2501,4499,3496,100.0
2501,4499,3499,2.0000000000000004
2501,4499,3509,100.0
2501,4499,3510,100.0
2501,4499,3525,100.0
2501,4499,3541,100.0
2501,4499,3555,100.0
2501,4499,3561,100.0
2501,4499,3567,100.0
2501,4499,3569,4.0
2501,4499,3570,3.0
2501,4499,3573,1.0
2501,4499,3580,8.0
2501,4499,3591,100.0
2501,4499,3592,100.0
2501,4499,3593,100.0
2501,4499,3598,2.0000000000000004
2501,4499,3606,100.0
2501,4499,3624,100.0
2501,4499,3635,100.0
2501,4499,3646,100.0
2501,4499,3658,100.0
2501,4499,3670,100.0
2501,4499,3671,100.0
2501,4499,3680,8.0
2501,4499,3681,8.0
2501,4499,3683,1.0
2501,4499,3693,100.0
2501,4499,3702,100.0
2501,4499,3712,100.0
2501,4499,3721,100.0
2501,4499,3727,100.0
2501,4499,3737,100.0
2501,4499,3738,100.0
2501,4499,3755,100.0
2501,4499,3758,100.0
2501,4499,3760,3.0
2501,4499,3777,100.0
2501,4499,3787,100.0
2501,4499,3797,100.0
2501,4499,3807,100.0
2501,4499,3817,100.0
2501,4499,3824,100.0
2501,4499,3830,100.0
2501,4499,3845,100.0
2501,4499,3848,100.0
2501,4499,3852,4.0
2501,4499,3859,100.0
2501,4499,3866,100.0
2501,4499,3873,100.0
2501,4499,3878,100.0
2501,4499,3888,100.0
2501,4499,3890,100.0
2501,4499,3898,8.0
2501,4499,3907,100.0
2501,4499,3915,100.0
2501,4499,3921,100.0
2501,4499,3932,100.0
2501,4499,3943,100.0
2501,4499,3945,100.0
2501,4499,3955,100.0
2501,4499,3958,100.0
2501,4499,3960,3.0
2501,4499,3967,7.0
2501,4499,3978,100.0
2501,4499,3983,100.0
2501,4499,4000,100.0
2501,4499,4002,100.0
2501,4499,4011,100.0
2501,4499,4026,100.0
2501,4499,4038,100.0
2501,4499,4051,100.0
2501,4499,4052,100.0
2501,4499,4070,100.0
2501,4499,4074,100.0
2501,4499,4084,100.0
2501,4499,4094,100.0
2501,4499,4100,100.0
2501,4499,4115,100.0
2501,4499,4126,100.0
2501,4499,4138,100.0
2501,4499,4146,100.0
2501,4499,4147,7.0
2501,4499,4158,100.0
2501,4499,4169,100.0
2501,4499,4177,100.0
2501,4499,4186,100.0
2501,4499,4195,100.0
2501,4499,4204,100.0
2501,4499,4210,100.0
2501,4499,4211,4.0
2501,4499,4216,4.0
2501,4499,4218,2.5
2501,4499,4223,4.0
2501,4499,4225,3.0
2501,4499,4236,100.0
2501,4499,4247,100.0
2501,4499,4253,100.0
2501,4499,4256,7.0
2501,4499,4264,100.0
2501,4499,4268,100.0
2501,4499,4270,4.0
2501,4499,4276,6.000000000000002
2501,4499,4281,100.0
2501,4499,4288,100.0
2501,4499,4303,100.0
2501,4499,4318,100.0
2501,4499,4327,100.0
2501,4499,4337,100.0
2501,4499,4348,100.0
2501,4499,4351,100.0
2501,4499,4352,2.0000000000000004
2501,4499,4355,2.0000000000000004
2501,4499,4365,100.0
2501,4499,4382,100.0
2501,4499,4383,100.0
2501,4499,4390,6.000000000000002
2501,4499,4394,100.0
2501,4499,4408,100.0
2501,4499,4417,100.0
2501,4499,4435,100.0
2501,4499,4454,100.0
2501,4499,4455,100.0
2501,4499,4472,100.0
2501,4499,4475,100.0
2501,4499,4482,8.0
2501,4499,4488,100.0
2501,4499,4489,4.0
2501,4499,4493,3.0
2501,4499,4495,2.0000000000000004
2501,4499,4507,100.0
2501,4499,4515,100.0
2501,4499,4523,100.0
2501,4499,4530,100.0
2501,4499,4533,8.0
2501,4499,4540,8.0
2501,4499,4556,100.0
2501,4499,4559,100.0
2501,4499,4569,100.0
2501,4499,4580,100.0
2501,4499,4591,100.0
2501,4499,4602,100.0
2501,4499,4607,100.0
2501,4499,4619,100.0
2501,4499,4632,100.0
2501,4499,4646,100.0
2501,4499,4652,100.0
2501,4499,4657,100.0
2501,4499,4659,4.0
2501,4499,4661,3.0
2501,4499,4667,3.5000000000000004
2501,4499,4672,100.0
2501,4499,4679,100.0
2501,4499,4686,100.0
2501,4499,4692,100.0
2501,4499,4695,7.0
2501,4499,4700,4.0
2501,4499,4704,7.0
2501,4499,4708,4.0
2501,4499,4712,4.0
2501,4499,4728,100.0
2501,4499,4741,100.0
2501,4499,4754,100.0
2501,4499,4769,100.0
2501,4499,4780,100.0
2501,4499,4783,100.0
2501,4499,4788,4.0
2501,4499,4796,100.0
2501,4499,4806,100.0
2501,4499,4810,100.0
2501,4499,4813,4.0
2501,4499,4816,3.5000000000000004
2501,4499,4823,8.0
2501,4499,4833,100.0
2501,4499,4849,100.0
2501,4499,4854,100.0
2501,4499,4861,100.0
2501,4499,4868,100.0
2501,4499,4873,100.0
2501,4499,4880,100.0
2501,4499,4893,100.0
2501,4499,4898,100.0
2501,4499,4903,8.0
2501,4499,4905,4.0
2501,4499,4917,100.0
2501,4499,4931,100.0
2501,4499,4945,100.0
2501,4499,4946,100.0
2501,4499,4948,1.0
2501,4499,4958,100.0
2501,4499,4959,100.0
2501,4499,4966,6.000000000000002
2501,4499,4968,3.5000000000000004
2501,4499,4982,100.0
2501,4499,4983,100.0
2501,4499,4997,100.0
