1,1
1,31
1,32
1,165
1,692
1,7004
1,7414
1,8486
4,1
4,4
4,8148
5,5
5,31
5,7004
5,7378
5,7380
5,7386
5,7396
5,7627
5,8017
5,8214
5,8225
5,8435
5,8440
5,8483
5,8486
5,8494
5,8538
5,8539
5,8540
5,8965
5,9163
5,9198
11,9162
31,1
31,31
31,32
31,165
31,692
31,7004
31,8539
32,1
32,31
32,32
32,165
32,692
32,7004
32,8486
75,7386
165,1
165,31
165,32
165,165
165,692
165,7004
692,1
692,31
692,32
692,165
692,692
692,7004
692,8483
692,8540
7004,1
7004,31
7004,32
7004,165
7004,692
7004,7004
7004,7370
7004,7386
7370,5
7378,5
7378,7378
7378,7380
7378,7386
7378,7396
7378,7413
7378,7417
7378,7627
7378,7638
7378,8235
7378,8241
7378,8440
7378,8483
7378,8486
7378,8494
7378,8538
7378,8542
7378,8965
7380,5
7380,7378
7380,7380
7380,7386
7380,7396
7380,7413
7380,7414
7380,7417
7380,7427
7380,7430
7380,7432
7380,7627
7380,7638
7380,8440
7380,8486
7380,8494
7380,8538
7380,8543
7383,7627
7386,5
7386,75
7386,7378
7386,7380
7386,7386
7386,7396
7386,7413
7386,7414
7386,7417
7386,7627
7386,8017
7386,8020
7386,8483
7386,8486
7386,8488
7386,8494
7386,8538
7386,8540
7386,8541
7396,7378
7396,7380
7396,7386
7396,7396
7396,7413
7396,7414
7396,7417
7396,7430
7396,7619
7396,7625
7396,7627
7396,7638
7396,8058
7396,8483
7396,8540
7413,5
7413,7378
7413,7380
7413,7386
7413,7396
7413,7413
7413,7414
7413,7417
7413,7419
7413,7427
7413,7430
7413,7432
7413,7619
7413,7621
7413,7625
7413,7627
7413,7638
7413,7644
7413,7650
7413,8494
7413,8544
7413,8545
7414,5
7414,7378
7414,7380
7414,7396
7414,7413
7414,7414
7414,7417
7414,7419
7414,7427
7414,7430
7414,7432
7414,7619
7414,7621
7414,7625
7414,7627
7414,7638
7414,7644
7414,7650
7414,8541
7414,8544
7417,7380
7417,7386
7417,7396
7417,7413
7417,7414
7417,7417
7417,7420
7417,7430
7417,7621
7417,7625
7417,7627
7417,7638
7417,7644
7417,7891
7417,8440
7417,8483
7417,8486
7417,8544
7417,8545
7419,7413
7419,7419
7419,7420
7419,7424
7419,7427
7419,7432
7419,7586
7419,7619
7419,7621
7419,7644
7419,7650
7419,7709
7419,7736
7419,7739
7419,7753
7419,7761
7419,7891
7419,7897
7420,7419
7420,7420
7420,7424
7420,7427
7420,7430
7420,7586
7420,7619
7420,7650
7420,7717
7420,7728
7420,7736
7420,7739
7420,7891
7420,7897
7424,7419
7424,7420
7424,7424
7424,7427
7424,7430
7424,7432
7424,7586
7424,7619
7424,7621
7424,7650
7424,7709
7424,7717
7424,7728
7424,7736
7424,7739
7424,7753
7424,7891
7424,7897
7427,7413
7427,7414
7427,7417
7427,7420
7427,7424
7427,7427
7427,7430
7427,7432
7427,7619
7427,7621
7427,7625
7427,7627
7427,7638
7427,7644
7427,7650
7427,7728
7427,7891
7427,7897
7430,7413
7430,7414
7430,7417
7430,7419
7430,7420
7430,7427
7430,7430
7430,7432
7430,7619
7430,7621
7430,7625
7430,7627
7430,7638
7430,7644
7430,7650
7430,7728
7430,7739
7430,7891
7432,7380
7432,7413
7432,7414
7432,7424
7432,7427
7432,7430
7432,7432
7432,7619
7432,7621
7432,7625
7432,7638
7432,7644
7432,7650
7432,7891
7434,7434
7434,7440
7434,7442
7434,7451
7434,7453
7434,7461
7434,7463
7434,7472
7434,7475
7434,7482
7434,7671
7434,7677
7434,7681
7434,7691
7434,7699
7434,7701
7434,7705
7440,7434
7440,7440
7440,7442
7440,7446
7440,7451
7440,7453
7440,7463
7440,7475
7440,7480
7440,7508
7440,7671
7440,7678
7440,7681
7440,7691
7440,7699
7440,7701
7440,7705
7442,7434
7442,7440
7442,7442
7442,7446
7442,7451
7442,7453
7442,7461
7442,7470
7442,7475
7442,7480
7442,7677
7442,7699
7442,7705
7446,7434
7446,7440
7446,7442
7446,7446
7446,7451
7446,7453
7446,7461
7446,7463
7446,7470
7446,7475
7446,7491
7446,7517
7446,7677
7446,7681
7446,7691
7446,7699
7446,7701
7446,7705
7451,7434
7451,7440
7451,7442
7451,7446
7451,7451
7451,7453
7451,7463
7451,7475
7451,7677
7451,7681
7451,7691
7451,7699
7451,7701
7451,7705
7453,7434
7453,7440
7453,7442
7453,7446
7453,7451
7453,7453
7453,7461
7453,7463
7453,7470
7453,7472
7453,7475
7453,7480
7453,7482
7453,7501
7453,7532
7453,7691
7453,7699
7453,7701
7453,7705
7461,7440
7461,7442
7461,7451
7461,7453
7461,7461
7461,7463
7461,7470
7461,7472
7461,7475
7461,7480
7461,7482
7461,7489
7461,7491
7461,7501
7461,7508
7461,7517
7461,7535
7461,7884
7463,7434
7463,7446
7463,7451
7463,7453
7463,7461
7463,7463
7463,7470
7463,7472
7463,7475
7463,7480
7463,7489
7463,7491
7463,7498
7463,7501
7463,7508
7463,7699
7463,7701
7463,7705
7463,7884
7470,7446
7470,7453
7470,7461
7470,7463
7470,7470
7470,7472
7470,7475
7470,7480
7470,7482
7470,7489
7470,7491
7470,7498
7470,7501
7470,7508
7470,7517
7470,7526
7470,7884
7472,7442
7472,7451
7472,7461
7472,7463
7472,7470
7472,7472
7472,7475
7472,7480
7472,7482
7472,7489
7472,7491
7472,7498
7472,7501
7472,7508
7472,7808
7475,7434
7475,7440
7475,7442
7475,7446
7475,7451
7475,7453
7475,7461
7475,7463
7475,7470
7475,7472
7475,7475
7475,7480
7475,7491
7475,7517
7475,7699
7475,7701
7480,7461
7480,7463
7480,7470
7480,7472
7480,7475
7480,7480
7480,7482
7480,7489
7480,7491
7480,7498
7480,7508
7480,7517
7480,7532
7480,7884
7482,7461
7482,7463
7482,7470
7482,7472
7482,7480
7482,7482
7482,7489
7482,7491
7482,7498
7482,7501
7482,7508
7482,7532
7482,7884
7489,7453
7489,7461
7489,7463
7489,7470
7489,7472
7489,7482
7489,7489
7489,7491
7489,7498
7489,7501
7489,7508
7489,7517
7489,7526
7489,7532
7489,7541
7489,7796
7489,7884
7491,7442
7491,7463
7491,7470
7491,7472
7491,7475
7491,7480
7491,7482
7491,7489
7491,7491
7491,7498
7491,7501
7491,7508
7491,7517
7491,7526
7491,7541
7491,7808
7491,7884
7498,7461
7498,7463
7498,7470
7498,7480
7498,7489
7498,7491
7498,7498
7498,7501
7498,7508
7498,7517
7498,7526
7498,7532
7498,7541
7498,7787
7498,7792
7498,7806
7498,7866
7498,7884
7498,7920
7501,7461
7501,7463
7501,7470
7501,7480
7501,7482
7501,7489
7501,7491
7501,7498
7501,7501
7501,7508
7501,7517
7501,7541
7501,7792
7501,7808
7501,7884
7508,7470
7508,7480
7508,7482
7508,7489
7508,7491
7508,7498
7508,7501
7508,7508
7508,7517
7508,7526
7508,7532
7508,7535
7508,7541
7508,7806
7508,7884
7517,7470
7517,7472
7517,7480
7517,7482
7517,7489
7517,7491
7517,7498
7517,7501
7517,7508
7517,7517
7517,7532
7517,7535
7517,7541
7517,7787
7517,7806
7517,7808
7517,7884
7526,7489
7526,7491
7526,7498
7526,7501
7526,7508
7526,7517
7526,7526
7526,7532
7526,7535
7526,7541
7526,7787
7526,7792
7526,7796
7526,7806
7526,7808
7526,7809
7532,7482
7532,7489
7532,7498
7532,7508
7532,7517
7532,7526
7532,7532
7532,7535
7532,7541
7532,7787
7532,7792
7532,7806
7532,7808
7532,8151
7534,7534
7534,7543
7534,7545
7534,7550
7534,7559
7534,7562
7534,7571
7534,7578
7534,7592
7534,7675
7534,7736
7534,7753
7534,7761
7534,7770
7534,7775
7534,7872
7535,7498
7535,7501
7535,7508
7535,7517
7535,7526
7535,7532
7535,7535
7535,7787
7535,7792
7535,7796
7535,7806
7535,7808
7535,7809
7535,7880
7535,7884
7535,8139
7541,7489
7541,7498
7541,7501
7541,7526
7541,7532
7541,7535
7541,7541
7541,7787
7541,7792
7541,7796
7541,7806
7541,7809
7541,7880
7541,7932
7543,7534
7543,7543
7543,7545
7543,7550
7543,7559
7543,7562
7543,7569
7543,7578
7543,7667
7543,7736
7543,7744
7543,7753
7543,7761
7543,7770
7543,7775
7543,7872
7543,7894
7543,7903
7543,7917
7545,7534
7545,7543
7545,7545
7545,7550
7545,7559
7545,7562
7545,7569
7545,7571
7545,7578
7545,7667
7545,7678
7545,7728
7545,7744
7545,7753
7545,7770
7545,7775
7545,7872
7545,7894
7550,7534
7550,7543
7550,7545
7550,7550
7550,7559
7550,7562
7550,7569
7550,7571
7550,7578
7550,7592
7550,7667
7550,7753
7550,7761
7550,7770
7550,7775
7550,7903
7559,7534
7559,7543
7559,7545
7559,7550
7559,7559
7559,7562
7559,7569
7559,7571
7559,7578
7559,7592
7559,7667
7559,7675
7559,7678
7559,7691
7559,7744
7559,7770
7559,7775
7559,7872
7559,7894
7562,7534
7562,7543
7562,7545
7562,7550
7562,7559
7562,7562
7562,7569
7562,7571
7562,7578
7562,7592
7562,7667
7562,7671
7562,7678
7562,7753
7562,7770
7562,7775
7562,7894
7569,7543
7569,7550
7569,7559
7569,7562
7569,7569
7569,7571
7569,7578
7569,7592
7569,7667
7569,7675
7569,7678
7569,7685
7569,7770
7569,7775
7569,7872
7569,7894
7569,7903
7569,7917
7571,7543
7571,7550
7571,7559
7571,7562
7571,7569
7571,7571
7571,7578
7571,7592
7571,7667
7571,7671
7571,7675
7571,7678
7571,7775
7571,7872
7571,7894
7571,7903
7578,7463
7578,7534
7578,7543
7578,7545
7578,7550
7578,7562
7578,7569
7578,7571
7578,7578
7578,7592
7578,7667
7578,7675
7578,7678
7578,7685
7578,7699
7578,7872
7578,7894
7578,7903
7578,7917
7586,7419
7586,7420
7586,7424
7586,7427
7586,7430
7586,7534
7586,7545
7586,7586
7586,7619
7586,7650
7586,7709
7586,7717
7586,7728
7586,7736
7586,7739
7586,7744
7586,7753
7586,7891
7586,7897
7592,7446
7592,7534
7592,7545
7592,7550
7592,7559
7592,7562
7592,7569
7592,7571
7592,7578
7592,7592
7592,7667
7592,7675
7592,7677
7592,7678
7592,7681
7592,7685
7592,7701
7592,7894
7592,7903
7592,7917
7619,7413
7619,7414
7619,7419
7619,7420
7619,7424
7619,7427
7619,7430
7619,7432
7619,7619
7619,7621
7619,7625
7619,7627
7619,7638
7619,7644
7619,7650
7619,7709
7619,7775
7619,7891
7619,7897
7621,7396
7621,7413
7621,7414
7621,7417
7621,7419
7621,7427
7621,7430
7621,7432
7621,7621
7621,7625
7621,7627
7621,7638
7621,7644
7621,7650
7621,7739
7621,8544
7625,7396
7625,7413
7625,7414
7625,7427
7625,7430
7625,7432
7625,7619
7625,7621
7625,7625
7625,7627
7625,7650
7625,7728
7625,8544
7625,8545
7627,7378
7627,7380
7627,7386
7627,7396
7627,7413
7627,7414
7627,7417
7627,7427
7627,7432
7627,7619
7627,7621
7627,7625
7627,7627
7627,7638
7627,7644
7627,7650
7627,7717
7627,8227
7627,8486
7627,8544
7627,8545
7638,5
7638,7378
7638,7380
7638,7386
7638,7413
7638,7414
7638,7417
7638,7427
7638,7432
7638,7621
7638,7627
7638,7638
7638,7644
7638,8486
7638,8544
7638,8545
7644,7413
7644,7414
7644,7419
7644,7420
7644,7424
7644,7427
7644,7430
7644,7432
7644,7586
7644,7619
7644,7621
7644,7625
7644,7627
7644,7644
7644,7650
7644,8544
7650,7413
7650,7414
7650,7419
7650,7420
7650,7424
7650,7427
7650,7430
7650,7432
7650,7586
7650,7619
7650,7625
7650,7638
7650,7650
7650,7709
7650,7717
7650,7739
7650,7761
7667,7550
7667,7559
7667,7562
7667,7569
7667,7571
7667,7578
7667,7592
7667,7667
7667,7671
7667,7675
7667,7678
7667,7681
7667,7894
7667,7903
7667,7917
7671,7434
7671,7440
7671,7578
7671,7671
7671,7675
7671,7677
7671,7678
7671,7681
7671,7685
7671,7691
7671,7694
7671,7699
7671,7701
7671,7705
7671,7894
7671,7903
7671,7917
7675,7440
7675,7559
7675,7562
7675,7569
7675,7571
7675,7592
7675,7667
7675,7671
7675,7675
7675,7678
7675,7685
7675,7694
7675,7705
7675,7894
7675,7903
7675,7917
7677,7446
7677,7451
7677,7592
7677,7671
7677,7675
7677,7677
7677,7678
7677,7681
7677,7685
7677,7691
7677,7694
7677,7699
7677,7705
7677,7903
7677,7917
7678,7472
7678,7569
7678,7571
7678,7578
7678,7592
7678,7667
7678,7671
7678,7675
7678,7677
7678,7678
7678,7685
7678,7691
7678,7694
7678,7699
7678,7894
7678,7903
7678,7917
7681,7434
7681,7440
7681,7442
7681,7667
7681,7671
7681,7675
7681,7677
7681,7681
7681,7685
7681,7691
7681,7694
7681,7699
7681,7701
7681,7705
7681,7894
7681,7903
7681,7917
7685,7569
7685,7592
7685,7667
7685,7671
7685,7675
7685,7677
7685,7678
7685,7681
7685,7685
7685,7691
7685,7694
7685,7699
7685,7701
7685,7705
7685,7917
7691,7434
7691,7440
7691,7442
7691,7451
7691,7453
7691,7578
7691,7671
7691,7677
7691,7678
7691,7681
7691,7685
7691,7691
7691,7694
7691,7699
7691,7701
7691,7705
7691,7917
7694,7592
7694,7667
7694,7671
7694,7675
7694,7677
7694,7678
7694,7681
7694,7685
7694,7691
7694,7694
7694,7701
7694,7903
7694,7917
7699,7434
7699,7442
7699,7446
7699,7453
7699,7463
7699,7475
7699,7491
7699,7677
7699,7678
7699,7691
7699,7694
7699,7699
7699,7701
7699,7705
7699,7917
7701,7434
7701,7440
7701,7442
7701,7446
7701,7451
7701,7453
7701,7461
7701,7463
7701,7472
7701,7475
7701,7480
7701,7671
7701,7675
7701,7677
7701,7681
7701,7685
7701,7691
7701,7694
7701,7699
7701,7701
7701,7705
7705,7434
7705,7440
7705,7442
7705,7446
7705,7451
7705,7453
7705,7461
7705,7463
7705,7475
7705,7501
7705,7671
7705,7677
7705,7681
7705,7685
7705,7691
7705,7699
7705,7701
7705,7705
7709,7419
7709,7420
7709,7424
7709,7586
7709,7619
7709,7650
7709,7709
7709,7717
7709,7728
7709,7736
7709,7739
7709,7744
7709,7753
7709,7770
7709,7775
7709,7897
7717,7420
7717,7424
7717,7571
7717,7586
7717,7650
7717,7709
7717,7717
7717,7728
7717,7736
7717,7739
7717,7744
7717,7753
7717,7761
7717,7770
7717,7891
7717,7897
7728,7420
7728,7424
7728,7534
7728,7586
7728,7709
7728,7717
7728,7728
7728,7736
7728,7739
7728,7744
7728,7753
7728,7770
7728,7872
7728,7891
7728,7897
7736,7420
7736,7424
7736,7534
7736,7543
7736,7545
7736,7562
7736,7586
7736,7709
7736,7717
7736,7728
7736,7736
7736,7744
7736,7753
7736,7761
7736,7770
7736,7775
7736,7872
7736,7897
7739,7419
7739,7424
7739,7586
7739,7650
7739,7709
7739,7717
7739,7728
7739,7736
7739,7739
7739,7744
7739,7753
7739,7761
7739,7775
7739,7872
7739,7891
7739,7897
7744,7424
7744,7534
7744,7543
7744,7545
7744,7550
7744,7569
7744,7586
7744,7709
7744,7717
7744,7728
7744,7736
7744,7739
7744,7744
7744,7753
7744,7761
7744,7770
7744,7775
7744,7872
7744,7891
7744,7897
7753,7543
7753,7545
7753,7550
7753,7562
7753,7569
7753,7586
7753,7709
7753,7717
7753,7728
7753,7736
7753,7739
7753,7744
7753,7753
7753,7761
7753,7770
7753,7775
7753,7872
7753,7891
7753,7897
7753,7903
7761,7534
7761,7550
7761,7562
7761,7569
7761,7586
7761,7678
7761,7709
7761,7717
7761,7728
7761,7736
7761,7739
7761,7744
7761,7753
7761,7761
7761,7770
7761,7775
7761,7872
7761,7897
7770,7420
7770,7534
7770,7545
7770,7550
7770,7562
7770,7578
7770,7586
7770,7717
7770,7728
7770,7739
7770,7744
7770,7753
7770,7761
7770,7770
7770,7775
7770,7872
7770,7897
7775,7534
7775,7543
7775,7550
7775,7559
7775,7571
7775,7717
7775,7736
7775,7744
7775,7753
7775,7761
7775,7770
7775,7775
7775,7872
7787,7489
7787,7498
7787,7517
7787,7526
7787,7532
7787,7535
7787,7541
7787,7787
7787,7792
7787,7806
7787,7808
7787,7809
7787,7866
7787,7884
7787,8139
7792,7498
7792,7517
7792,7526
7792,7532
7792,7535
7792,7541
7792,7787
7792,7792
7792,7796
7792,7806
7792,7808
7792,7809
7792,7866
7792,7880
7792,7934
7792,7935
7792,8144
7792,8148
7792,8151
7796,7526
7796,7532
7796,7535
7796,7787
7796,7792
7796,7796
7796,7806
7796,7808
7796,7809
7796,7866
7796,7880
7796,7920
7796,7932
7796,7934
7796,7941
7796,8151
7806,7498
7806,7526
7806,7532
7806,7535
7806,7541
7806,7787
7806,7792
7806,7796
7806,7806
7806,7808
7806,7809
7806,7866
7806,7937
7806,7974
7806,8139
7806,8151
7808,7396
7808,7517
7808,7526
7808,7532
7808,7535
7808,7541
7808,7787
7808,7792
7808,7796
7808,7806
7808,7808
7808,7809
7808,7866
7808,7880
7808,7932
7808,7941
7808,8139
7808,8144
7808,8151
7809,7532
7809,7535
7809,7541
7809,7787
7809,7792
7809,7796
7809,7806
7809,7808
7809,7809
7809,7866
7809,7880
7809,7932
7809,8139
7809,8144
7809,8148
7866,7535
7866,7541
7866,7787
7866,7806
7866,7808
7866,7809
7866,7866
7866,7880
7866,7920
7866,7925
7866,7932
7866,7941
7866,7944
7866,7952
7866,7963
7866,8139
7866,8144
7866,8148
7866,8151
7872,7534
7872,7543
7872,7545
7872,7550
7872,7559
7872,7562
7872,7569
7872,7571
7872,7592
7872,7671
7872,7717
7872,7728
7872,7744
7872,7753
7872,7761
7872,7770
7872,7775
7872,7872
7872,7894
7880,7787
7880,7792
7880,7796
7880,7806
7880,7808
7880,7809
7880,7866
7880,7880
7880,7920
7880,7925
7880,7932
7880,7941
7880,7944
7880,7952
7880,7972
7880,8139
7880,8144
7880,8151
7884,7453
7884,7463
7884,7470
7884,7472
7884,7475
7884,7480
7884,7482
7884,7489
7884,7491
7884,7498
7884,7501
7884,7508
7884,7517
7884,7532
7884,7535
7884,7541
7884,7884
7891,7419
7891,7420
7891,7424
7891,7427
7891,7432
7891,7534
7891,7586
7891,7619
7891,7644
7891,7709
7891,7717
7891,7728
7891,7736
7891,7739
7891,7744
7891,7761
7891,7891
7891,7897
7894,7475
7894,7543
7894,7550
7894,7559
7894,7562
7894,7569
7894,7571
7894,7578
7894,7592
7894,7667
7894,7671
7894,7675
7894,7678
7894,7681
7894,7685
7894,7694
7894,7894
7894,7903
7894,7917
7897,7419
7897,7420
7897,7424
7897,7427
7897,7586
7897,7619
7897,7644
7897,7650
7897,7709
7897,7717
7897,7728
7897,7736
7897,7739
7897,7744
7897,7753
7897,7761
7897,7770
7897,7872
7897,7891
7897,7897
7903,7543
7903,7550
7903,7559
7903,7562
7903,7569
7903,7571
7903,7578
7903,7592
7903,7667
7903,7671
7903,7675
7903,7678
7903,7681
7903,7685
7903,7691
7903,7694
7903,7699
7903,7894
7903,7903
7917,7559
7917,7562
7917,7671
7917,7675
7917,7677
7917,7678
7917,7681
7917,7685
7917,7691
7917,7694
7917,7701
7917,7894
7917,7903
7917,7917
7920,7796
7920,7806
7920,7808
7920,7920
7920,7925
7920,7932
7920,7934
7920,7935
7920,7941
7920,7944
7920,7952
7920,7963
7920,8139
7920,8144
7920,8148
7920,8151
7925,7792
7925,7866
7925,7880
7925,7920
7925,7925
7925,7932
7925,7934
7925,7935
7925,7938
7925,7944
7925,7952
7925,7963
7925,8139
7925,8144
7925,8148
7925,8151
7927,7925
7927,7927
7927,7930
7927,7934
7927,7935
7927,7937
7927,7938
7927,7944
7927,7947
7927,7950
7927,7952
7927,7963
7927,7972
7927,7974
7927,8148
7929,7927
7929,7929
7929,7930
7929,7934
7929,7937
7929,7938
7929,7947
7929,7949
7929,7950
7929,7955
7929,7957
7929,7963
7929,7970
7929,7972
7929,7974
7929,7992
7929,8159
7930,7929
7930,7930
7930,7937
7930,7938
7930,7947
7930,7950
7930,7955
7930,7957
7930,7970
7930,7972
7930,7974
7930,7992
7930,8159
7932,7792
7932,7806
7932,7808
7932,7809
7932,7866
7932,7880
7932,7920
7932,7925
7932,7932
7932,7934
7932,7935
7932,7941
7932,7944
7932,8139
7932,8144
7932,8148
7932,8151
7934,7920
7934,7925
7934,7927
7934,7930
7934,7932
7934,7934
7934,7935
7934,7937
7934,7941
7934,7944
7934,7950
7934,7952
7934,7963
7934,7972
7934,7974
7934,8148
7934,8151
7935,7796
7935,7920
7935,7927
7935,7932
7935,7934
7935,7935
7935,7937
7935,7938
7935,7941
7935,7944
7935,7950
7935,7952
7935,7963
7935,8144
7935,8148
7935,8151
7937,7927
7937,7929
7937,7930
7937,7934
7937,7935
7937,7937
7937,7938
7937,7944
7937,7950
7937,7952
7937,7963
7937,7972
7937,7974
7937,7992
7937,8159
7938,7927
7938,7929
7938,7930
7938,7934
7938,7935
7938,7937
7938,7938
7938,7949
7938,7950
7938,7959
7938,7963
7938,7972
7938,7974
7938,7992
7938,8159
7941,7796
7941,7866
7941,7880
7941,7920
7941,7925
7941,7934
7941,7935
7941,7937
7941,7941
7941,7944
7941,7952
7941,7974
7941,8139
7941,8144
7941,8148
7941,8151
7944,7866
7944,7880
7944,7920
7944,7925
7944,7927
7944,7934
7944,7935
7944,7941
7944,7944
7944,7950
7944,7952
7944,7963
7944,7974
7944,8139
7944,8144
7944,8148
7944,8151
7944,8159
7947,7929
7947,7930
7947,7947
7947,7949
7947,7955
7947,7957
7947,7959
7947,7969
7947,7970
7947,7972
7947,7986
7947,7992
7947,8009
7947,8020
7947,8058
7947,8159
7949,7929
7949,7938
7949,7947
7949,7949
7949,7950
7949,7955
7949,7957
7949,7959
7949,7970
7949,7972
7949,7974
7949,7979
7949,7985
7949,7986
7949,7992
7949,7997
7949,8009
7949,8020
7949,8159
7950,7927
7950,7929
7950,7930
7950,7934
7950,7935
7950,7937
7950,7938
7950,7950
7950,7952
7950,7963
7950,7970
7950,7972
7950,7974
7950,8159
7952,7796
7952,7880
7952,7925
7952,7927
7952,7932
7952,7934
7952,7935
7952,7937
7952,7938
7952,7941
7952,7944
7952,7952
7952,7963
7952,8009
7952,8144
7952,8148
7955,7927
7955,7929
7955,7930
7955,7938
7955,7947
7955,7949
7955,7950
7955,7955
7955,7957
7955,7969
7955,7970
7955,7972
7955,7985
7955,7992
7955,7997
7955,8019
7955,8159
7957,7929
7957,7930
7957,7947
7957,7949
7957,7955
7957,7957
7957,7959
7957,7970
7957,7972
7957,7985
7957,7986
7957,7992
7957,7996
7957,7997
7957,8009
7957,8159
7959,7947
7959,7949
7959,7955
7959,7957
7959,7959
7959,7969
7959,7970
7959,7979
7959,7985
7959,7986
7959,7992
7959,7996
7959,7997
7959,8009
7959,8020
7959,8036
7959,8159
7963,7920
7963,7925
7963,7927
7963,7929
7963,7932
7963,7934
7963,7935
7963,7938
7963,7941
7963,7944
7963,7950
7963,7952
7963,7963
7963,7974
7963,7997
7969,7957
7969,7959
7969,7969
7969,7979
7969,7985
7969,7986
7969,7996
7969,7997
7969,8009
7969,8014
7969,8016
7969,8030
7969,8058
7970,7929
7970,7930
7970,7938
7970,7947
7970,7949
7970,7955
7970,7957
7970,7959
7970,7970
7970,7972
7970,7985
7970,7986
7970,7992
7970,7997
7970,8009
7970,8014
7970,8016
7970,8020
7970,8159
7972,7927
7972,7929
7972,7930
7972,7938
7972,7949
7972,7950
7972,7955
7972,7959
7972,7969
7972,7970
7972,7972
7972,7974
7972,7992
7972,8009
7972,8159
7974,7927
7974,7929
7974,7930
7974,7934
7974,7935
7974,7937
7974,7938
7974,7947
7974,7950
7974,7952
7974,7955
7974,7957
7974,7963
7974,7972
7974,7974
7974,8159
7979,7959
7979,7969
7979,7970
7979,7979
7979,7985
7979,7986
7979,7996
7979,7997
7979,8006
7979,8014
7979,8016
7979,8019
7979,8020
7979,8036
7979,8037
7979,8038
7979,8045
7979,8058
7985,7949
7985,7955
7985,7959
7985,7969
7985,7970
7985,7979
7985,7985
7985,7986
7985,7996
7985,7997
7985,8009
7985,8014
7985,8016
7985,8017
7985,8020
7985,8058
7986,7947
7986,7949
7986,7957
7986,7959
7986,7969
7986,7970
7986,7979
7986,7985
7986,7986
7986,7992
7986,7996
7986,7997
7986,8006
7986,8009
7986,8014
7986,8030
7986,8058
7992,7929
7992,7930
7992,7937
7992,7938
7992,7947
7992,7949
7992,7955
7992,7957
7992,7959
7992,7970
7992,7972
7992,7985
7992,7986
7992,7992
7992,7997
7992,8009
7992,8159
7996,7949
7996,7959
7996,7969
7996,7979
7996,7985
7996,7986
7996,7996
7996,7997
7996,8009
7996,8014
7996,8016
7996,8017
7996,8019
7996,8020
7996,8030
7996,8036
7996,8037
7996,8058
7997,7947
7997,7949
7997,7955
7997,7957
7997,7959
7997,7969
7997,7972
7997,7985
7997,7986
7997,7992
7997,7996
7997,7997
7997,8009
7997,8020
7997,8058
7997,8064
8006,7969
8006,7996
8006,8006
8006,8016
8006,8017
8006,8019
8006,8020
8006,8028
8006,8030
8006,8036
8006,8037
8006,8038
8006,8051
8006,8058
8006,8064
8006,8082
8009,7930
8009,7947
8009,7949
8009,7957
8009,7959
8009,7969
8009,7970
8009,7979
8009,7985
8009,7986
8009,7992
8009,7997
8009,8009
8009,8014
8009,8020
8014,7959
8014,7969
8014,7979
8014,7985
8014,7986
8014,7996
8014,8006
8014,8009
8014,8014
8014,8016
8014,8017
8014,8019
8014,8020
8014,8036
8014,8037
8014,8058
8016,7959
8016,7969
8016,7979
8016,7996
8016,8006
8016,8014
8016,8016
8016,8017
8016,8019
8016,8020
8016,8030
8016,8036
8016,8037
8016,8038
8016,8058
8016,8064
8016,8082
8017,5
8017,7378
8017,7979
8017,7985
8017,7996
8017,8006
8017,8014
8017,8016
8017,8017
8017,8019
8017,8020
8017,8028
8017,8030
8017,8036
8017,8037
8017,8038
8017,8058
8017,8080
8019,7979
8019,7996
8019,8006
8019,8014
8019,8016
8019,8017
8019,8019
8019,8020
8019,8030
8019,8036
8019,8037
8019,8058
8019,8082
8020,7386
8020,7957
8020,7959
8020,7969
8020,7979
8020,7986
8020,7996
8020,7997
8020,8014
8020,8016
8020,8019
8020,8020
8020,8030
8020,8036
8020,8037
8020,8058
8028,8016
8028,8019
8028,8028
8028,8036
8028,8037
8028,8038
8028,8045
8028,8051
8028,8064
8028,8071
8028,8072
8028,8080
8028,8082
8028,8099
8028,8103
8028,8109
8028,8117
8030,7979
8030,7985
8030,8006
8030,8014
8030,8016
8030,8017
8030,8019
8030,8020
8030,8028
8030,8030
8030,8036
8030,8038
8030,8058
8036,7979
8036,8006
8036,8014
8036,8016
8036,8019
8036,8020
8036,8030
8036,8036
8036,8037
8036,8038
8036,8045
8036,8058
8036,8064
8036,8072
8036,8080
8037,7979
8037,7996
8037,8006
8037,8014
8037,8016
8037,8017
8037,8020
8037,8028
8037,8030
8037,8036
8037,8037
8037,8038
8037,8051
8037,8058
8037,8064
8037,8082
8037,8098
8038,7996
8038,8006
8038,8014
8038,8017
8038,8028
8038,8036
8038,8037
8038,8038
8038,8051
8038,8058
8038,8064
8038,8072
8038,8082
8038,8109
8045,8028
8045,8038
8045,8045
8045,8051
8045,8063
8045,8071
8045,8072
8045,8078
8045,8080
8045,8082
8045,8098
8045,8099
8045,8103
8045,8109
8045,8117
8045,8395
8051,8006
8051,8028
8051,8036
8051,8037
8051,8038
8051,8045
8051,8051
8051,8063
8051,8064
8051,8072
8051,8080
8051,8082
8051,8099
8051,8103
8051,8109
8051,8379
8058,5
8058,7396
8058,7979
8058,7985
8058,7996
8058,8006
8058,8009
8058,8014
8058,8016
8058,8017
8058,8019
8058,8020
8058,8030
8058,8036
8058,8058
8058,8082
8063,8045
8063,8051
8063,8063
8063,8064
8063,8071
8063,8072
8063,8078
8063,8080
8063,8082
8063,8098
8063,8099
8063,8103
8063,8109
8063,8117
8063,8128
8063,8190
8063,8379
8063,8407
8063,8410
8064,8006
8064,8017
8064,8019
8064,8028
8064,8030
8064,8036
8064,8037
8064,8038
8064,8051
8064,8064
8064,8072
8064,8082
8064,8098
8064,8099
8064,8109
8071,8045
8071,8051
8071,8063
8071,8071
8071,8072
8071,8078
8071,8098
8071,8099
8071,8103
8071,8109
8071,8117
8071,8128
8071,8179
8071,8190
8072,8028
8072,8036
8072,8038
8072,8045
8072,8051
8072,8063
8072,8064
8072,8071
8072,8072
8072,8080
8072,8099
8072,8109
8072,8117
8072,8179
8072,8379
8078,8045
8078,8063
8078,8071
8078,8078
8078,8080
8078,8098
8078,8103
8078,8109
8078,8117
8078,8128
8078,8179
8078,8379
8078,8388
8078,8395
8078,8410
8078,8414
8080,8045
8080,8051
8080,8063
8080,8071
8080,8072
8080,8078
8080,8080
8080,8098
8080,8099
8080,8103
8080,8109
8080,8117
8080,8171
8080,8379
8082,8019
8082,8028
8082,8036
8082,8038
8082,8051
8082,8063
8082,8064
8082,8072
8082,8082
8082,8098
8082,8099
8082,8103
8082,8117
8082,8410
8098,8045
8098,8051
8098,8063
8098,8071
8098,8078
8098,8080
8098,8098
8098,8099
8098,8103
8098,8109
8098,8117
8098,8128
8098,8179
8098,8183
8098,8395
8098,8407
8098,8414
8099,8045
8099,8051
8099,8063
8099,8071
8099,8072
8099,8078
8099,8082
8099,8098
8099,8099
8099,8103
8099,8109
8099,8117
8099,8179
8099,8379
8099,8414
8103,8028
8103,8045
8103,8051
8103,8063
8103,8064
8103,8071
8103,8072
8103,8080
8103,8082
8103,8098
8103,8099
8103,8103
8103,8109
8103,8117
8103,8179
8109,8036
8109,8038
8109,8045
8109,8051
8109,8063
8109,8064
8109,8071
8109,8072
8109,8078
8109,8080
8109,8098
8109,8099
8109,8103
8109,8109
8109,8117
8109,8414
8117,8045
8117,8051
8117,8063
8117,8071
8117,8072
8117,8078
8117,8080
8117,8082
8117,8098
8117,8099
8117,8103
8117,8109
8117,8117
8117,8171
8117,8179
8117,8186
8117,8379
8128,8051
8128,8071
8128,8078
8128,8098
8128,8103
8128,8117
8128,8128
8128,8171
8128,8179
8128,8190
8128,8224
8128,8379
8128,8388
8128,8395
8128,8407
8128,8410
8128,8414
8139,7792
8139,7806
8139,7809
8139,7866
8139,7880
8139,7925
8139,7927
8139,7932
8139,7934
8139,7935
8139,7941
8139,7952
8139,8139
8139,8144
8139,8151
8144,7526
8144,7532
8144,7792
8144,7806
8144,7808
8144,7809
8144,7866
8144,7880
8144,7920
8144,7925
8144,7930
8144,7932
8144,7934
8144,7941
8144,7952
8144,8139
8144,8144
8144,8148
8144,8151
8148,4
8148,7808
8148,7866
8148,7925
8148,7932
8148,7934
8148,7941
8148,7944
8148,7949
8148,7952
8148,7963
8148,8144
8148,8148
8151,7535
8151,7541
8151,7792
8151,7796
8151,7806
8151,7809
8151,7866
8151,7880
8151,7920
8151,7925
8151,7932
8151,7934
8151,7935
8151,7941
8151,7944
8151,8139
8151,8144
8151,8151
8159,7927
8159,7929
8159,7930
8159,7935
8159,7938
8159,7947
8159,7950
8159,7957
8159,7963
8159,7970
8159,7972
8159,7974
8159,7979
8159,7985
8159,7992
8159,8009
8159,8159
8171,8078
8171,8128
8171,8171
8171,8179
8171,8183
8171,8186
8171,8187
8171,8190
8171,8192
8171,8201
8171,8379
8171,8388
8171,8395
8171,8407
8171,8410
8171,8414
8173,8173
8173,8177
8173,8181
8173,8183
8173,8186
8173,8187
8173,8190
8173,8192
8173,8194
8173,8199
8173,8204
8173,8205
8173,8214
8173,8224
8173,8225
8173,8488
8173,9105
8175,8173
8175,8175
8175,8177
8175,8181
8175,8183
8175,8186
8175,8187
8175,8190
8175,8192
8175,8194
8175,8199
8175,8201
8175,8204
8175,8224
8175,8388
8177,7386
8177,8173
8177,8175
8177,8177
8177,8181
8177,8187
8177,8194
8177,8199
8177,8201
8177,8205
8177,8214
8177,8222
8177,8224
8177,8225
8177,8435
8177,8440
8177,8965
8179,8063
8179,8071
8179,8078
8179,8109
8179,8128
8179,8171
8179,8179
8179,8204
8179,8379
8179,8388
8179,8395
8179,8407
8179,8410
8179,8414
8181,8173
8181,8175
8181,8177
8181,8181
8181,8183
8181,8187
8181,8190
8181,8192
8181,8194
8181,8199
8181,8201
8181,8204
8181,8205
8183,8173
8183,8175
8183,8181
8183,8183
8183,8186
8183,8187
8183,8190
8183,8192
8183,8194
8183,8201
8183,8204
8183,8388
8183,8395
8186,8078
8186,8171
8186,8173
8186,8175
8186,8179
8186,8181
8186,8183
8186,8186
8186,8187
8186,8190
8186,8192
8186,8199
8186,8201
8186,8204
8186,8388
8186,8395
8186,8407
8187,8173
8187,8175
8187,8181
8187,8183
8187,8186
8187,8187
8187,8190
8187,8194
8187,8199
8187,8201
8187,8204
8187,8222
8187,8224
8190,8171
8190,8173
8190,8175
8190,8181
8190,8183
8190,8186
8190,8187
8190,8190
8190,8192
8190,8199
8190,8201
8190,8204
8190,8379
8190,8388
8190,8407
8190,8410
8190,8414
8192,8098
8192,8128
8192,8171
8192,8173
8192,8175
8192,8179
8192,8181
8192,8183
8192,8186
8192,8187
8192,8190
8192,8192
8192,8204
8192,8388
8192,8395
8192,8407
8192,8410
8192,8414
8194,8173
8194,8177
8194,8183
8194,8187
8194,8194
8194,8199
8194,8201
8194,8204
8194,8205
8194,8214
8194,8222
8194,8224
8194,8486
8194,8538
8199,8173
8199,8175
8199,8177
8199,8181
8199,8183
8199,8187
8199,8192
8199,8194
8199,8199
8199,8204
8199,8205
8199,8222
8199,8224
8199,8225
8199,8435
8199,9105
8201,8171
8201,8173
8201,8175
8201,8181
8201,8186
8201,8187
8201,8190
8201,8192
8201,8199
8201,8201
8201,8204
8201,8224
8201,8395
8204,8171
8204,8173
8204,8175
8204,8177
8204,8181
8204,8183
8204,8187
8204,8190
8204,8192
8204,8194
8204,8199
8204,8201
8204,8204
8204,8222
8204,8388
8204,8407
8205,8177
8205,8181
8205,8194
8205,8199
8205,8205
8205,8214
8205,8222
8205,8224
8205,8225
8205,8435
8205,8440
8205,8483
8205,8538
8205,9105
8214,5
8214,692
8214,8177
8214,8205
8214,8214
8214,8222
8214,8225
8214,8240
8214,8435
8214,8440
8214,8483
8214,8486
8214,8488
8214,8494
8214,8540
8214,8965
8214,9105
8222,8173
8222,8177
8222,8194
8222,8205
8222,8214
8222,8222
8222,8224
8222,8225
8222,8435
8222,8440
8222,8488
8222,8519
8222,8538
8222,8965
8222,9105
8224,8173
8224,8177
8224,8181
8224,8183
8224,8187
8224,8194
8224,8199
8224,8205
8224,8214
8224,8222
8224,8224
8224,8225
8224,8488
8224,8538
8224,9105
8225,8194
8225,8199
8225,8205
8225,8214
8225,8222
8225,8224
8225,8225
8225,8435
8225,8440
8225,8483
8225,8486
8225,8538
8225,8542
8225,8569
8225,9105
8225,9201
8227,9200
8235,5
8237,8483
8240,8538
8241,7386
8379,8063
8379,8078
8379,8098
8379,8117
8379,8128
8379,8171
8379,8179
8379,8186
8379,8190
8379,8379
8379,8388
8379,8395
8379,8407
8379,8410
8379,8414
8388,8078
8388,8128
8388,8171
8388,8183
8388,8186
8388,8190
8388,8192
8388,8199
8388,8201
8388,8204
8388,8379
8388,8388
8388,8395
8388,8407
8388,8410
8388,8414
8395,8078
8395,8128
8395,8171
8395,8179
8395,8183
8395,8186
8395,8190
8395,8192
8395,8379
8395,8388
8395,8395
8395,8407
8395,8410
8395,8414
8407,8071
8407,8078
8407,8098
8407,8128
8407,8171
8407,8190
8407,8192
8407,8379
8407,8388
8407,8395
8407,8407
8407,8410
8407,8414
8410,8045
8410,8099
8410,8103
8410,8128
8410,8171
8410,8175
8410,8179
8410,8192
8410,8199
8410,8379
8410,8388
8410,8395
8410,8407
8410,8410
8410,8414
8414,8078
8414,8098
8414,8099
8414,8128
8414,8171
8414,8179
8414,8183
8414,8186
8414,8379
8414,8388
8414,8395
8414,8407
8414,8410
8414,8414
8435,5
8435,8177
8435,8194
8435,8199
8435,8214
8435,8222
8435,8224
8435,8225
8435,8435
8435,8440
8435,8483
8435,8488
8435,8494
8435,8538
8435,8540
8435,8541
8435,8542
8435,8544
8435,9105
8435,9172
8440,5
8440,7378
8440,7380
8440,7396
8440,7638
8440,8177
8440,8205
8440,8214
8440,8225
8440,8435
8440,8440
8440,8483
8440,8486
8440,8488
8440,8494
8440,8538
8440,8539
8440,8541
8440,8542
8440,8965
8483,5
8483,165
8483,7378
8483,7386
8483,7417
8483,7638
8483,8214
8483,8225
8483,8435
8483,8440
8483,8483
8483,8486
8483,8488
8483,8494
8483,8538
8483,8539
8483,8540
8483,8543
8486,5
8486,7380
8486,7386
8486,7396
8486,7413
8486,7414
8486,8237
8486,8435
8486,8440
8486,8483
8486,8486
8486,8488
8486,8494
8486,8538
8486,8539
8486,8541
8486,8543
8486,8545
8486,8842
8488,5
8488,32
8488,7627
8488,8214
8488,8435
8488,8440
8488,8486
8488,8488
8488,8494
8488,8538
8488,8539
8488,8541
8488,8542
8488,8543
8488,8545
8494,5
8494,692
8494,7378
8494,7380
8494,7386
8494,7396
8494,7627
8494,8177
8494,8222
8494,8435
8494,8440
8494,8483
8494,8486
8494,8488
8494,8494
8494,8538
8494,8539
8494,8542
8494,8543
8519,8652
8538,7378
8538,7396
8538,7417
8538,7627
8538,8177
8538,8205
8538,8214
8538,8222
8538,8225
8538,8435
8538,8483
8538,8486
8538,8488
8538,8494
8538,8538
8538,8539
8538,8541
8538,8543
8538,8965
8538,9105
8539,7378
8539,7386
8539,8440
8539,8483
8539,8486
8539,8494
8539,8541
8539,8542
8539,8545
8539,8965
8540,5
8540,7378
8540,8483
8540,8486
8540,8494
8541,7380
8541,7386
8541,8214
8541,8435
8541,8486
8541,8488
8541,8494
8541,8538
8541,8539
8541,8543
8541,9105
8542,165
8542,7378
8542,8225
8542,8486
8542,8488
8542,8494
8542,8538
8542,8541
8542,8543
8543,5
8543,7386
8543,8214
8543,8225
8543,8483
8543,8486
8543,8488
8543,8538
8543,8540
8544,7380
8544,7413
8544,7414
8544,7417
8544,7625
8544,7638
8544,8545
8545,7378
8545,7386
8545,7413
8545,7417
8545,7621
8545,7625
8545,7627
8545,7638
8545,7650
8569,8225
8652,8225
8842,11
8930,7386
8944,8540
8965,5
8965,8205
8965,8214
8965,8224
8965,8440
8965,8483
8965,8488
8965,8538
9105,8173
9105,8177
9105,8194
9105,8199
9105,8205
9105,8214
9105,8222
9105,8224
9105,8225
9105,8435
9105,8538
9105,9105
9162,7383
9163,9199
9172,8494
9198,8930
9199,8944
9200,7386
9201,8214
