0,7754
1,1
1,5
1,31
1,32
1,61
1,165
1,283
1,3869
1,4147
1,4830
1,7754
1,7755
1,7757
1,7772
2,7755
3,3
3,4
3,5
3,6
3,7
3,295
3,7398
3,7754
3,7757
3,7773
3,7775
3,8194
3,8210
3,8440
3,8501
4,3
4,4
4,6
4,7
4,7378
4,7383
4,7387
4,7413
4,7656
4,7754
4,7755
4,7757
4,7773
4,7775
4,7781
4,8194
4,8202
4,8210
4,8436
4,8440
4,8484
4,8488
4,8495
4,8539
4,8540
4,8541
4,8542
4,8544
4,8545
4,8965
4,9105
5,3
5,4
5,5
5,6
5,7
5,31
5,32
5,295
5,312
5,7003
5,7754
5,7755
5,7772
5,7773
5,8003
5,8210
5,8212
5,8230
5,8444
5,9198
6,1
6,3
6,4
6,5
6,6
6,7
6,4837
6,7378
6,7655
6,7754
6,7757
6,7773
6,8436
6,8444
6,8544
7,3
7,4
7,5
7,7
7,298
7,7754
7,7755
7,7773
7,7780
7,7781
7,8210
7,8220
11,7379
11,8209
11,8225
30,7754
31,1
31,5
31,31
31,32
31,61
31,3869
31,4131
31,4147
31,4199
31,4758
31,4830
31,7772
31,7979
31,8001
31,8184
31,9199
32,1
32,5
32,31
32,32
32,1571
32,3869
32,4133
32,4134
32,4135
32,4141
32,4142
32,4143
32,4144
32,4146
32,4147
32,4148
32,4161
32,4162
32,4193
32,4199
32,4758
32,4775
32,4793
32,4795
32,4830
32,4847
32,7003
32,7755
61,1
61,31
61,7772
93,7755
97,7754
162,7755
165,165
165,175
165,180
165,282
165,312
165,352
165,648
165,663
165,692
165,828
165,7998
165,8017
165,8020
165,8210
166,166
166,181
175,181
175,8210
180,165
181,165
181,166
282,165
282,180
283,283
283,307
294,3
294,294
295,3
295,7
296,7757
296,7773
297,7461
297,7772
298,7780
302,302
302,303
303,303
303,304
304,304
304,305
305,305
305,306
306,306
306,648
307,307
307,313
308,317
310,294
310,715
311,308
311,359
312,8210
313,313
313,692
317,302
317,311
352,308
352,359
359,311
359,352
648,1
648,165
648,648
663,165
692,5
692,31
692,165
692,692
692,7755
715,310
715,715
828,310
828,828
1571,31
1571,1571
3869,1
3869,31
3869,32
3869,3869
4131,31
4131,32
4131,4131
4133,32
4133,4133
4134,32
4134,4134
4135,32
4141,32
4141,4141
4142,32
4143,32
4143,4142
4144,32
4144,4135
4146,4131
4146,4146
4147,1
4147,31
4147,32
4147,4147
4147,4161
4148,32
4149,4168
4149,4770
4151,4166
4151,4549
4155,4741
4155,4769
4161,32
4161,4162
4162,32
4162,4865
4166,4549
4166,4752
4168,4169
4169,4149
4169,4170
4170,4155
4170,4193
4172,4149
4172,4756
4193,4166
4193,4741
4199,1
4199,32
4199,4199
4199,4830
4549,4170
4549,4726
4726,4155
4726,4817
4734,4772
4734,4786
4741,4151
4741,4817
4742,4765
4742,4779
4743,4168
4743,4743
4749,4751
4749,4800
4750,4759
4750,4778
4751,4734
4751,4751
4752,4151
4752,4769
4756,4172
4757,4765
4757,4786
4758,31
4758,4773
4759,4757
4759,4800
4760,4749
4760,4767
4764,4778
4764,4785
4765,4749
4765,4760
4766,4783
4766,4802
4767,31
4767,4759
4768,4760
4768,4764
4769,4756
4769,4771
4770,4742
4770,4771
4771,4743
4771,4752
4772,4768
4772,4799
4773,4788
4773,4834
4775,4775
4775,4776
4776,32
4776,4776
4778,4772
4778,4785
4779,4757
4779,4799
4780,31
4780,4780
4782,4790
4782,4815
4783,4766
4784,4783
4784,4784
4785,4750
4785,4787
4786,4734
4786,4768
4787,4750
4787,4787
4788,4803
4790,4790
4790,4812
4793,4793
4793,4794
4794,4794
4794,4795
4795,32
4795,4780
4797,4805
4797,4807
4798,4797
4798,4812
4799,4767
4799,4779
4800,4742
4800,4764
4801,4784
4801,4801
4802,4773
4802,4801
4803,4788
4803,4802
4805,4816
4805,4835
4806,4828
4806,4844
4807,4782
4807,4805
4808,4820
4808,4825
4812,4806
4812,4827
4813,4798
4813,4813
4814,4844
4814,4849
4815,4798
4815,4816
4816,4815
4816,4833
4817,4726
4817,4770
4820,4797
4820,4820
4821,4840
4821,4858
4822,4839
4823,4814
4823,4823
4824,4806
4824,4841
4825,4808
4825,4826
4826,4826
4826,4827
4827,4813
4827,4825
4828,4851
4828,4857
4829,4829
4829,4836
4830,31
4830,32
4830,61
4830,4830
4830,4848
4831,4831
4831,4832
4832,4828
4832,4850
4833,4807
4833,4833
4834,4834
4834,4835
4835,4808
4835,5063
4836,4814
4836,4821
4837,7655
4837,7773
4839,4
4839,4822
4840,4822
4840,4840
4841,4829
4841,4843
4842,4824
4842,4841
4843,4842
4843,4849
4844,4836
4844,4843
4847,32
4847,4830
4848,4147
4848,4848
4849,4850
4849,4858
4850,4824
4850,4831
4851,4821
4851,4851
4852,7755
4852,7773
4857,4857
4857,4859
4858,4823
4858,4859
4859,4832
4859,4842
4865,32
4865,4865
4866,5
4866,5080
4867,7755
5063,4782
5063,5063
5080,4866
7003,5
7003,692
7003,8060
7364,7772
7377,7772
7378,4
7378,7383
7378,7398
7379,11
7379,8208
7383,3
7383,7378
7383,7773
7383,9105
7387,4
7387,8540
7387,8544
7387,8545
7398,7383
7398,7417
7413,4
7413,7754
7413,7775
7413,8488
7414,7421
7414,7490
7414,7754
7417,4
7417,7398
7417,7656
7417,8544
7421,7424
7421,7590
7421,7754
7421,7755
7424,7421
7424,7448
7424,7521
7425,7427
7425,7443
7425,7547
7425,7755
7427,7425
7427,7440
7427,7755
7427,7887
7435,7442
7435,7456
7435,7896
7440,7427
7440,7651
7440,7754
7440,7876
7442,7435
7442,7678
7442,7755
7442,7757
7442,7857
7443,7425
7443,7456
7443,7755
7448,7424
7448,7651
7448,7755
7448,7883
7451,4852
7451,7453
7451,7465
7451,7755
7451,7772
7453,7451
7453,7477
7453,7772
7456,7435
7456,7443
7456,7754
7461,7465
7461,7495
7461,7773
7465,7451
7465,7453
7465,7461
7465,7735
7465,7772
7472,7483
7472,7495
7472,7553
7477,7453
7477,7684
7477,7709
7477,7754
7481,7483
7481,7492
7481,7560
7481,7847
7483,7472
7483,7481
7483,7755
7490,7502
7490,7560
7490,7581
7490,7755
7492,7481
7492,7568
7492,7755
7495,7461
7495,7472
7495,7755
7495,7840
7500,7510
7500,7755
7502,7500
7502,7755
7508,7424
7508,7597
7508,7755
7508,7847
7510,7508
7510,7578
7518,7427
7518,7521
7518,7528
7518,7755
7521,7518
7521,7847
7521,7855
7528,7518
7528,7537
7528,7755
7537,7528
7537,7564
7537,7754
7537,7755
7537,7887
7547,7456
7547,7564
7547,7576
7547,7755
7547,7901
7553,7481
7553,7562
7553,7840
7554,7576
7554,7755
7554,7772
7554,7775
7560,7490
7560,7562
7560,7568
7560,7780
7562,7502
7562,7553
7562,7560
7562,7755
7562,7767
7564,7537
7564,7547
7564,7773
7568,7581
7568,7755
7568,7767
7568,7851
7576,7547
7576,7554
7576,7670
7576,7755
7578,7502
7578,7528
7578,7590
7581,7490
7581,7578
7588,7424
7588,7510
7588,7597
7588,7754
7590,7588
7590,8087
7597,7588
7597,7624
7597,7755
7606,7681
7606,7893
7624,7597
7624,7651
7624,7755
7624,7855
7651,7440
7651,7448
7651,7870
7655,4
7655,7754
7655,7757
7655,8194
7656,4
7656,6
7656,8544
7667,7688
7667,7773
7670,7775
7670,7896
7670,7901
7672,7684
7672,7692
7672,7755
7672,7773
7675,7672
7675,7681
7678,7773
7678,7865
7678,7893
7678,7896
7681,7667
7681,7700
7681,7773
7684,7477
7684,7672
7684,7773
7688,7465
7688,7675
7688,7773
7692,7697
7692,7701
7692,7773
7697,7675
7697,7692
7697,7755
7700,7697
7700,7755
7701,7495
7701,7692
7701,7709
7701,7755
7709,7451
7709,7701
7709,7717
7717,7465
7717,7709
7717,7727
7717,7754
7727,7461
7727,7717
7727,7735
7727,7754
7735,7727
7735,7745
7735,7772
7745,7735
7745,7754
7745,7755
7745,7840
7754,0
7754,3
7754,4
7754,6
7754,162
7754,296
7754,7364
7754,7387
7754,7398
7754,7413
7754,7427
7754,7443
7754,7490
7754,7537
7754,7562
7754,7564
7754,7576
7754,7590
7754,7624
7754,7655
7754,7656
7754,7678
7754,7700
7754,7717
7754,7754
7754,7755
7754,7757
7754,7767
7754,7772
7754,7773
7754,7775
7754,7780
7754,7781
7754,7851
7754,7857
7754,7865
7754,7893
7754,8444
7754,8484
7754,8501
7754,8542
7754,8965
7755,1
7755,2
7755,7
7755,30
7755,32
7755,93
7755,97
7755,298
7755,692
7755,4852
7755,4867
7755,5080
7755,7414
7755,7421
7755,7425
7755,7440
7755,7442
7755,7443
7755,7448
7755,7477
7755,7483
7755,7490
7755,7492
7755,7500
7755,7502
7755,7518
7755,7521
7755,7554
7755,7560
7755,7564
7755,7576
7755,7597
7755,7606
7755,7675
7755,7700
7755,7701
7755,7727
7755,7735
7755,7745
7755,7754
7755,7755
7755,7757
7755,7767
7755,7772
7755,7773
7755,7780
7755,7781
7755,7782
7755,7832
7755,7847
7755,7851
7755,7855
7755,7857
7755,7865
7755,7876
7755,7901
7755,7922
7755,7924
7755,7925
7755,7933
7755,7942
7755,7953
7755,7961
7755,7996
7755,7999
7755,8010
7755,8017
7755,8019
7755,8030
7755,8037
7755,8038
7755,8044
7755,8052
7755,8060
7755,8062
7755,8079
7755,8082
7755,8125
7755,8133
7755,8171
7755,8187
7755,8354
7755,8370
7755,8387
7755,8394
7755,8400
7755,8405
7755,8410
7757,1
7757,3
7757,4
7757,296
7757,7655
7757,7754
7757,7755
7757,7757
7757,7772
7757,7773
7757,7775
7757,7893
7757,8488
7757,8495
7757,8545
7757,8965
7757,9105
7761,297
7761,7773
7761,7832
7767,7568
7767,7755
7767,7780
7772,1
7772,5
7772,31
7772,32
7772,61
7772,165
7772,7003
7772,7364
7772,7377
7772,7461
7772,7472
7772,7692
7772,7754
7772,7755
7772,7772
7772,7773
7772,7780
7772,7782
7772,7840
7772,7922
7772,7929
7772,7944
7772,7966
7772,7971
7772,7979
7772,7990
7772,8001
7772,8045
7772,8054
7772,8115
7772,8128
7772,8143
7772,8149
7772,8157
7772,8183
7772,8202
7772,8376
7772,8380
7773,1
7773,3
7773,4
7773,5
7773,6
7773,32
7773,4837
7773,7453
7773,7472
7773,7576
7773,7667
7773,7678
7773,7684
7773,7688
7773,7709
7773,7727
7773,7754
7773,7755
7773,7757
7773,7761
7773,7772
7773,7773
7773,7780
7773,7781
7773,7782
7773,7933
7773,7936
7773,7942
7773,7944
7773,7949
7773,7950
7773,7952
7773,7971
7773,7990
7773,7996
7773,8001
7773,8017
7773,8027
7773,8030
7773,8045
7773,8052
7773,8081
7773,8082
7773,8094
7773,8099
7773,8122
7773,8125
7773,8132
7773,8136
7773,8138
7773,8171
7773,8174
7773,8187
7773,8189
7773,8354
7773,8380
7773,8382
7773,8387
7773,8394
7773,8395
7773,8416
7775,4
7775,7378
7775,7387
7775,7413
7775,7554
7775,7678
7775,7754
7775,7757
7775,7772
7775,7773
7775,7775
7775,8210
7780,7
7780,7581
7780,7754
7780,7755
7780,7773
7780,7781
7780,7851
7780,7925
7780,8133
7781,4
7781,7
7781,7754
7781,7755
7781,7757
7781,7773
7781,7780
7782,7761
7782,7773
7832,7754
7832,7772
7832,7773
7832,8045
7840,7553
7840,7745
7840,7755
7847,7508
7847,7521
7847,7651
7847,7773
7851,7568
7851,8087
7855,7528
7855,7624
7855,7870
7857,7442
7857,7755
7857,7865
7857,7893
7865,7606
7865,7667
7865,7754
7865,7755
7870,7537
7870,7755
7870,7855
7870,7876
7876,7425
7876,7564
7876,7870
7876,7887
7883,7456
7883,7755
7883,7887
7883,7901
7887,7755
7887,7876
7887,7883
7893,7606
7893,7667
7893,7773
7893,7857
7896,297
7896,7670
7896,7678
7896,7684
7896,7857
7901,7435
7901,7670
7901,7883
7922,8128
7922,8410
7924,7755
7924,7949
7925,7755
7925,7933
7925,8136
7927,7772
7927,8138
7929,7772
7929,7773
7929,8160
7933,7755
7933,7925
7933,7953
7934,8166
7936,7934
7942,7755
7942,7927
7942,7991
7944,7952
7944,8020
7949,8165
7950,7773
7950,7966
7952,7772
7952,7773
7952,7990
7953,7933
7953,7961
7961,7773
7961,7781
7961,7953
7961,8052
7966,7773
7966,7944
7971,7991
7971,8003
7971,8122
7979,7772
7979,7773
7979,8020
7979,8387
7986,7755
7986,7773
7986,7996
7990,7773
7990,8001
7990,8038
7991,7755
7991,7772
7991,7971
7996,7755
7996,8008
7998,5
7998,8030
7998,8391
7999,7755
7999,7772
7999,8038
7999,8175
8001,5
8001,31
8001,7773
8001,7944
8001,7979
8003,7772
8003,7998
8003,8160
8008,7773
8008,8019
8010,7773
8010,8037
8010,8094
8017,7772
8017,8060
8019,7773
8019,8010
8020,7922
8020,7999
8027,7773
8027,8044
8030,692
8030,7773
8030,8370
8037,7755
8037,7773
8037,8027
8038,7755
8038,7772
8038,8017
8044,7773
8044,8079
8045,7755
8045,7772
8045,7773
8045,7832
8052,7772
8052,7773
8052,7961
8052,8062
8054,8074
8060,7755
8060,8054
8062,7755
8062,8052
8062,8064
8064,7755
8064,7772
8064,8062
8064,8171
8074,7755
8074,7773
8074,8099
8079,7755
8079,7773
8079,8094
8081,7755
8081,8008
8081,8354
8082,7755
8082,8115
8087,7414
8087,7500
8087,7581
8094,7755
8094,8081
8099,7755
8099,7772
8099,8082
8099,8376
8115,8391
8115,8394
8115,8416
8122,7755
8122,7773
8122,8132
8125,7755
8125,8122
8128,8149
8128,8174
8132,7924
8132,7998
8133,7
8133,7754
8133,7755
8133,7780
8133,8136
8136,7925
8136,8133
8138,7772
8138,7929
8138,8175
8143,7772
8143,7936
8149,7772
8149,7773
8149,7927
8157,7772
8157,7950
8160,7773
8160,8143
8165,7986
8166,7772
8166,7773
8166,8157
8171,7755
8171,7773
8171,8064
8172,7929
8172,8003
8172,8038
8172,8175
8174,7772
8174,7927
8174,8416
8175,7772
8175,7773
8178,8403
8183,7773
8183,7991
8183,8391
8184,31
8184,32
8184,7755
8184,8405
8187,7755
8187,8189
8189,7773
8194,3
8194,4
8194,6
8194,9105
8202,4
8202,7757
8202,7781
8202,8965
8208,8208
8208,8210
8209,7379
8209,8223
8210,3
8210,5
8210,7
8210,165
8210,282
8210,8210
8210,8211
8210,8215
8210,8220
8210,8221
8210,8222
8210,8436
8210,8513
8210,8519
8210,8520
8210,8652
8211,8211
8211,8230
8212,5
8212,8212
8215,8210
8220,7
8220,8210
8221,8210
8221,8221
8222,11
8222,8209
8223,11
8223,8223
8225,8222
8225,8225
8230,8210
8288,8336
8288,8429
8302,8329
8302,8434
8303,8344
8303,8351
8314,8302
8314,8315
8315,8314
8315,8315
8320,8328
8320,8337
8322,8323
8322,8335
8323,8320
8323,8348
8328,8341
8328,8363
8329,8314
8329,8523
8330,8330
8330,8331
8331,8342
8331,8345
8332,8333
8332,8433
8333,8430
8333,8434
8334,8337
8334,8343
8335,8334
8335,8340
8336,8336
8336,8363
8337,8334
8337,8345
8338,8349
8338,8356
8339,8357
8339,8359
8340,8323
8340,8341
8341,8328
8341,8340
8342,8322
8342,8343
8343,8335
8343,8342
8344,8361
8344,8365
8345,8320
8345,8330
8346,8346
8346,8353
8347,8344
8347,8347
8348,8331
8348,8351
8349,8339
8349,8348
8350,8359
8350,8510
8351,8350
8351,8357
8352,8352
8352,8518
8353,8338
8353,8353
8354,7755
8354,8081
8354,8380
8356,8339
8356,8361
8357,8338
8357,8356
8358,8350
8358,8365
8359,8303
8359,8358
8361,8346
8361,8358
8363,8303
8363,8364
8364,8347
8364,8364
8365,8288
8365,8349
8366,8511
8366,8524
8370,7772
8370,8382
8376,7773
8376,8183
8380,7773
8380,8400
8382,7772
8382,7773
8382,8376
8387,7773
8387,8001
8387,8184
8391,7755
8391,8370
8394,7755
8394,8099
8394,8160
8394,8387
8395,8178
8400,7755
8400,8027
8400,8395
8403,7755
8403,7773
8403,8187
8405,7755
8405,7773
8405,8175
8405,8410
8410,7773
8410,8172
8410,8174
8416,8172
8416,8184
8429,8497
8429,8510
8430,8332
8430,8526
8433,8333
8433,8523
8434,8519
8434,8522
8436,4
8436,6
8436,8210
8436,9105
8440,4
8440,8444
8444,4
8444,6
8444,8440
8484,4
8484,7773
8484,8501
8484,8540
8488,7413
8488,7757
8488,8542
8488,8543
8495,4
8495,7754
8495,8541
8497,8507
8497,8514
8501,4
8501,8484
8501,8539
8504,8504
8504,8511
8505,8429
8505,8505
8507,8366
8507,8514
8510,8288
8510,8504
8511,8352
8511,8518
8513,8210
8514,8366
8514,8497
8515,5
8515,8515
8518,8505
8518,8507
8519,8433
8519,8526
8520,8210
8522,8322
8522,8522
8523,8332
8523,8430
8524,8515
8524,8524
8526,8302
8526,8329
8539,4
8539,7757
8539,8501
8539,8541
8540,4
8540,7387
8540,7754
8540,8484
8541,7757
8541,8495
8541,8539
8542,7398
8542,7757
8542,8488
8542,8543
8543,7754
8543,8542
8544,4
8544,7417
8544,7656
8545,4
8545,6
8545,7387
8545,7655
8545,8202
8652,8210
8652,8652
8965,7755
8965,7757
8965,8202
8965,8543
9105,4
9105,5
9105,7656
9105,8194
9105,8539
9105,8545
9198,5
9198,7772
9198,9105
9198,9198
9199,61
