0,0
0,3
0,4
0,5
0,6
0,7
0,31
0,32
0,61
0,73
0,217
0,218
0,327
0,330
0,335
0,340
0,351
0,652
0,685
0,691
0,701
0,852
0,866
0,867
0,1420
0,1612
0,1615
0,1616
0,4838
0,7036
0,7094
0,7825
0,7826
0,8057
1,7811
2,7810
3,0
3,3
3,4
3,5
3,6
3,7
3,8
3,9
3,17
3,55
3,71
3,72
3,73
3,217
3,218
3,685
3,691
3,701
3,1368
3,1420
3,7094
3,7414
3,7826
3,7922
3,8165
3,8244
3,8451
3,8463
3,8480
3,8539
3,8544
3,8772
4,0
4,3
4,4
4,5
4,6
4,7
4,73
4,7375
4,7811
4,8223
4,8231
4,8243
4,8247
4,8771
5,0
5,3
5,4
5,5
5,6
5,7
5,32
5,55
5,72
5,73
5,75
5,217
5,335
5,685
5,691
5,701
5,1368
5,7094
5,7374
5,7375
5,7376
5,7379
5,7384
5,7389
5,7414
5,7419
5,7421
5,7435
5,7810
5,7835
5,7836
5,8070
5,8223
5,8236
5,8243
5,8244
5,8247
5,8248
5,8469
5,8474
5,8513
5,8517
5,8519
5,8540
5,8543
5,8771
5,8772
5,8777
5,8778
5,8780
5,8861
5,8862
5,9083
6,0
6,3
6,4
6,5
6,6
6,7
6,31
6,55
6,72
6,73
6,75
6,76
6,217
6,330
6,335
6,340
6,343
6,685
6,691
6,701
6,867
6,1420
6,4858
6,7036
6,7094
6,7374
6,7375
6,7414
6,7810
6,7826
6,8038
6,8236
6,8243
6,8244
6,8247
6,8249
6,8451
6,8507
6,8539
6,8540
6,8545
6,8771
6,8772
6,8773
6,8774
6,8775
6,8776
6,8777
6,8779
6,8780
6,8781
6,8782
6,8862
7,0
7,3
7,4
7,5
7,6
7,7
7,9
7,72
7,4845
7,7384
7,7421
7,7434
7,7810
7,7811
7,7825
7,7826
7,7841
7,8223
7,8239
7,8243
7,8451
7,8469
7,8511
7,8513
7,8517
7,8539
7,8540
7,8541
7,8544
7,8860
7,8861
8,3
8,4
8,9
9,3
9,7376
11,8245
11,8259
11,9084
17,3
17,5
17,17
17,70
17,71
30,7811
31,0
31,3
31,5
31,6
31,7
31,31
31,32
31,61
31,217
31,691
31,1611
31,3903
31,4162
31,4209
31,4766
31,4772
31,4838
31,7036
31,7094
31,7827
31,8019
31,8041
31,8519
31,8543
32,0
32,6
32,31
32,32
32,217
32,1604
32,1611
32,1612
32,1616
32,3903
32,4161
32,4163
32,4164
32,4165
32,4167
32,4209
32,4761
32,4766
32,4787
32,4838
32,4857
32,7036
32,7379
32,7810
32,8175
32,8513
55,5
55,6
55,55
55,8781
61,0
61,7826
61,7827
61,8863
70,17
71,6
71,17
71,71
71,74
72,3
72,6
72,72
72,8774
73,0
73,3
73,5
73,6
73,73
74,71
75,3
75,6
75,75
75,76
75,8235
75,8773
76,5
76,75
76,76
100,7811
104,7810
217,0
217,3
217,5
217,6
217,31
217,217
217,218
217,327
217,330
217,335
217,340
217,351
217,359
217,360
217,652
217,685
217,691
217,859
217,7036
217,7827
217,8247
218,0
218,3
218,6
218,217
218,218
227,227
227,233
231,7810
232,227
232,232
233,218
233,233
264,264
264,347
272,347
272,353
325,325
325,348
326,232
326,326
327,0
327,217
330,0
330,6
330,217
330,330
335,0
335,3
335,217
335,327
335,335
340,0
340,5
340,217
340,335
340,340
340,7826
341,7497
341,7827
342,7825
342,7826
343,4
343,343
344,3
344,344
345,744
347,272
347,360
348,348
348,358
349,217
349,349
350,349
350,350
351,217
351,340
351,350
351,351
352,351
352,352
353,352
353,353
354,272
354,354
358,358
358,691
359,217
359,359
360,264
360,354
652,0
652,325
652,652
667,217
667,667
685,0
685,3
685,6
685,217
685,685
691,0
691,3
691,5
691,6
691,31
691,32
691,217
691,691
691,701
691,852
691,866
691,867
691,1368
691,1420
691,7036
701,0
701,6
701,691
701,701
701,867
744,344
744,345
852,0
852,3
852,6
852,691
852,852
852,867
859,345
859,859
866,0
866,3
866,6
866,691
866,866
867,0
867,3
867,6
867,691
867,852
867,867
1368,0
1368,5
1368,6
1368,691
1368,1368
1420,0
1420,6
1420,691
1420,1420
1604,31
1604,1604
1611,31
1611,32
1611,1611
1612,31
1612,32
1612,1612
1615,32
1615,1615
1616,31
1616,32
1616,1615
1616,1616
3903,0
3903,32
3903,3903
4146,32
4146,61
4146,4146
4147,4146
4147,4147
4158,32
4158,4168
4159,4158
4159,4159
4160,4159
4160,4160
4161,4160
4161,4161
4162,0
4162,32
4162,4162
4162,4855
4163,4162
4163,4163
4164,4164
4164,4165
4165,32
4165,4158
4166,4166
4166,4167
4167,32
4167,4166
4168,32
4168,4168
4170,4170
4170,4171
4171,4171
4171,4172
4172,4172
4172,4188
4174,4749
4176,4193
4176,4748
4185,4170
4185,4185
4188,4176
4188,4188
4190,4190
4190,4758
4193,4190
4193,4546
4209,0
4209,32
4209,4147
4209,4209
4546,4174
4546,4546
4734,4185
4734,4809
4742,4756
4742,4764
4748,4748
4748,4751
4749,4174
4749,4734
4750,4750
4750,4767
4751,4734
4751,4751
4756,4771
4756,4808
4757,4758
4757,4808
4758,31
4758,4775
4759,4742
4759,4759
4760,4760
4760,4762
4761,4761
4761,4762
4762,4760
4762,4763
4763,4176
4763,4763
4764,4750
4764,4778
4765,4742
4765,4765
4766,31
4766,4794
4767,4767
4767,4768
4768,4768
4768,4770
4770,4770
4770,4773
4771,4756
4771,4807
4772,4772
4772,4787
4773,4757
4774,4774
4774,4794
4775,4765
4775,4807
4776,4775
4776,4776
4777,4776
4777,4777
4778,4759
4778,4779
4779,4764
4779,4779
4780,4795
4781,4780
4781,4781
4783,32
4783,4783
4784,4783
4784,4784
4785,4784
4785,4785
4786,4785
4786,4786
4787,32
4787,4786
4790,4806
4790,5063
4791,4774
4791,4791
4792,4791
4792,4792
4793,4792
4793,4793
4794,4781
4794,4793
4795,4780
4795,4798
4798,4790
4798,4798
4804,4804
4804,4805
4805,4806
4805,4812
4806,4821
4806,4823
4807,4777
4807,4778
4808,4771
4808,4773
4809,4193
4809,4809
4812,4812
4812,4834
4813,4805
4813,4815
4814,4829
4814,4832
4815,4815
4815,4816
4816,4817
4816,4827
4817,4816
4817,4819
4818,4817
4818,4818
4819,4804
4819,4818
4820,4814
4820,4829
4821,4819
4821,4821
4822,4822
4822,4837
4823,4790
4823,4824
4824,4813
4824,4823
4825,4824
4825,4825
4826,4825
4826,4826
4827,4813
4827,4826
4828,4820
4828,4836
4829,4828
4829,4843
4830,4830
4830,7434
4831,4822
4831,4831
4832,4833
4832,4850
4833,4832
4833,4835
4834,4833
4834,4835
4835,4820
4835,4834
4836,4814
4836,4831
4837,4836
4837,4837
4838,0
4838,31
4838,32
4838,4209
4838,4838
4839,4839
4839,4842
4840,4839
4840,4840
4841,4841
4841,4848
4842,4841
4842,4842
4843,4840
4843,4843
4844,7810
4844,7827
4845,5
4845,7826
4847,4830
4847,4847
4848,4847
4848,4848
4849,4828
4849,4849
4850,4850
4850,4851
4851,4849
4851,4851
4855,32
4855,4838
4856,4855
4856,4856
4857,4856
4857,4857
4858,6
4858,8249
4859,7810
5063,4827
5063,5063
5078,4858
5078,5078
5501,217
7036,0
7036,5
7036,6
7036,31
7036,32
7036,217
7036,691
7036,7036
7094,0
7094,3
7094,6
7094,31
7094,7094
7366,7811
7366,7827
7374,5
7374,6
7374,55
7374,7374
7375,0
7375,5
7375,6
7375,7036
7375,7375
7375,8782
7376,6
7376,7376
7376,8523
7378,7827
7379,5
7379,7
7379,7379
7379,7384
7379,7389
7379,7399
7379,7414
7379,7434
7379,7457
7379,7478
7379,8513
7379,8517
7379,8861
7380,11
7380,7380
7381,7399
7384,5
7384,7
7384,7379
7384,7384
7384,7389
7384,7399
7384,7419
7384,7421
7384,7434
7384,7435
7384,7439
7384,7452
7384,7467
7384,8469
7384,8519
7384,8541
7389,75
7389,7379
7389,7384
7389,7389
7389,7399
7389,7421
7389,7434
7389,7435
7389,7450
7389,7841
7389,8059
7389,8469
7389,8511
7389,8513
7389,8517
7389,8539
7389,8540
7389,8543
7399,5
7399,7379
7399,7384
7399,7389
7399,7399
7399,7414
7399,7419
7399,7421
7399,7424
7399,7435
7399,8070
7399,8245
7399,8519
7399,8544
7414,3
7414,5
7414,6
7414,7
7414,7379
7414,7389
7414,7399
7414,7414
7414,7419
7414,7421
7414,7434
7414,7435
7414,7448
7414,7452
7414,7467
7414,7752
7414,8544
7414,8545
7419,5
7419,7379
7419,7399
7419,7414
7419,7419
7419,7421
7419,7424
7419,7430
7419,7434
7419,7435
7419,7439
7419,7442
7419,7448
7419,7450
7419,7452
7419,7457
7419,7478
7419,8127
7419,8544
7421,5
7421,7379
7421,7384
7421,7389
7421,7399
7421,7414
7421,7419
7421,7421
7421,7424
7421,7434
7421,7435
7421,7439
7421,7448
7421,7450
7421,7452
7421,7457
7421,7811
7421,7841
7421,8513
7421,8517
7421,8544
7424,7414
7424,7419
7424,7421
7424,7424
7424,7430
7424,7434
7424,7435
7424,7442
7424,7450
7424,7452
7424,7457
7424,7811
7424,8545
7430,7414
7430,7419
7430,7421
7430,7424
7430,7430
7430,7434
7430,7435
7430,7439
7430,7442
7430,7448
7430,7452
7430,7646
7430,7765
7430,8544
7430,8545
7434,5
7434,7
7434,7379
7434,7384
7434,7414
7434,7419
7434,7421
7434,7430
7434,7434
7434,7435
7434,7439
7434,7442
7434,7450
7434,7452
7434,7457
7434,7476
7434,7478
7434,8544
7435,7
7435,7379
7435,7389
7435,7399
7435,7414
7435,7419
7435,7421
7435,7424
7435,7430
7435,7434
7435,7435
7435,7439
7435,7442
7435,7452
7435,7636
7435,7811
7435,8231
7435,8513
7435,8519
7435,8544
7435,8545
7439,7419
7439,7430
7439,7434
7439,7439
7439,7442
7439,7448
7439,7452
7439,7457
7439,7478
7439,7636
7439,7676
7439,7741
7439,7765
7442,7399
7442,7414
7442,7419
7442,7421
7442,7424
7442,7439
7442,7442
7442,7448
7442,7450
7442,7452
7442,7457
7442,7467
7442,7476
7442,7478
7442,7679
7442,7765
7442,7811
7448,7421
7448,7430
7448,7434
7448,7435
7448,7439
7448,7442
7448,7448
7448,7450
7448,7452
7448,7457
7448,7467
7448,7476
7448,7676
7448,7765
7448,7810
7450,7419
7450,7421
7450,7424
7450,7439
7450,7448
7450,7450
7450,7452
7450,7457
7450,7467
7450,7476
7450,7478
7450,7676
7450,7683
7450,7733
7450,7785
7452,7419
7452,7421
7452,7424
7452,7430
7452,7434
7452,7435
7452,7439
7452,7442
7452,7448
7452,7450
7452,7452
7452,7457
7457,7419
7457,7421
7457,7430
7457,7442
7457,7448
7457,7450
7457,7452
7457,7457
7457,7467
7457,7476
7457,7478
7457,7636
7457,7676
7457,7683
7457,7741
7457,7761
7457,7765
7457,7810
7467,7430
7467,7452
7467,7457
7467,7467
7467,7476
7467,7478
7467,7636
7467,7676
7467,7683
7467,7696
7467,7752
7467,7761
7467,7765
7467,7769
7467,7777
7467,7794
7476,7439
7476,7442
7476,7448
7476,7450
7476,7457
7476,7467
7476,7476
7476,7478
7476,7636
7476,7676
7476,7683
7476,7712
7476,7752
7476,7761
7476,7765
7476,7794
7478,7442
7478,7448
7478,7450
7478,7452
7478,7457
7478,7467
7478,7476
7478,7478
7478,7676
7478,7683
7478,7733
7478,7741
7478,7752
7478,7765
7478,7794
7484,7484
7484,7487
7484,7493
7484,7499
7484,7504
7484,7515
7484,7518
7484,7696
7484,7706
7484,7716
7484,7723
7484,7725
7484,7731
7487,7484
7487,7487
7487,7493
7487,7497
7487,7499
7487,7504
7487,7512
7487,7515
7487,7518
7487,7522
7487,7706
7487,7708
7487,7716
7487,7725
7487,7731
7487,7810
7487,7827
7493,341
7493,7487
7493,7493
7493,7497
7493,7499
7493,7504
7493,7512
7493,7515
7493,7518
7493,7525
7493,7540
7493,7708
7493,7723
7493,7725
7493,7731
7493,7794
7497,7484
7497,7487
7497,7493
7497,7497
7497,7499
7497,7504
7497,7518
7497,7522
7497,7525
7497,7531
7497,7706
7497,7708
7497,7723
7497,7731
7499,7484
7499,7487
7499,7493
7499,7497
7499,7499
7499,7512
7499,7515
7499,7518
7499,7696
7499,7716
7499,7725
7499,7731
7504,7484
7504,7487
7504,7493
7504,7497
7504,7499
7504,7504
7504,7512
7504,7515
7504,7518
7504,7525
7504,7534
7504,7543
7504,7582
7504,7674
7504,7723
7512,7487
7512,7499
7512,7504
7512,7512
7512,7515
7512,7518
7512,7522
7512,7531
7512,7534
7512,7540
7512,7543
7512,7549
7512,7565
7512,7674
7512,7725
7512,7731
7512,7810
7515,7484
7515,7487
7515,7504
7515,7512
7515,7515
7515,7518
7515,7522
7515,7525
7515,7534
7515,7540
7515,7543
7515,7810
7518,7487
7518,7493
7518,7497
7518,7499
7518,7504
7518,7512
7518,7515
7518,7518
7518,7522
7518,7534
7518,7540
7518,7723
7518,7725
7518,7731
7518,7899
7522,7497
7522,7512
7522,7515
7522,7518
7522,7522
7522,7525
7522,7531
7522,7534
7522,7540
7522,7543
7522,7549
7522,7565
7522,7586
7522,7674
7522,7810
7525,7504
7525,7512
7525,7515
7525,7518
7525,7522
7525,7525
7525,7531
7525,7534
7525,7540
7525,7549
7525,7552
7525,7558
7525,7610
7525,7674
7531,7504
7531,7522
7531,7525
7531,7531
7531,7534
7531,7540
7531,7549
7531,7552
7531,7565
7531,7586
7531,7674
7531,7810
7534,7512
7534,7515
7534,7518
7534,7522
7534,7525
7534,7531
7534,7534
7534,7540
7534,7543
7534,7549
7534,7552
7534,7558
7534,7573
7534,7810
7540,7497
7540,7512
7540,7515
7540,7518
7540,7522
7540,7531
7540,7534
7540,7540
7540,7543
7540,7552
7540,7558
7540,7573
7540,7674
7543,7512
7543,7525
7543,7531
7543,7534
7543,7540
7543,7543
7543,7549
7543,7552
7543,7558
7543,7565
7543,7582
7543,7595
7543,7629
7543,7674
7543,7810
7549,7522
7549,7525
7549,7531
7549,7534
7549,7549
7549,7552
7549,7558
7549,7565
7549,7582
7549,7674
7549,8163
7552,7448
7552,7512
7552,7515
7552,7522
7552,7525
7552,7543
7552,7549
7552,7552
7552,7558
7552,7565
7552,7595
7552,7674
7552,7811
7552,7832
7558,7525
7558,7531
7558,7540
7558,7543
7558,7552
7558,7558
7558,7565
7558,7573
7558,7582
7558,7586
7558,7595
7558,7810
7558,7836
7565,7525
7565,7534
7565,7540
7565,7543
7565,7549
7565,7558
7565,7565
7565,7573
7565,7582
7565,7586
7565,7595
7565,7674
7565,7681
7565,7811
7565,7819
7565,7832
7565,7890
7573,7540
7573,7543
7573,7552
7573,7565
7573,7573
7573,7582
7573,7586
7573,7595
7573,7688
7573,7811
7573,7832
7573,7834
7582,7543
7582,7558
7582,7582
7582,7586
7582,7595
7582,7674
7582,7810
7582,7811
7582,7819
7582,7832
7582,7834
7582,7835
7582,7836
7582,7841
7582,7890
7582,7927
7582,8163
7584,7515
7584,7584
7584,7591
7584,7593
7584,7600
7584,7610
7584,7614
7584,7623
7584,7629
7584,7752
7584,7761
7584,7777
7584,7785
7584,7794
7584,7802
7584,7899
7586,7534
7586,7549
7586,7552
7586,7558
7586,7565
7586,7573
7586,7582
7586,7586
7586,7595
7586,7811
7586,7835
7586,7904
7586,7964
7586,8163
7586,8167
7591,7512
7591,7584
7591,7591
7591,7593
7591,7600
7591,7610
7591,7620
7591,7623
7591,7629
7591,7646
7591,7761
7591,7777
7591,7794
7591,7802
7591,7899
7593,7525
7593,7584
7593,7591
7593,7593
7593,7600
7593,7610
7593,7614
7593,7623
7593,7629
7593,7667
7593,7671
7593,7769
7593,7777
7593,7802
7593,7899
7595,7543
7595,7549
7595,7558
7595,7565
7595,7573
7595,7582
7595,7586
7595,7595
7595,7811
7595,7819
7595,7832
7595,7834
7595,7835
7595,7836
7595,8165
7600,7584
7600,7591
7600,7593
7600,7600
7600,7610
7600,7620
7600,7623
7600,7629
7600,7646
7600,7667
7600,7671
7600,7681
7600,7702
7600,7777
7600,7785
7600,7802
7600,7899
7600,7904
7610,7591
7610,7593
7610,7600
7610,7610
7610,7614
7610,7629
7610,7646
7610,7667
7610,7671
7610,7679
7610,7681
7610,7712
7610,7769
7610,7785
7610,7794
7610,7802
7614,7531
7614,7534
7614,7584
7614,7591
7614,7593
7614,7600
7614,7610
7614,7614
7614,7620
7614,7623
7614,7646
7614,7671
7614,7679
7614,7681
7614,7688
7614,7702
7614,7706
7614,7899
7620,7584
7620,7593
7620,7600
7620,7610
7620,7614
7620,7620
7620,7623
7620,7629
7620,7646
7620,7667
7620,7671
7620,7679
7620,7681
7620,7802
7623,7430
7623,7593
7623,7600
7623,7614
7623,7620
7623,7623
7623,7629
7623,7646
7623,7671
7623,7681
7623,7688
7623,7719
7623,7899
7629,7493
7629,7584
7629,7591
7629,7600
7629,7620
7629,7623
7629,7629
7629,7646
7629,7667
7629,7671
7629,7674
7629,7681
7629,7688
7629,7712
7636,7450
7636,7467
7636,7476
7636,7478
7636,7636
7636,7676
7636,7683
7636,7733
7636,7741
7636,7752
7636,7761
7636,7769
7636,7777
7636,7785
7646,7584
7646,7591
7646,7610
7646,7614
7646,7620
7646,7623
7646,7629
7646,7646
7646,7667
7646,7671
7646,7679
7646,7681
7646,7702
7646,7712
7663,6
7663,7414
7667,7593
7667,7600
7667,7614
7667,7620
7667,7646
7667,7667
7667,7671
7667,7681
7667,7688
7667,7696
7667,7702
7667,7712
7671,7565
7671,7593
7671,7600
7671,7610
7671,7614
7671,7620
7671,7623
7671,7629
7671,7646
7671,7667
7671,7671
7671,7679
7671,7688
7671,7696
7671,7702
7671,7706
7671,7708
7671,7712
7671,7716
7671,7719
7671,7810
7674,7504
7674,7512
7674,7522
7674,7531
7674,7540
7674,7543
7674,7549
7674,7552
7674,7558
7674,7565
7674,7582
7674,7674
7676,7442
7676,7448
7676,7450
7676,7457
7676,7467
7676,7476
7676,7478
7676,7593
7676,7636
7676,7676
7676,7683
7676,7706
7676,7733
7676,7741
7676,7752
7676,7761
7676,7765
7676,7769
7676,7777
7679,7450
7679,7593
7679,7600
7679,7610
7679,7614
7679,7629
7679,7646
7679,7667
7679,7671
7679,7679
7679,7681
7679,7688
7679,7702
7679,7706
7679,7712
7679,7719
7681,7487
7681,7614
7681,7620
7681,7629
7681,7667
7681,7671
7681,7679
7681,7681
7681,7688
7681,7696
7681,7702
7681,7706
7681,7712
7681,7719
7681,7725
7683,7442
7683,7448
7683,7457
7683,7476
7683,7636
7683,7676
7683,7683
7683,7733
7683,7761
7683,7765
7683,7769
7683,7794
7683,7811
7688,7497
7688,7623
7688,7646
7688,7681
7688,7688
7688,7696
7688,7702
7688,7706
7688,7712
7688,7719
7688,7723
7688,7725
7696,7484
7696,7582
7696,7667
7696,7681
7696,7688
7696,7696
7696,7702
7696,7706
7696,7708
7696,7712
7696,7716
7696,7719
7702,7478
7702,7484
7702,7614
7702,7620
7702,7667
7702,7671
7702,7679
7702,7681
7702,7688
7702,7696
7702,7702
7702,7708
7702,7712
7702,7716
7702,7719
7706,7487
7706,7493
7706,7499
7706,7512
7706,7518
7706,7636
7706,7671
7706,7679
7706,7681
7706,7696
7706,7706
7706,7708
7706,7712
7706,7716
7706,7719
7706,7731
7708,7487
7708,7493
7708,7499
7708,7688
7708,7702
7708,7706
7708,7708
7708,7712
7708,7716
7708,7719
7708,7723
7708,7725
7708,7731
7712,7497
7712,7623
7712,7646
7712,7679
7712,7688
7712,7696
7712,7706
7712,7708
7712,7712
7712,7716
7712,7719
7712,7731
7712,7841
7716,7493
7716,7497
7716,7512
7716,7688
7716,7696
7716,7702
7716,7708
7716,7712
7716,7716
7716,7719
7716,7723
7716,7725
7716,7731
7716,7826
7719,7504
7719,7525
7719,7667
7719,7671
7719,7679
7719,7688
7719,7696
7719,7706
7719,7712
7719,7716
7719,7719
7719,7723
7719,7725
7719,7826
7723,7484
7723,7487
7723,7493
7723,7497
7723,7499
7723,7504
7723,7512
7723,7525
7723,7702
7723,7706
7723,7708
7723,7716
7723,7723
7723,7725
7723,7731
7725,7484
7725,7487
7725,7497
7725,7499
7725,7504
7725,7512
7725,7515
7725,7518
7725,7688
7725,7696
7725,7706
7725,7708
7725,7712
7725,7716
7725,7723
7725,7725
7725,7731
7725,7752
7731,7487
7731,7493
7731,7497
7731,7499
7731,7504
7731,7512
7731,7518
7731,7696
7731,7708
7731,7712
7731,7723
7731,7725
7731,7731
7731,7826
7733,7450
7733,7467
7733,7478
7733,7636
7733,7683
7733,7708
7733,7723
7733,7733
7733,7741
7733,7752
7733,7761
7733,7777
7733,7802
7741,7457
7741,7467
7741,7478
7741,7636
7741,7676
7741,7733
7741,7741
7741,7765
7741,7769
7741,7777
7741,7794
7741,7802
7752,7457
7752,7467
7752,7476
7752,7478
7752,7499
7752,7584
7752,7591
7752,7636
7752,7679
7752,7733
7752,7741
7752,7752
7752,7761
7752,7765
7752,7769
7752,7777
7752,7794
7752,7899
7761,7476
7761,7584
7761,7593
7761,7636
7761,7646
7761,7683
7761,7733
7761,7752
7761,7761
7761,7765
7761,7769
7761,7777
7761,7785
7761,7802
7761,7899
7765,7476
7765,7478
7765,7610
7765,7676
7765,7683
7765,7733
7765,7741
7765,7752
7765,7765
7765,7777
7765,7810
7769,7584
7769,7591
7769,7593
7769,7636
7769,7676
7769,7683
7769,7741
7769,7752
7769,7761
7769,7765
7769,7769
7769,7777
7769,7785
7769,7794
7777,7467
7777,7493
7777,7591
7777,7593
7777,7610
7777,7623
7777,7676
7777,7679
7777,7683
7777,7733
7777,7752
7777,7761
7777,7769
7777,7777
7777,7785
7777,7794
7777,7802
7777,7811
7777,7899
7785,7584
7785,7623
7785,7636
7785,7676
7785,7683
7785,7741
7785,7752
7785,7761
7785,7769
7785,7777
7785,7785
7785,7794
7785,7802
7785,7811
7785,7899
7794,7584
7794,7591
7794,7593
7794,7600
7794,7610
7794,7623
7794,7636
7794,7683
7794,7752
7794,7761
7794,7769
7794,7777
7794,7785
7794,7794
7794,7802
7794,7899
7802,7584
7802,7593
7802,7600
7802,7610
7802,7620
7802,7623
7802,7629
7802,7733
7802,7741
7802,7752
7802,7761
7802,7769
7802,7777
7802,7785
7802,7794
7802,7802
7802,7810
7802,7899
7810,0
7810,2
7810,5
7810,30
7810,100
7810,104
7810,340
7810,4844
7810,4859
7810,5078
7810,7476
7810,7531
7810,7558
7810,7584
7810,7586
7810,7595
7810,7636
7810,7674
7810,7679
7810,7683
7810,7741
7810,7761
7810,7785
7810,7810
7810,7811
7810,7826
7810,7827
7810,7832
7810,7834
7810,7835
7810,7836
7810,7890
7810,7922
7810,7958
7810,7968
7810,7984
7810,8026
7810,8039
7810,8050
7810,8067
7810,8070
7810,8077
7810,8100
7810,8102
7810,8121
7810,8139
7810,8163
7810,8173
7810,8180
7810,8181
7810,8190
7810,8193
7810,8407
7811,0
7811,1
7811,3
7811,5
7811,7
7811,231
7811,342
7811,3903
7811,7399
7811,7419
7811,7435
7811,7448
7811,7452
7811,7467
7811,7552
7811,7558
7811,7565
7811,7573
7811,7582
7811,7586
7811,7591
7811,7595
7811,7810
7811,7811
7811,7819
7811,7825
7811,7826
7811,7827
7811,7832
7811,7834
7811,7835
7811,7836
7811,7841
7811,7890
7811,7904
7811,8167
7811,8542
7811,8545
7819,341
7819,7582
7819,7595
7819,7819
7819,7832
7819,7834
7819,7836
7819,7890
7819,7904
7819,7933
7819,7940
7819,7958
7819,8163
7819,8167
7825,0
7825,7
7825,7810
7825,7811
7825,7825
7825,7826
7825,7827
7825,7835
7825,7841
7825,8239
7825,8541
7825,8543
7825,8545
7826,3
7826,4
7826,6
7826,7
7826,31
7826,342
7826,691
7826,4146
7826,4845
7826,7493
7826,7708
7826,7731
7826,7785
7826,7810
7826,7811
7826,7825
7826,7826
7826,7827
7826,7834
7826,7836
7826,7927
7826,7970
7826,7974
7826,7991
7826,8043
7826,8048
7826,8067
7826,8070
7826,8085
7826,8092
7826,8173
7826,8180
7826,8198
7826,8216
7826,8226
7826,8412
7827,0
7827,6
7827,31
7827,32
7827,61
7827,4844
7827,7366
7827,7378
7827,7497
7827,7504
7827,7810
7827,7811
7827,7826
7827,7827
7827,7922
7827,7933
7827,7946
7827,7977
7827,7986
7827,8011
7827,8030
7827,8060
7827,8085
7827,8094
7827,8153
7827,8219
7832,7384
7832,7565
7832,7573
7832,7582
7832,7586
7832,7595
7832,7600
7832,7810
7832,7811
7832,7832
7832,7834
7832,7835
7832,7836
7832,7904
7832,7938
7832,7943
7832,8160
7832,8163
7832,8167
7834,7565
7834,7573
7834,7582
7834,7586
7834,7595
7834,7810
7834,7811
7834,7819
7834,7826
7834,7832
7834,7834
7834,7835
7834,7836
7834,7890
7834,7904
7834,7940
7834,8163
7834,8165
7835,5
7835,7552
7835,7558
7835,7565
7835,7586
7835,7810
7835,7811
7835,7819
7835,7825
7835,7826
7835,7832
7835,7834
7835,7835
7835,7836
7835,7890
7835,7904
7835,8167
7835,8239
7836,5
7836,340
7836,7573
7836,7582
7836,7595
7836,7810
7836,7811
7836,7819
7836,7826
7836,7832
7836,7834
7836,7835
7836,7836
7836,7890
7836,7904
7836,7938
7836,7940
7836,8160
7836,8163
7836,8167
7841,7
7841,7421
7841,7582
7841,7810
7841,7811
7841,7825
7841,7841
7890,7811
7890,7819
7890,7826
7890,7832
7890,7835
7890,7890
7890,7904
7890,7927
7890,7940
7890,7962
7890,7964
7890,8085
7890,8160
7890,8163
7890,8165
7890,8167
7899,7584
7899,7591
7899,7593
7899,7600
7899,7620
7899,7623
7899,7629
7899,7646
7899,7752
7899,7761
7899,7777
7899,7785
7899,7794
7899,7802
7899,7899
7904,7582
7904,7819
7904,7834
7904,7836
7904,7890
7904,7904
7904,7922
7904,7959
7904,8127
7904,8160
7904,8163
7904,8167
7922,7810
7922,7904
7922,7922
7922,7927
7922,7938
7922,7940
7922,7952
7922,7958
7922,7959
7922,7964
7922,8160
7922,8163
7922,8165
7927,7922
7927,7927
7927,7938
7927,7940
7927,7946
7927,7958
7927,7962
7927,7964
7927,8160
7927,8163
7927,8167
7933,7827
7933,7933
7933,7943
7933,7952
7933,7955
7933,7958
7933,7959
7933,7964
7933,7968
7933,7970
7933,7977
7933,7986
7933,7991
7933,7993
7938,7819
7938,7826
7938,7904
7938,7922
7938,7927
7938,7938
7938,7946
7938,7952
7938,7958
7938,7962
7938,7976
7938,8160
7938,8165
7938,8167
7940,7890
7940,7904
7940,7922
7940,7927
7940,7938
7940,7940
7940,7952
7940,7958
7940,7959
7940,7962
7940,7970
7940,7991
7940,8160
7940,8165
7943,7933
7943,7943
7943,7946
7943,7952
7943,7958
7943,7959
7943,7968
7943,7970
7943,7974
7943,7977
7943,8006
7946,7927
7946,7933
7946,7938
7946,7940
7946,7943
7946,7946
7946,7952
7946,7958
7946,7962
7946,7964
7946,7968
7946,7970
7946,7974
7946,7986
7952,7810
7952,7933
7952,7938
7952,7940
7952,7943
7952,7946
7952,7952
7952,7958
7952,7959
7952,7962
7952,7964
7952,7968
7952,7975
7952,7977
7952,8165
7952,8167
7955,7826
7955,7827
7955,7933
7955,7955
7955,7964
7955,7968
7955,7970
7955,7974
7955,7976
7955,7977
7955,7984
7955,7991
7955,7993
7955,8006
7955,8031
7958,7810
7958,7922
7958,7927
7958,7933
7958,7938
7958,7940
7958,7946
7958,7952
7958,7955
7958,7958
7958,7959
7958,7964
7958,7968
7958,7974
7958,7977
7958,8165
7959,7826
7959,7933
7959,7943
7959,7946
7959,7952
7959,7958
7959,7959
7959,7964
7959,7968
7959,7970
7959,7974
7959,7991
7959,8165
7962,3
7962,7890
7962,7927
7962,7938
7962,7940
7962,7943
7962,7946
7962,7952
7962,7958
7962,7959
7962,7962
7962,7970
7962,8160
7962,8165
7962,8167
7964,7819
7964,7922
7964,7927
7964,7933
7964,7940
7964,7943
7964,7946
7964,7952
7964,7955
7964,7959
7964,7962
7964,7964
7964,7968
7964,7970
7964,7986
7964,8006
7964,8214
7968,7943
7968,7946
7968,7952
7968,7955
7968,7958
7968,7959
7968,7962
7968,7964
7968,7968
7968,7974
7968,7976
7968,7977
7968,7991
7970,7933
7970,7943
7970,7946
7970,7952
7970,7959
7970,7962
7970,7964
7970,7968
7970,7970
7970,7974
7970,7975
7970,7977
7970,7986
7970,7991
7974,7933
7974,7943
7974,7955
7974,7958
7974,7968
7974,7970
7974,7974
7974,7975
7974,7977
7974,7991
7974,7993
7974,8006
7974,8026
7975,7933
7975,7955
7975,7974
7975,7975
7975,7976
7975,7977
7975,7984
7975,7986
7975,7991
7975,7993
7975,8001
7975,8006
7975,8026
7975,8030
7975,8031
7975,8036
7975,8041
7976,7955
7976,7968
7976,7974
7976,7975
7976,7976
7976,7984
7976,7986
7976,7991
7976,7993
7976,8001
7976,8030
7976,8036
7977,7943
7977,7946
7977,7955
7977,7964
7977,7968
7977,7974
7977,7975
7977,7976
7977,7977
7977,7984
7977,7986
7977,7991
7977,7993
7977,8006
7977,8041
7984,7810
7984,7826
7984,7955
7984,7975
7984,7976
7984,7984
7984,7986
7984,7991
7984,7993
7984,8001
7984,8011
7984,8026
7984,8030
7984,8031
7984,8036
7984,8038
7986,7955
7986,7968
7986,7970
7986,7976
7986,7977
7986,7984
7986,7986
7986,7991
7986,7993
7986,8006
7986,8026
7991,7933
7991,7955
7991,7964
7991,7970
7991,7974
7991,7977
7991,7984
7991,7986
7991,7991
7991,7993
7991,8001
7991,8006
7991,8026
7993,7955
7993,7974
7993,7975
7993,7976
7993,7977
7993,7984
7993,7986
7993,7991
7993,7993
7993,8001
7993,8006
7993,8011
7993,8026
7993,8030
7993,8031
7993,8038
8001,7975
8001,7976
8001,7984
8001,7991
8001,7993
8001,8001
8001,8006
8001,8011
8001,8019
8001,8026
8001,8030
8001,8031
8001,8036
8001,8038
8001,8041
8001,8043
8001,8092
8006,7826
8006,7955
8006,7974
8006,7975
8006,7976
8006,7986
8006,7991
8006,7993
8006,8001
8006,8006
8006,8011
8006,8026
8006,8030
8011,7993
8011,8001
8011,8011
8011,8019
8011,8026
8011,8030
8011,8031
8011,8038
8011,8041
8011,8043
8011,8048
8011,8059
8011,8060
8011,8070
8011,8094
8019,8019
8019,8026
8019,8031
8019,8038
8019,8041
8019,8043
8019,8059
8019,8060
8019,8070
8019,8077
8019,8078
8019,8084
8019,8094
8019,8175
8026,7975
8026,7976
8026,7984
8026,7993
8026,8001
8026,8006
8026,8011
8026,8026
8026,8030
8026,8031
8026,8036
8026,8038
8026,8041
8026,8070
8030,7975
8030,7984
8030,7993
8030,8001
8030,8011
8030,8019
8030,8026
8030,8030
8030,8031
8030,8036
8030,8041
8030,8070
8031,7827
8031,7975
8031,7984
8031,7993
8031,8001
8031,8011
8031,8019
8031,8026
8031,8030
8031,8031
8031,8036
8031,8038
8031,8048
8031,8050
8031,8070
8031,8077
8031,8078
8036,7810
8036,7826
8036,7975
8036,7976
8036,7984
8036,7993
8036,8001
8036,8006
8036,8011
8036,8026
8036,8030
8036,8036
8036,8038
8036,8041
8036,8043
8036,8048
8036,8057
8038,7389
8038,7984
8038,8011
8038,8019
8038,8026
8038,8030
8038,8031
8038,8036
8038,8038
8038,8041
8038,8043
8038,8048
8038,8059
8038,8060
8038,8070
8038,8077
8038,8078
8038,8181
8039,8019
8039,8038
8039,8039
8039,8041
8039,8050
8039,8059
8039,8060
8039,8070
8039,8077
8039,8078
8039,8085
8039,8100
8039,8175
8041,6
8041,7826
8041,7827
8041,7984
8041,7993
8041,8001
8041,8011
8041,8019
8041,8030
8041,8031
8041,8036
8041,8038
8041,8039
8041,8041
8041,8043
8041,8050
8041,8060
8041,8070
8041,8094
8041,8173
8043,7826
8043,8011
8043,8019
8043,8026
8043,8030
8043,8036
8043,8038
8043,8039
8043,8041
8043,8043
8043,8048
8043,8050
8043,8059
8043,8060
8043,8070
8043,8077
8048,8019
8048,8030
8048,8031
8048,8036
8048,8038
8048,8041
8048,8043
8048,8048
8048,8050
8048,8059
8048,8060
8048,8067
8048,8070
8048,8078
8048,8100
8050,7810
8050,8039
8050,8043
8050,8050
8050,8057
8050,8059
8050,8060
8050,8070
8050,8077
8050,8078
8050,8094
8050,8121
8050,8139
8057,7827
8057,8039
8057,8048
8057,8050
8057,8057
8057,8059
8057,8060
8057,8067
8057,8077
8057,8078
8057,8085
8057,8092
8057,8094
8057,8100
8057,8119
8057,8127
8059,5
8059,7379
8059,7826
8059,8011
8059,8019
8059,8038
8059,8039
8059,8041
8059,8043
8059,8048
8059,8050
8059,8059
8059,8060
8059,8070
8059,8077
8059,8078
8059,8100
8060,8011
8060,8019
8060,8038
8060,8039
8060,8041
8060,8043
8060,8048
8060,8050
8060,8059
8060,8060
8060,8067
8060,8070
8060,8077
8060,8078
8067,8039
8067,8057
8067,8067
8067,8077
8067,8078
8067,8084
8067,8092
8067,8100
8067,8102
8067,8119
8067,8127
8067,8134
8070,7399
8070,7810
8070,7826
8070,8019
8070,8030
8070,8038
8070,8039
8070,8041
8070,8043
8070,8048
8070,8059
8070,8070
8070,8077
8070,8094
8070,8134
8070,8407
8077,8019
8077,8038
8077,8039
8077,8048
8077,8050
8077,8057
8077,8060
8077,8067
8077,8070
8077,8077
8077,8078
8077,8085
8077,8094
8077,8104
8078,8030
8078,8039
8078,8043
8078,8050
8078,8057
8078,8060
8078,8070
8078,8077
8078,8078
8078,8084
8078,8094
8078,8127
8084,7810
8084,7826
8084,8050
8084,8057
8084,8059
8084,8067
8084,8077
8084,8084
8084,8092
8084,8094
8084,8100
8084,8104
8084,8119
8084,8153
8085,7826
8085,7827
8085,7890
8085,8067
8085,8084
8085,8085
8085,8092
8085,8100
8085,8102
8085,8104
8085,8114
8085,8119
8085,8122
8085,8127
8085,8134
8085,8139
8085,8174
8085,8391
8092,8001
8092,8067
8092,8078
8092,8085
8092,8092
8092,8094
8092,8100
8092,8102
8092,8104
8092,8119
8092,8121
8092,8127
8094,8057
8094,8067
8094,8077
8094,8084
8094,8092
8094,8094
8094,8100
8094,8104
8094,8114
8094,8119
8094,8127
8094,8134
8094,8391
8100,7036
8100,7810
8100,8039
8100,8057
8100,8067
8100,8077
8100,8084
8100,8085
8100,8092
8100,8094
8100,8100
8100,8121
8100,8127
8102,7810
8102,8085
8102,8092
8102,8094
8102,8102
8102,8104
8102,8114
8102,8119
8102,8121
8102,8134
8102,8153
8102,8183
8104,7810
8104,7827
8104,8092
8104,8094
8104,8100
8104,8102
8104,8104
8104,8121
8104,8122
8104,8127
8104,8134
8104,8174
8104,8180
8104,8391
8114,8085
8114,8092
8114,8094
8114,8104
8114,8114
8114,8121
8114,8122
8114,8127
8114,8139
8114,8153
8114,8180
8114,8181
8119,8067
8119,8084
8119,8085
8119,8092
8119,8094
8119,8100
8119,8102
8119,8104
8119,8114
8119,8119
8119,8122
8119,8127
8119,8134
8119,8153
8119,8391
8119,8416
8121,8092
8121,8094
8121,8102
8121,8104
8121,8114
8121,8119
8121,8121
8121,8122
8121,8127
8121,8134
8121,8174
8121,8180
8121,8391
8122,7810
8122,7826
8122,8104
8122,8114
8122,8119
8122,8121
8122,8122
8122,8139
8122,8153
8122,8173
8122,8174
8122,8183
8122,8391
8122,8407
8122,8416
8127,7419
8127,7610
8127,7620
8127,7904
8127,8057
8127,8084
8127,8085
8127,8092
8127,8100
8127,8102
8127,8104
8127,8119
8127,8122
8127,8127
8127,8134
8127,8139
8127,8174
8134,8092
8134,8094
8134,8102
8134,8104
8134,8114
8134,8119
8134,8121
8134,8127
8134,8134
8134,8139
8134,8153
8134,8391
8139,8102
8139,8114
8139,8119
8139,8122
8139,8134
8139,8139
8139,8183
8139,8391
8139,8416
8153,8102
8153,8114
8153,8119
8153,8121
8153,8122
8153,8153
8153,8173
8153,8175
8153,8177
8153,8180
8153,8183
8153,8412
8160,7810
8160,7819
8160,7826
8160,7832
8160,7836
8160,7890
8160,7927
8160,7938
8160,7940
8160,7952
8160,7958
8160,8160
8160,8163
8160,8167
8163,7573
8163,7586
8163,7810
8163,7819
8163,7832
8163,7834
8163,7835
8163,7890
8163,7904
8163,7922
8163,7938
8163,7940
8163,7946
8163,7952
8163,8160
8163,8163
8163,8167
8165,3
8165,7827
8165,7890
8165,7922
8165,7940
8165,7958
8165,7962
8165,7964
8165,8163
8165,8165
8167,7810
8167,7819
8167,7832
8167,7834
8167,7835
8167,7836
8167,7890
8167,7904
8167,7922
8167,7927
8167,7938
8167,7952
8167,7958
8167,7962
8167,8160
8167,8163
8167,8167
8171,8171
8171,8175
8171,8177
8171,8181
8171,8183
8171,8186
8171,8190
8171,8193
8171,8196
8171,8198
8171,8200
8171,8214
8171,8219
8171,8226
8173,31
8173,7826
8173,8019
8173,8153
8173,8173
8173,8174
8173,8175
8173,8177
8173,8180
8173,8181
8173,8183
8173,8391
8173,8407
8173,8412
8173,8416
8174,7826
8174,8153
8174,8171
8174,8173
8174,8174
8174,8175
8174,8180
8174,8183
8174,8190
8174,8391
8174,8407
8174,8416
8175,31
8175,8139
8175,8171
8175,8173
8175,8174
8175,8175
8175,8177
8175,8181
8175,8186
8175,8190
8175,8196
8175,8198
8175,8200
8175,8391
8175,8412
8175,8416
8177,7810
8177,7826
8177,8114
8177,8171
8177,8173
8177,8175
8177,8177
8177,8181
8177,8183
8177,8186
8177,8190
8177,8196
8177,8198
8177,8200
8177,8407
8177,8412
8177,8416
8180,7826
8180,8102
8180,8104
8180,8119
8180,8122
8180,8127
8180,8153
8180,8173
8180,8174
8180,8180
8180,8183
8180,8200
8180,8391
8180,8407
8180,8416
8181,7810
8181,8171
8181,8175
8181,8177
8181,8181
8181,8186
8181,8190
8181,8193
8181,8196
8181,8198
8181,8200
8181,8219
8181,8391
8183,7810
8183,7826
8183,8104
8183,8139
8183,8153
8183,8173
8183,8174
8183,8177
8183,8180
8183,8183
8183,8407
8183,8412
8183,8416
8186,8171
8186,8175
8186,8186
8186,8190
8186,8193
8186,8198
8186,8200
8186,8214
8186,8219
8186,8226
8186,8231
8186,8860
8190,7810
8190,8171
8190,8174
8190,8175
8190,8181
8190,8186
8190,8190
8190,8193
8190,8196
8190,8198
8190,8200
8190,8207
8190,8231
8190,8407
8190,8416
8190,8860
8193,8171
8193,8175
8193,8177
8193,8186
8193,8193
8193,8196
8193,8198
8193,8207
8193,8219
8193,8226
8196,8171
8196,8181
8196,8186
8196,8190
8196,8193
8196,8196
8196,8198
8196,8200
8196,8207
8196,8214
8196,8219
8196,8226
8198,8171
8198,8173
8198,8175
8198,8177
8198,8181
8198,8186
8198,8190
8198,8196
8198,8198
8198,8200
8198,8219
8198,8412
8200,7810
8200,7922
8200,8171
8200,8175
8200,8177
8200,8186
8200,8190
8200,8193
8200,8196
8200,8200
8200,8207
8200,8214
8200,8226
8200,8407
8200,8412
8207,7810
8207,7826
8207,8171
8207,8190
8207,8193
8207,8196
8207,8198
8207,8207
8207,8214
8207,8216
8207,8219
8207,8226
8207,8231
8207,8451
8207,8519
8207,8860
8214,8193
8214,8196
8214,8207
8214,8214
8214,8216
8214,8219
8214,8226
8214,8231
8214,8469
8214,8513
8214,8540
8216,7826
8216,8171
8216,8186
8216,8214
8216,8216
8216,8219
8216,8226
8216,8231
8216,8239
8216,8247
8216,8474
8216,8542
8216,8860
8219,8153
8219,8186
8219,8190
8219,8193
8219,8196
8219,8198
8219,8200
8219,8207
8219,8214
8219,8216
8219,8219
8219,8226
8219,8239
8219,8247
8219,8412
8219,8451
8219,8860
8223,4
8223,6
8223,8223
8223,8779
8226,7826
8226,8193
8226,8196
8226,8198
8226,8207
8226,8214
8226,8216
8226,8219
8226,8226
8226,8231
8226,8247
8226,8451
8226,8860
8231,4
8231,8207
8231,8216
8231,8231
8231,8247
8231,8451
8231,8474
8231,8511
8231,8860
8235,5
8236,5
8236,6
8236,8236
8236,8778
8239,7
8239,7835
8239,8207
8239,8231
8239,8239
8239,8247
8239,8260
8239,8451
8239,8474
8239,8513
8239,8517
8239,8861
8243,0
8243,3
8243,4
8243,5
8243,6
8243,8243
8243,8777
8244,3
8244,5
8244,6
8244,7379
8244,8244
8244,8522
8245,7380
8245,8247
8245,8771
8246,11
8246,8260
8247,4
8247,5
8247,6
8247,217
8247,326
8247,667
8247,8196
8247,8214
8247,8216
8247,8226
8247,8231
8247,8239
8247,8247
8247,8252
8247,8257
8247,8258
8247,8451
8247,8469
8247,8474
8247,8511
8247,8517
8247,8534
8247,8535
8247,8537
8247,8543
8247,8652
8247,8860
8247,9085
8248,8248
8248,8267
8249,6
8249,32
8249,8249
8249,8513
8252,8247
8252,8257
8257,8247
8257,8262
8258,8247
8259,8245
8259,8246
8260,8246
8260,8260
8260,8474
8262,11
8262,8262
8267,8252
8267,8267
8325,8373
8325,8440
8339,8339
8339,8432
8340,8340
8340,8400
8351,8351
8351,8352
8352,8339
8352,8352
8357,8357
8357,8372
8359,8359
8359,8374
8360,8357
8360,8360
8365,8372
8365,8388
8366,8351
8366,8366
8367,8382
8367,8385
8368,8368
8368,8379
8369,8369
8369,8370
8370,8366
8370,8370
8371,8365
8371,8371
8372,8367
8372,8371
8373,8373
8373,8390
8374,8360
8374,8374
8375,8375
8375,8376
8376,8376
8376,8393
8377,8377
8377,8380
8378,8377
8378,8378
8379,8378
8379,8379
8380,8365
8380,8380
8381,8398
8381,8400
8382,8367
8382,8382
8383,8383
8383,8434
8384,8384
8384,8388
8385,8368
8385,8387
8386,8386
8386,8396
8387,8385
8387,8386
8388,8340
8388,8387
8389,8427
8389,8434
8390,8375
8390,8390
8391,7826
8391,8104
8391,8121
8391,8122
8391,8127
8391,8134
8391,8153
8391,8173
8391,8174
8391,8175
8391,8177
8391,8180
8391,8183
8391,8190
8391,8198
8391,8391
8391,8407
8391,8412
8391,8416
8393,8393
8393,8394
8394,8381
8394,8394
8395,8395
8395,8398
8396,8395
8396,8396
8398,8381
8398,8383
8400,8401
8400,8402
8401,8384
8401,8401
8402,8325
8402,8402
8403,8325
8403,8431
8407,7810
8407,8070
8407,8122
8407,8139
8407,8173
8407,8174
8407,8175
8407,8181
8407,8183
8407,8190
8407,8198
8407,8391
8407,8407
8407,8412
8407,8416
8412,8171
8412,8173
8412,8174
8412,8175
8412,8177
8412,8181
8412,8183
8412,8193
8412,8200
8412,8391
8412,8412
8412,8416
8416,8122
8416,8153
8416,8173
8416,8174
8416,8175
8416,8177
8416,8183
8416,8190
8416,8198
8416,8391
8416,8407
8416,8412
8416,8416
8425,8403
8425,8428
8427,8431
8427,8532
8428,8403
8428,8435
8430,8425
8430,8526
8431,8425
8431,8430
8432,8432
8432,8448
8433,8359
8433,8433
8434,8427
8434,8430
8435,8428
8435,8526
8436,8369
8436,8436
8439,6
8439,8440
8440,8439
8447,8433
8447,8447
8448,8447
8448,8448
8451,3
8451,6
8451,8207
8451,8216
8451,8231
8451,8239
8451,8247
8451,8451
8451,8452
8451,8474
8451,8511
8451,8517
8451,8519
8451,8539
8451,9081
8452,3
8463,3
8469,5
8469,7379
8469,7384
8469,7421
8469,7434
8469,8214
8469,8216
8469,8451
8469,8469
8469,8474
8469,8511
8469,8513
8469,8517
8469,8519
8469,8540
8469,8541
8469,8542
8469,8861
8474,3
8474,5
8474,7
8474,7379
8474,7384
8474,7389
8474,8214
8474,8239
8474,8247
8474,8451
8474,8469
8474,8474
8474,8511
8474,8517
8474,8519
8474,8539
8474,8545
8474,8860
8474,8861
8480,3
8480,8480
8507,17
8507,8507
8511,7
8511,7379
8511,7389
8511,7811
8511,7825
8511,8469
8511,8474
8511,8511
8511,8513
8511,8517
8511,8519
8511,8539
8511,8541
8511,8542
8511,8543
8513,5
8513,691
8513,7414
8513,7435
8513,7442
8513,8469
8513,8474
8513,8511
8513,8513
8513,8517
8513,8519
8513,8540
8513,8541
8513,8542
8513,8960
8517,0
8517,7
8517,7379
8517,7389
8517,7399
8517,7414
8517,7421
8517,7430
8517,7435
8517,8249
8517,8451
8517,8469
8517,8513
8517,8517
8517,8519
8517,8539
8517,8543
8517,8569
8519,5
8519,7379
8519,7384
8519,7389
8519,7399
8519,7435
8519,7811
8519,8214
8519,8231
8519,8247
8519,8451
8519,8474
8519,8511
8519,8513
8519,8517
8519,8519
8519,8539
8519,8540
8519,8541
8522,8244
8523,8
8526,8389
8526,8435
8532,8389
8532,8532
8534,8247
8534,8534
8535,8247
8535,8535
8536,8436
8536,8536
8537,8536
8537,8537
8537,8652
8539,5
8539,6
8539,31
8539,7825
8539,8469
8539,8474
8539,8519
8539,8541
8539,8542
8539,8543
8539,8861
8540,5
8540,6
8540,7
8540,7389
8540,8451
8540,8511
8540,8513
8540,8540
8541,7419
8541,8469
8541,8511
8541,8519
8541,8539
8541,8543
8542,7434
8542,7811
8542,8239
8542,8469
8542,8511
8542,8517
8542,8541
8542,8543
8542,8861
8543,7384
8543,7435
8543,7811
8543,8474
8543,8511
8543,8513
8543,8517
8543,8541
8543,8542
8544,7384
8544,7414
8544,7419
8544,7421
8544,7430
8544,7434
8544,7811
8544,8545
8545,5
8545,6
8545,7389
8545,7414
8545,7421
8545,7424
8545,7435
8545,7663
8545,8513
8545,8517
8545,8544
8545,8545
8569,8247
8652,8247
8652,8652
8771,0
8771,5
8771,6
8771,8244
8771,8771
8772,5
8772,6
8772,8772
8772,8946
8773,7
8773,75
8773,8772
8774,6
8774,72
8775,73
8776,8771
8777,6
8777,8243
8778,6
8778,8236
8778,8778
8779,5
8779,6
8779,8223
8780,5
8780,7374
8781,6
8781,55
8781,8781
8782,6
8782,7375
8782,8782
8854,11
8860,7
8860,7434
8860,7811
8860,8196
8860,8207
8860,8214
8860,8216
8860,8226
8860,8231
8860,8239
8860,8247
8860,8451
8860,8474
8860,8513
8860,8545
8860,8860
8860,8862
8861,7379
8861,7810
8861,7825
8861,8216
8861,8239
8861,8451
8861,8469
8861,8474
8861,8519
8861,8542
8862,6
8862,8860
8862,8862
8863,0
8946,7389
8960,9082
9081,8247
9082,5
9083,8854
9084,7381
9085,8239
