0,0
0,3
0,5
0,6
0,7
0,30
0,32
0,61
0,73
0,105
0,157
0,273
0,281
0,284
0,305
0,308
0,640
0,675
0,692
0,745
0,759
0,760
0,1217
0,1388
0,1495
0,3860
0,4069
0,4216
0,4825
0,6990
0,7222
0,7313
0,7675
0,7694
0,7708
0,7740
0,7963
0,8317
0,8432
0,9206
1,7675
2,7694
3,0
3,3
3,4
3,5
3,6
3,7
3,8
3,9
3,24
3,32
3,55
3,72
3,73
3,75
3,105
3,157
3,273
3,284
3,675
3,692
3,745
3,760
3,769
3,1217
3,1388
3,7222
3,7315
3,7533
3,7675
3,7708
3,7724
3,7925
3,8065
3,8175
3,8360
3,8363
3,8366
3,8425
3,8489
3,8528
3,8544
3,8948
3,9105
3,9200
3,9208
4,0
4,3
4,4
4,5
4,6
4,7
4,8
4,9
4,55
4,4834
4,7304
4,7305
4,7311
4,7313
4,7331
4,7416
4,7566
4,7567
4,7675
4,7694
4,7708
4,7722
4,7724
4,7729
4,8175
4,8356
4,8425
4,8432
4,8438
4,8447
4,8498
4,8531
4,8534
4,8540
4,8541
4,8965
5,0
5,3
5,4
5,5
5,6
5,7
5,8
5,24
5,30
5,32
5,55
5,72
5,73
5,75
5,76
5,105
5,157
5,226
5,273
5,282
5,284
5,308
5,675
5,692
5,745
5,759
5,760
5,769
5,1217
5,1388
5,4866
5,6990
5,7222
5,7304
5,7305
5,7307
5,7533
5,7557
5,7675
5,7694
5,7708
5,7724
5,7740
5,8125
5,8178
5,8287
5,8358
5,8360
5,8363
5,8366
5,8369
5,8425
5,8491
5,8526
5,8539
5,8540
5,8545
5,8949
5,8952
5,9105
5,9198
5,9200
5,9202
5,9204
5,9205
5,9206
5,9207
5,9208
5,9209
5,9210
6,0
6,3
6,4
6,5
6,6
6,7
6,32
6,55
6,72
6,73
6,74
6,75
6,105
6,157
6,282
6,692
6,759
6,760
6,769
6,1217
6,7305
6,7307
6,7311
6,7313
6,7315
6,7416
6,7533
6,7567
6,7575
6,7675
6,7694
6,7724
6,7729
6,7740
6,7952
6,7963
6,7975
6,8178
6,8358
6,8360
6,8363
6,8366
6,8369
6,8428
6,8432
6,8434
6,8438
6,8447
6,8531
6,8534
6,8540
6,8943
6,9163
6,9198
6,9200
6,9207
7,0
7,3
7,4
7,5
7,6
7,7
7,9
7,24
7,72
7,73
7,76
7,7315
7,7331
7,7708
7,7724
7,8175
7,8178
7,8358
7,8360
7,8425
7,8434
7,8498
7,8534
7,8540
8,3
8,4
8,6
9,5
9,7
11,7310
11,8382
11,9162
24,3
24,4
24,5
24,24
24,70
30,0
30,6
30,7
30,30
30,32
30,105
30,692
30,1476
30,1481
30,1488
30,1495
30,3860
30,4053
30,4070
30,4086
30,4097
30,4106
30,4114
30,4115
30,4117
30,4120
30,4216
30,4738
30,4783
30,4796
30,4797
30,4825
30,4867
30,6990
30,7222
30,7724
30,7941
30,7950
30,8120
30,8178
30,8315
30,8447
30,8531
30,8534
31,7694
32,0
32,3
32,5
32,30
32,32
32,61
32,105
32,692
32,1481
32,1488
32,1495
32,1496
32,3860
32,4069
32,4216
32,4753
32,4763
32,4798
32,4825
32,6990
32,7222
32,7311
32,7740
32,8120
32,8531
55,3
55,5
55,6
55,7
61,0
61,32
61,4053
61,7740
70,24
70,70
70,71
71,24
72,3
72,5
72,6
72,7
72,72
73,0
73,3
73,4
73,5
73,6
73,7
73,73
73,9200
74,70
75,3
75,4
75,5
75,6
75,75
75,7315
75,9204
76,5
76,6
89,7694
96,7694
105,0
105,3
105,5
105,6
105,30
105,32
105,105
105,157
105,227
105,273
105,280
105,281
105,284
105,297
105,298
105,308
105,641
105,675
105,692
105,753
105,6990
105,7740
105,8105
105,8178
105,8432
109,7675
116,226
116,641
157,0
157,3
157,5
157,105
157,157
157,284
226,105
226,227
227,8178
273,0
273,3
273,6
273,105
273,273
273,281
273,308
280,105
280,280
281,0
281,105
282,6
282,7
283,7
283,283
284,0
284,5
284,105
284,157
284,284
284,305
284,308
289,289
289,305
290,289
290,290
294,294
294,313
295,7675
295,7724
296,105
296,296
297,116
298,320
298,357
299,283
299,807
301,290
301,339
305,0
305,284
305,305
305,315
308,0
308,3
308,5
308,6
308,105
308,273
308,308
308,7694
309,7675
309,7687
313,296
313,313
314,314
314,640
315,314
315,315
320,301
320,339
339,298
339,320
357,301
357,357
640,105
640,294
640,640
641,8178
675,0
675,3
675,5
675,6
675,105
675,675
692,0
692,3
692,5
692,6
692,30
692,32
692,105
692,692
692,745
692,759
692,760
692,769
692,1217
692,1388
692,6990
692,7740
692,8306
692,8541
745,0
745,5
745,6
745,692
745,745
753,299
753,753
759,0
759,3
759,5
759,6
759,692
759,759
759,769
760,0
760,3
760,5
760,692
760,760
769,0
769,3
769,5
769,692
769,769
807,299
807,807
1217,0
1217,3
1217,5
1217,6
1217,692
1217,1217
1388,0
1388,3
1388,5
1388,6
1388,692
1388,1388
1476,30
1476,1476
1481,32
1481,1481
1488,0
1488,32
1495,0
1495,32
1495,1495
1495,1496
1496,30
1496,1495
1496,1496
3860,0
3860,30
3860,32
3860,3860
4053,30
4053,32
4053,4053
4069,30
4069,32
4069,4069
4069,4086
4070,4070
4070,4216
4071,30
4071,4106
4077,4077
4077,4135
4079,4137
4079,4472
4086,30
4086,4071
4094,4135
4094,4752
4097,30
4097,4098
4098,30
4098,4098
4105,30
4105,4105
4106,30
4106,4105
4112,4739
4112,4759
4114,4114
4114,4115
4115,30
4117,30
4117,4071
4120,4097
4120,4120
4127,4127
4127,4128
4128,4759
4128,4773
4135,4079
4135,4752
4137,4202
4137,4772
4202,4094
4202,4472
4216,0
4216,30
4216,32
4216,4216
4216,4856
4472,4112
4472,4202
4721,4773
4721,4822
4729,4755
4729,4768
4737,4737
4737,4754
4738,4127
4738,4721
4739,4079
4739,4774
4745,4775
4745,4789
4746,4762
4746,4780
4747,4780
4747,4789
4752,4137
4752,4774
4753,32
4753,4761
4754,4755
4754,4781
4755,4729
4755,4747
4759,4112
4759,4128
4760,4760
4760,4790
4761,4770
4761,4806
4762,4767
4762,4807
4763,4763
4763,4796
4767,4746
4767,4781
4768,4775
4768,4790
4770,4771
4770,4804
4771,4791
4771,4804
4772,4077
4772,4772
4773,4738
4773,4788
4774,4094
4774,4739
4775,30
4775,4776
4776,4747
4776,4808
4777,4836
4777,5014
4780,4737
4780,4768
4781,4776
4781,4807
4783,4783
4783,4784
4784,4753
4784,4784
4785,4824
4785,4838
4788,4745
4788,4754
4789,4729
4789,4746
4790,4745
4790,4762
4791,4805
4791,5014
4792,4792
4792,4805
4793,4777
4793,4810
4794,4793
4794,4816
4795,4793
4795,4829
4796,30
4796,4797
4797,30
4797,4798
4798,30
4798,32
4801,4854
4801,4860
4802,4794
4802,4816
4803,4803
4803,4829
4804,4771
4804,4806
4805,4761
4805,4770
4806,4791
4806,4792
4807,4788
4807,4808
4808,4760
4808,4767
4809,4819
4809,4826
4810,4777
4810,4810
4811,4801
4811,4818
4815,4830
4815,4836
4816,4795
4816,4837
4817,4817
4817,7722
4818,4826
4818,4847
4819,4811
4819,4861
4822,4721
4822,4822
4823,4802
4823,4803
4824,4785
4824,4823
4825,0
4825,30
4825,32
4825,61
4825,4825
4825,4856
4826,4827
4827,4801
4827,4846
4828,4824
4828,4839
4829,4785
4829,4815
4830,4815
4830,4828
4831,4832
4831,4852
4832,4832
4832,4844
4834,7
4834,7724
4835,7694
4835,7740
4836,4802
4836,4830
4837,4794
4837,4795
4838,4823
4838,4838
4839,4840
4839,4853
4840,4818
4840,4840
4844,4811
4844,4845
4845,4844
4845,4862
4846,4809
4846,4819
4847,4847
4847,4848
4848,4817
4848,4848
4852,4839
4852,4852
4853,4853
4853,4854
4854,4831
4854,4846
4855,4069
4855,4855
4856,4825
4856,4855
4860,4860
4860,4862
4861,4809
4861,4861
4862,4831
4862,4845
4865,7675
4865,7694
4866,6
4866,4866
4867,30
4867,4867
5013,5
5013,5013
5014,4828
5014,4837
6990,0
6990,5
6990,30
6990,32
6990,105
6990,692
6990,6990
6990,7305
7222,0
7222,3
7222,5
7222,6
7222,32
7222,7222
7301,7740
7302,7740
7304,0
7304,3
7304,4
7304,5
7305,3
7305,4
7305,5
7305,32
7305,7305
7307,5
7307,6
7307,7307
7310,11
7310,8359
7311,4
7311,6
7311,7311
7311,7313
7311,7315
7311,7331
7311,7416
7311,7533
7311,7566
7311,7567
7311,8383
7311,8425
7311,8432
7311,8438
7311,8447
7311,8498
7311,8531
7311,8534
7311,8543
7311,8545
7311,8965
7311,9198
7311,9200
7313,6
7313,7311
7313,7313
7313,7315
7313,7331
7313,7416
7313,7421
7313,7567
7313,7570
7313,7575
7313,8123
7313,8356
7313,8425
7313,8432
7313,8438
7313,8447
7313,8498
7313,8531
7313,8534
7313,8539
7313,8540
7313,8543
7313,8544
7313,8545
7313,8930
7315,4
7315,6
7315,7311
7315,7313
7315,7315
7315,7331
7315,7416
7315,7420
7315,7533
7315,7566
7315,7567
7315,7570
7315,7575
7315,7582
7315,7594
7315,7963
7315,8366
7315,8432
7315,8438
7315,8534
7315,8539
7315,8540
7321,7315
7331,6
7331,7311
7331,7313
7331,7315
7331,7331
7331,7416
7331,7420
7331,7439
7331,7533
7331,7566
7331,7567
7331,7570
7331,7575
7331,7675
7331,7963
7331,8125
7331,8359
7331,8432
7331,8438
7331,8498
7331,8531
7331,8534
7331,8539
7331,8540
7331,8544
7331,8545
7415,7415
7415,7416
7415,7419
7415,7420
7415,7421
7415,7436
7415,7439
7415,7533
7415,7534
7415,7566
7415,7567
7415,7568
7415,7570
7415,7579
7415,7582
7415,7591
7415,7594
7415,7670
7415,7675
7415,7694
7415,7783
7415,7791
7415,8545
7416,4
7416,6
7416,7311
7416,7313
7416,7315
7416,7331
7416,7415
7416,7416
7416,7420
7416,7421
7416,7439
7416,7533
7416,7566
7416,7567
7416,7570
7416,7575
7416,7579
7416,7582
7416,7594
7416,7675
7416,7708
7416,7722
7416,8432
7416,8531
7416,8544
7416,8545
7417,7417
7417,7425
7417,7430
7417,7438
7417,7452
7417,7613
7417,7614
7417,7616
7417,7633
7417,7646
7417,7672
7417,7724
7417,7835
7417,7841
7417,7845
7417,7850
7417,7863
7417,7880
7417,7892
7419,7415
7419,7419
7419,7420
7419,7421
7419,7439
7419,7534
7419,7568
7419,7579
7419,7591
7419,7594
7419,7668
7419,7670
7419,7673
7419,7674
7419,7675
7419,7690
7419,7694
7419,7783
7419,7791
7419,7873
7420,7313
7420,7315
7420,7331
7420,7415
7420,7416
7420,7419
7420,7420
7420,7421
7420,7452
7420,7458
7420,7501
7420,7533
7420,7542
7420,7566
7420,7567
7420,7568
7420,7570
7420,7575
7420,7579
7420,7582
7420,7591
7420,7594
7420,8544
7421,7415
7421,7416
7421,7419
7421,7420
7421,7421
7421,7439
7421,7483
7421,7566
7421,7568
7421,7570
7421,7575
7421,7579
7421,7582
7421,7591
7421,7594
7421,7673
7421,7675
7421,7680
7421,7694
7421,7783
7421,7809
7421,7873
7425,7425
7425,7430
7425,7433
7425,7436
7425,7438
7425,7440
7425,7443
7425,7444
7425,7449
7425,7452
7425,7458
7425,7475
7425,7483
7425,7613
7425,7614
7425,7616
7425,7633
7425,7646
7425,7649
7425,7694
7425,7724
7425,7731
7425,7776
7430,7417
7430,7425
7430,7430
7430,7433
7430,7436
7430,7440
7430,7444
7430,7449
7430,7452
7430,7458
7430,7470
7430,7613
7430,7614
7430,7616
7430,7633
7430,7646
7430,7649
7430,7776
7430,7835
7430,7880
7430,7892
7433,7425
7433,7430
7433,7433
7433,7436
7433,7440
7433,7443
7433,7444
7433,7449
7433,7452
7433,7455
7433,7458
7433,7491
7433,7613
7433,7649
7433,7724
7433,7729
7433,7776
7436,7425
7436,7433
7436,7436
7436,7440
7436,7443
7436,7444
7436,7449
7436,7452
7436,7454
7436,7455
7436,7458
7436,7462
7436,7466
7436,7475
7436,7675
7436,7694
7436,7715
7436,7729
7436,7776
7438,7417
7438,7425
7438,7430
7438,7438
7438,7454
7438,7613
7438,7614
7438,7616
7438,7633
7438,7646
7438,7649
7438,7672
7438,7685
7438,7694
7438,7724
7438,7740
7438,7835
7438,7841
7438,7880
7438,7892
7439,7415
7439,7419
7439,7421
7439,7439
7439,7454
7439,7534
7439,7567
7439,7568
7439,7575
7439,7579
7439,7582
7439,7591
7439,7594
7439,7668
7439,7670
7439,7673
7439,7675
7439,7680
7439,7682
7439,7690
7439,7783
7439,7791
7439,7873
7440,7417
7440,7425
7440,7430
7440,7433
7440,7436
7440,7438
7440,7440
7440,7443
7440,7444
7440,7449
7440,7452
7440,7455
7440,7458
7440,7490
7440,7613
7440,7616
7440,7649
7440,7675
7440,7768
7440,7776
7443,7433
7443,7436
7443,7440
7443,7443
7443,7444
7443,7449
7443,7454
7443,7455
7443,7458
7443,7462
7443,7466
7443,7475
7443,7649
7443,7675
7443,7715
7443,7731
7443,7776
7443,7800
7443,7825
7444,7425
7444,7430
7444,7433
7444,7436
7444,7440
7444,7443
7444,7444
7444,7452
7444,7454
7444,7455
7444,7458
7444,7462
7444,7466
7444,7475
7444,7649
7444,7694
7444,7715
7444,7731
7444,7759
7444,7776
7444,7806
7449,0
7449,7425
7449,7430
7449,7433
7449,7436
7449,7438
7449,7440
7449,7443
7449,7444
7449,7449
7449,7452
7449,7454
7449,7455
7449,7458
7449,7466
7449,7491
7449,7613
7449,7649
7449,7694
7449,7724
7449,7729
7449,7776
7452,7425
7452,7430
7452,7433
7452,7436
7452,7438
7452,7440
7452,7443
7452,7444
7452,7449
7452,7452
7452,7454
7452,7455
7452,7458
7452,7646
7452,7649
7452,7776
7452,8000
7454,7436
7454,7439
7454,7443
7454,7444
7454,7452
7454,7454
7454,7455
7454,7458
7454,7462
7454,7466
7454,7475
7454,7675
7454,7687
7454,7715
7454,7729
7454,7731
7454,7748
7454,7759
7454,7776
7454,8037
7455,7430
7455,7433
7455,7436
7455,7440
7455,7443
7455,7444
7455,7449
7455,7452
7455,7454
7455,7455
7455,7458
7455,7462
7455,7466
7455,7475
7455,7649
7455,7675
7455,7694
7455,7715
7455,7729
7455,7731
7455,7802
7455,7809
7458,7425
7458,7430
7458,7433
7458,7436
7458,7440
7458,7443
7458,7444
7458,7449
7458,7452
7458,7454
7458,7455
7458,7458
7458,7475
7458,7526
7458,7613
7458,7649
7458,7694
7458,7776
7462,7436
7462,7443
7462,7444
7462,7454
7462,7455
7462,7458
7462,7462
7462,7466
7462,7475
7462,7675
7462,7687
7462,7694
7462,7715
7462,7722
7462,7729
7462,7731
7462,7748
7462,7845
7466,7433
7466,7436
7466,7443
7466,7444
7466,7452
7466,7454
7466,7455
7466,7462
7466,7466
7466,7475
7466,7568
7466,7675
7466,7694
7466,7715
7466,7724
7466,7729
7466,7731
7466,7748
7466,7776
7466,7817
7466,8031
7466,8048
7470,7470
7470,7481
7470,7483
7470,7490
7470,7491
7470,7501
7470,7508
7470,7517
7470,7526
7470,7668
7470,7674
7470,7675
7470,7680
7470,7682
7470,7685
7470,7709
7470,7768
7470,7825
7475,7440
7475,7443
7475,7444
7475,7454
7475,7458
7475,7462
7475,7466
7475,7475
7475,7675
7475,7687
7475,7694
7475,7715
7475,7724
7475,7729
7475,7731
7475,7748
7475,7759
7475,7817
7481,7470
7481,7481
7481,7483
7481,7490
7481,7491
7481,7501
7481,7508
7481,7517
7481,7526
7481,7542
7481,7668
7481,7680
7481,7682
7481,7685
7481,7709
7481,7715
7481,7768
7481,7800
7481,7802
7481,7809
7481,7817
7481,7863
7483,7440
7483,7470
7483,7481
7483,7483
7483,7490
7483,7491
7483,7501
7483,7508
7483,7517
7483,7526
7483,7668
7483,7670
7483,7674
7483,7680
7483,7682
7483,7685
7483,7694
7483,7709
7483,7768
7483,7791
7483,7869
7483,7873
7490,7440
7490,7470
7490,7481
7490,7490
7490,7491
7490,7501
7490,7508
7490,7517
7490,7526
7490,7668
7490,7685
7490,7694
7490,7709
7490,7768
7490,7800
7490,7802
7490,7809
7490,7817
7491,7415
7491,7452
7491,7470
7491,7481
7491,7483
7491,7490
7491,7491
7491,7501
7491,7508
7491,7517
7491,7526
7491,7542
7491,7575
7491,7614
7491,7694
7491,7709
7491,7800
7491,7802
7491,7809
7491,7825
7501,7420
7501,7470
7501,7481
7501,7483
7501,7490
7501,7491
7501,7501
7501,7508
7501,7517
7501,7526
7501,7542
7501,7685
7501,7768
7501,7776
7501,7800
7501,7802
7501,7809
7501,7817
7501,7825
7501,7838
7501,7850
7501,7863
7508,7470
7508,7481
7508,7483
7508,7490
7508,7491
7508,7501
7508,7508
7508,7517
7508,7526
7508,7542
7508,7685
7508,7694
7508,7709
7508,7800
7508,7802
7508,7809
7508,7817
7508,7825
7508,7869
7508,8000
7517,7470
7517,7481
7517,7483
7517,7490
7517,7491
7517,7501
7517,7508
7517,7517
7517,7526
7517,7542
7517,7675
7517,7685
7517,7768
7517,7800
7517,7802
7517,7809
7517,7825
7517,7838
7517,7841
7517,8000
7526,7444
7526,7458
7526,7470
7526,7481
7526,7490
7526,7491
7526,7501
7526,7508
7526,7517
7526,7526
7526,7542
7526,7685
7526,7694
7526,7776
7526,7800
7526,7802
7526,7809
7526,7817
7526,7869
7533,4
7533,5
7533,6
7533,7
7533,7311
7533,7313
7533,7315
7533,7331
7533,7416
7533,7420
7533,7439
7533,7533
7533,7566
7533,7567
7533,7570
7533,7575
7533,7582
7533,7594
7533,8432
7533,8534
7533,8544
7533,8545
7534,7419
7534,7421
7534,7439
7534,7483
7534,7517
7534,7534
7534,7568
7534,7579
7534,7591
7534,7668
7534,7670
7534,7673
7534,7682
7534,7685
7534,7690
7534,7694
7534,7709
7534,7783
7534,7791
7534,7802
7534,7873
7542,7420
7542,7470
7542,7483
7542,7490
7542,7491
7542,7501
7542,7517
7542,7526
7542,7542
7542,7694
7542,7768
7542,7800
7542,7802
7542,7809
7542,7825
7542,7835
7542,7838
7542,7841
7542,7845
7542,7863
7542,7892
7557,5
7557,7533
7566,4
7566,6
7566,7313
7566,7315
7566,7331
7566,7415
7566,7416
7566,7420
7566,7421
7566,7439
7566,7533
7566,7566
7566,7567
7566,7568
7566,7570
7566,7575
7566,7579
7566,7582
7566,7594
7566,8531
7566,8543
7566,8544
7566,9105
7567,4
7567,7311
7567,7313
7567,7331
7567,7415
7567,7416
7567,7420
7567,7421
7567,7533
7567,7566
7567,7567
7567,7568
7567,7570
7567,7575
7567,7579
7567,7582
7567,7594
7567,7675
7567,8175
7567,8531
7567,8534
7567,8544
7567,8545
7568,7415
7568,7416
7568,7419
7568,7420
7568,7421
7568,7439
7568,7534
7568,7567
7568,7568
7568,7579
7568,7582
7568,7591
7568,7594
7568,7668
7568,7670
7568,7690
7568,7694
7568,7783
7568,7791
7568,7825
7568,7873
7568,8545
7570,7313
7570,7331
7570,7415
7570,7416
7570,7420
7570,7421
7570,7526
7570,7533
7570,7566
7570,7567
7570,7570
7570,7575
7570,7579
7570,7582
7570,7591
7570,7594
7570,8544
7570,8545
7575,6
7575,7311
7575,7315
7575,7331
7575,7415
7575,7416
7575,7420
7575,7421
7575,7439
7575,7517
7575,7533
7575,7566
7575,7567
7575,7568
7575,7570
7575,7575
7575,7579
7575,7582
7575,7594
7575,7675
7575,7694
7575,8000
7575,8544
7575,8545
7579,7331
7579,7415
7579,7416
7579,7419
7579,7420
7579,7421
7579,7542
7579,7566
7579,7567
7579,7568
7579,7570
7579,7575
7579,7579
7579,7582
7579,7594
7579,7783
7582,7331
7582,7415
7582,7416
7582,7419
7582,7420
7582,7421
7582,7439
7582,7533
7582,7567
7582,7568
7582,7570
7582,7575
7582,7579
7582,7582
7582,7591
7582,7594
7582,7670
7582,7673
7582,7694
7582,7783
7591,7415
7591,7419
7591,7420
7591,7421
7591,7439
7591,7470
7591,7534
7591,7568
7591,7579
7591,7582
7591,7591
7591,7594
7591,7668
7591,7670
7591,7673
7591,7682
7591,7690
7591,7694
7591,7768
7591,7783
7591,7791
7591,7873
7594,7315
7594,7331
7594,7415
7594,7416
7594,7420
7594,7421
7594,7533
7594,7534
7594,7566
7594,7567
7594,7568
7594,7570
7594,7575
7594,7579
7594,7582
7594,7591
7594,7594
7594,7675
7594,7690
7594,8544
7613,7417
7613,7425
7613,7430
7613,7436
7613,7438
7613,7440
7613,7444
7613,7449
7613,7458
7613,7613
7613,7614
7613,7616
7613,7633
7613,7646
7613,7672
7613,7685
7613,7724
7613,7776
7613,7835
7613,7880
7613,7892
7614,7417
7614,7430
7614,7438
7614,7440
7614,7444
7614,7449
7614,7613
7614,7614
7614,7616
7614,7633
7614,7646
7614,7649
7614,7668
7614,7672
7614,7709
7614,7841
7614,7845
7614,7850
7614,7869
7614,7880
7614,7892
7616,7417
7616,7425
7616,7430
7616,7438
7616,7613
7616,7614
7616,7616
7616,7633
7616,7646
7616,7649
7616,7672
7616,7682
7616,7709
7616,7724
7616,7835
7616,7841
7616,7850
7616,7880
7616,7892
7633,7417
7633,7425
7633,7430
7633,7440
7633,7613
7633,7614
7633,7616
7633,7633
7633,7646
7633,7670
7633,7672
7633,7776
7633,7835
7633,7841
7633,7850
7633,7863
7633,7869
7633,7880
7633,7892
7646,7417
7646,7425
7646,7433
7646,7438
7646,7440
7646,7444
7646,7449
7646,7452
7646,7455
7646,7613
7646,7614
7646,7616
7646,7633
7646,7646
7646,7649
7646,7672
7646,7694
7646,7740
7646,7835
7646,7850
7646,7880
7646,7892
7649,7425
7649,7430
7649,7433
7649,7436
7649,7440
7649,7444
7649,7449
7649,7452
7649,7458
7649,7470
7649,7613
7649,7614
7649,7616
7649,7646
7649,7649
7649,7694
7649,7724
7649,7776
7668,7470
7668,7481
7668,7483
7668,7490
7668,7501
7668,7508
7668,7534
7668,7568
7668,7591
7668,7633
7668,7668
7668,7670
7668,7673
7668,7674
7668,7675
7668,7680
7668,7682
7668,7685
7668,7690
7668,7709
7668,7783
7668,7873
7670,7419
7670,7421
7670,7439
7670,7483
7670,7534
7670,7568
7670,7591
7670,7633
7670,7668
7670,7670
7670,7673
7670,7680
7670,7682
7670,7690
7670,7709
7670,7724
7670,7740
7670,7783
7670,7791
7670,7873
7670,7880
7672,7417
7672,7425
7672,7430
7672,7438
7672,7466
7672,7483
7672,7613
7672,7614
7672,7616
7672,7633
7672,7646
7672,7672
7672,7724
7672,7776
7672,7817
7672,7835
7672,7838
7672,7841
7672,7845
7672,7850
7672,7863
7672,7869
7672,7880
7672,7892
7673,7419
7673,7439
7673,7534
7673,7568
7673,7591
7673,7668
7673,7670
7673,7672
7673,7673
7673,7674
7673,7680
7673,7682
7673,7690
7673,7709
7673,7783
7673,7791
7673,7873
7674,7470
7674,7483
7674,7490
7674,7534
7674,7591
7674,7668
7674,7670
7674,7673
7674,7674
7674,7675
7674,7680
7674,7682
7674,7685
7674,7690
7674,7694
7674,7709
7674,7724
7674,7768
7674,7783
7674,7791
7674,7800
7674,7806
7674,7873
7675,1
7675,3
7675,4
7675,7
7675,31
7675,89
7675,109
7675,309
7675,3860
7675,4834
7675,7313
7675,7416
7675,7419
7675,7421
7675,7436
7675,7443
7675,7454
7675,7455
7675,7462
7675,7466
7675,7475
7675,7501
7675,7508
7675,7566
7675,7567
7675,7570
7675,7575
7675,7582
7675,7594
7675,7646
7675,7670
7675,7674
7675,7675
7675,7680
7675,7682
7675,7685
7675,7687
7675,7690
7675,7694
7675,7708
7675,7715
7675,7722
7675,7724
7675,7729
7675,7731
7675,7740
7675,7748
7675,7759
7675,7776
7675,7783
7675,7802
7675,7806
7675,7923
7675,7990
7675,8031
7675,8049
7675,8432
7675,8438
7675,8542
7675,8543
7675,8965
7675,9105
7680,7419
7680,7470
7680,7483
7680,7501
7680,7534
7680,7591
7680,7668
7680,7670
7680,7673
7680,7674
7680,7680
7680,7682
7680,7685
7680,7690
7680,7694
7680,7709
7680,7768
7680,7791
7680,7873
7682,7470
7682,7481
7682,7483
7682,7534
7682,7591
7682,7668
7682,7670
7682,7673
7682,7674
7682,7675
7682,7680
7682,7682
7682,7685
7682,7690
7682,7709
7682,7768
7682,7791
7682,7800
7682,7873
7685,7438
7685,7470
7685,7481
7685,7483
7685,7490
7685,7491
7685,7508
7685,7517
7685,7526
7685,7542
7685,7670
7685,7674
7685,7675
7685,7680
7685,7682
7685,7685
7685,7690
7685,7709
7685,7768
7685,7873
7687,7311
7687,7462
7687,7475
7687,7675
7687,7687
7687,7694
7687,7715
7687,7729
7687,7731
7687,7748
7687,7759
7687,7806
7687,7835
7687,8031
7687,8037
7687,8039
7687,8047
7687,8048
7687,8049
7687,8054
7687,8057
7687,8081
7690,7419
7690,7439
7690,7534
7690,7568
7690,7591
7690,7668
7690,7670
7690,7673
7690,7674
7690,7680
7690,7682
7690,7685
7690,7690
7690,7694
7690,7709
7690,7783
7690,7791
7690,7873
7694,0
7694,2
7694,4
7694,5
7694,6
7694,30
7694,96
7694,105
7694,308
7694,309
7694,692
7694,4835
7694,4865
7694,7415
7694,7420
7694,7425
7694,7430
7694,7433
7694,7436
7694,7443
7694,7449
7694,7454
7694,7455
7694,7458
7694,7462
7694,7466
7694,7475
7694,7490
7694,7491
7694,7534
7694,7568
7694,7570
7694,7594
7694,7614
7694,7616
7694,7646
7694,7649
7694,7673
7694,7674
7694,7675
7694,7680
7694,7682
7694,7685
7694,7690
7694,7694
7694,7708
7694,7709
7694,7715
7694,7722
7694,7724
7694,7729
7694,7731
7694,7740
7694,7748
7694,7759
7694,7776
7694,7791
7694,7800
7694,7806
7694,7817
7694,7838
7694,7850
7694,7863
7694,7869
7694,7873
7694,7880
7694,7921
7694,7927
7694,7936
7694,7938
7694,7950
7694,7952
7694,7956
7694,7959
7694,7963
7694,7969
7694,7971
7694,7973
7694,7979
7694,7990
7694,8003
7694,8009
7694,8037
7694,8039
7694,8048
7694,8049
7694,8056
7694,8065
7694,8098
7694,8108
7694,8120
7694,8275
7694,8298
7694,8306
7694,8315
7694,8316
7694,8317
7694,8328
7694,8333
7694,8342
7694,8534
7708,0
7708,4
7708,7
7708,295
7708,7313
7708,7675
7708,7694
7708,7708
7708,7722
7708,7724
7708,7729
7708,7845
7708,8425
7708,8447
7708,8498
7708,8531
7708,8539
7708,8542
7708,8543
7708,8545
7708,8965
7709,7470
7709,7481
7709,7483
7709,7490
7709,7501
7709,7508
7709,7616
7709,7646
7709,7668
7709,7670
7709,7673
7709,7674
7709,7680
7709,7682
7709,7685
7709,7694
7709,7709
7709,7768
7709,7783
7709,7791
7709,7825
7709,7873
7715,7436
7715,7443
7715,7454
7715,7455
7715,7462
7715,7466
7715,7475
7715,7481
7715,7675
7715,7687
7715,7694
7715,7715
7715,7729
7715,7731
7715,7748
7715,7759
7715,7776
7715,7806
7715,7925
7715,8031
7715,8037
7715,8039
7715,8047
7715,8048
7715,8049
7722,3
7722,4
7722,7416
7722,7462
7722,7675
7722,7694
7722,7708
7722,7722
7722,7724
7722,7863
7722,8178
7722,8447
7724,0
7724,3
7724,4
7724,5
7724,6
7724,7
7724,295
7724,308
7724,7449
7724,7454
7724,7462
7724,7475
7724,7613
7724,7646
7724,7672
7724,7675
7724,7687
7724,7694
7724,7708
7724,7715
7724,7722
7724,7724
7724,7729
7724,7731
7724,7740
7724,7748
7724,7759
7724,7835
7724,7863
7724,7869
7724,7873
7724,7921
7724,7925
7724,7933
7724,7936
7724,7938
7724,7941
7724,7947
7724,7948
7724,7950
7724,7956
7724,7963
7724,7967
7724,7969
7724,7971
7724,7973
7724,7989
7724,7990
7724,8009
7724,8031
7724,8037
7724,8039
7724,8047
7724,8049
7724,8056
7724,8073
7724,8077
7724,8084
7724,8086
7724,8089
7724,8091
7724,8098
7724,8105
7724,8108
7724,8111
7724,8114
7724,8115
7724,8130
7724,8147
7724,8174
7724,8180
7724,8275
7724,8296
7724,8303
7724,8312
7724,8318
7724,8325
7724,8328
7724,8330
7724,8337
7724,8356
7724,9105
7724,9203
7729,6
7729,7436
7729,7443
7729,7444
7729,7454
7729,7462
7729,7466
7729,7475
7729,7675
7729,7687
7729,7694
7729,7708
7729,7715
7729,7729
7729,7731
7729,7748
7729,7759
7729,7806
7729,8048
7729,8049
7729,8056
7729,8356
7731,7443
7731,7454
7731,7455
7731,7462
7731,7466
7731,7475
7731,7675
7731,7687
7731,7694
7731,7715
7731,7729
7731,7731
7731,7740
7731,7748
7731,7759
7731,7806
7731,7925
7731,8031
7731,8039
7731,8048
7731,8049
7740,0
7740,5
7740,30
7740,32
7740,61
7740,105
7740,4835
7740,5013
7740,6990
7740,7301
7740,7302
7740,7417
7740,7430
7740,7438
7740,7567
7740,7614
7740,7616
7740,7646
7740,7649
7740,7675
7740,7685
7740,7694
7740,7724
7740,7731
7740,7740
7740,7768
7740,7929
7740,7938
7740,7941
7740,7944
7740,7947
7740,7975
7740,8003
7740,8022
7740,8045
7740,8054
7740,8056
7740,8073
7740,8077
7740,8081
7740,8111
7740,8120
7740,8130
7740,8143
7740,8275
7740,8298
7740,8315
7740,8330
7748,6
7748,7443
7748,7454
7748,7462
7748,7466
7748,7481
7748,7675
7748,7685
7748,7687
7748,7694
7748,7715
7748,7724
7748,7729
7748,7731
7748,7748
7748,7759
7748,7806
7748,7927
7748,8031
7748,8039
7748,8047
7748,8048
7748,8049
7759,7462
7759,7475
7759,7675
7759,7687
7759,7694
7759,7715
7759,7724
7759,7729
7759,7731
7759,7740
7759,7759
7759,7806
7759,8031
7759,8037
7759,8045
7759,8048
7759,8049
7759,8054
7759,8065
7759,8081
7768,7470
7768,7481
7768,7483
7768,7490
7768,7491
7768,7501
7768,7508
7768,7517
7768,7568
7768,7670
7768,7673
7768,7674
7768,7680
7768,7682
7768,7685
7768,7694
7768,7709
7768,7740
7768,7768
7776,7425
7776,7430
7776,7433
7776,7436
7776,7440
7776,7443
7776,7444
7776,7449
7776,7452
7776,7455
7776,7458
7776,7462
7776,7466
7776,7526
7776,7613
7776,7649
7776,7694
7776,7731
7776,7776
7783,7415
7783,7419
7783,7421
7783,7439
7783,7483
7783,7534
7783,7568
7783,7579
7783,7582
7783,7591
7783,7668
7783,7670
7783,7673
7783,7674
7783,7675
7783,7680
7783,7685
7783,7690
7783,7783
7783,7791
7783,7841
7783,7873
7791,7419
7791,7421
7791,7439
7791,7534
7791,7568
7791,7579
7791,7582
7791,7591
7791,7668
7791,7670
7791,7673
7791,7674
7791,7680
7791,7682
7791,7685
7791,7690
7791,7694
7791,7709
7791,7783
7791,7791
7791,7873
7800,7417
7800,7491
7800,7501
7800,7508
7800,7517
7800,7526
7800,7542
7800,7579
7800,7672
7800,7800
7800,7802
7800,7809
7800,7817
7800,7825
7800,7838
7800,7845
7800,7850
7800,7863
7800,7869
7802,7444
7802,7481
7802,7490
7802,7501
7802,7508
7802,7517
7802,7526
7802,7542
7802,7694
7802,7800
7802,7802
7802,7809
7802,7817
7802,7825
7802,7835
7802,7838
7802,7841
7802,7845
7802,7863
7802,7869
7806,7462
7806,7675
7806,7687
7806,7715
7806,7729
7806,7731
7806,7748
7806,7759
7806,7806
7806,7925
7806,8000
7806,8031
7806,8037
7806,8047
7806,8048
7806,8049
7806,8081
7809,7421
7809,7481
7809,7490
7809,7491
7809,7501
7809,7508
7809,7526
7809,7542
7809,7582
7809,7694
7809,7800
7809,7809
7809,7817
7809,7825
7809,7835
7809,7838
7809,7841
7809,7845
7809,7863
7809,7869
7817,7491
7817,7501
7817,7508
7817,7517
7817,7526
7817,7542
7817,7633
7817,7694
7817,7740
7817,7800
7817,7802
7817,7809
7817,7817
7817,7825
7817,7835
7817,7838
7817,7841
7817,7845
7817,7863
7817,7869
7817,7880
7825,7443
7825,7490
7825,7491
7825,7501
7825,7508
7825,7517
7825,7526
7825,7542
7825,7568
7825,7633
7825,7694
7825,7800
7825,7802
7825,7809
7825,7817
7825,7825
7825,7835
7825,7838
7825,7841
7825,7845
7825,7863
7825,7869
7825,7880
7835,7417
7835,7430
7835,7433
7835,7438
7835,7613
7835,7614
7835,7616
7835,7633
7835,7649
7835,7672
7835,7694
7835,7724
7835,7817
7835,7835
7835,7838
7835,7841
7835,7845
7835,7850
7835,7863
7835,7869
7835,7880
7835,7892
7838,7454
7838,7501
7838,7526
7838,7542
7838,7568
7838,7694
7838,7800
7838,7802
7838,7809
7838,7817
7838,7825
7838,7835
7838,7838
7838,7841
7838,7845
7838,7850
7838,7863
7838,7869
7838,7880
7838,7892
7841,7425
7841,7438
7841,7614
7841,7616
7841,7633
7841,7783
7841,7800
7841,7809
7841,7817
7841,7825
7841,7835
7841,7838
7841,7841
7841,7845
7841,7850
7841,7863
7841,7869
7841,7880
7841,7892
7845,7417
7845,7419
7845,7542
7845,7633
7845,7672
7845,7722
7845,7800
7845,7802
7845,7817
7845,7825
7845,7835
7845,7838
7845,7841
7845,7845
7845,7850
7845,7863
7845,7869
7845,7880
7845,7892
7850,7417
7850,7433
7850,7438
7850,7613
7850,7633
7850,7646
7850,7672
7850,7809
7850,7817
7850,7825
7850,7835
7850,7838
7850,7841
7850,7845
7850,7850
7850,7863
7850,7869
7850,7892
7863,7417
7863,7430
7863,7501
7863,7526
7863,7542
7863,7591
7863,7633
7863,7672
7863,7809
7863,7817
7863,7825
7863,7835
7863,7838
7863,7841
7863,7845
7863,7850
7863,7863
7863,7869
7863,7880
7863,7892
7869,7417
7869,7591
7869,7614
7869,7633
7869,7694
7869,7724
7869,7800
7869,7802
7869,7809
7869,7817
7869,7825
7869,7835
7869,7838
7869,7841
7869,7845
7869,7850
7869,7863
7869,7869
7869,7880
7869,7892
7873,7419
7873,7439
7873,7534
7873,7542
7873,7568
7873,7591
7873,7668
7873,7670
7873,7673
7873,7674
7873,7680
7873,7682
7873,7685
7873,7690
7873,7694
7873,7709
7873,7724
7873,7783
7873,7791
7873,7873
7880,7417
7880,7430
7880,7438
7880,7613
7880,7614
7880,7616
7880,7633
7880,7646
7880,7670
7880,7672
7880,7724
7880,7825
7880,7835
7880,7841
7880,7845
7880,7863
7880,7880
7880,7892
7892,7417
7892,7438
7892,7613
7892,7614
7892,7616
7892,7633
7892,7646
7892,7672
7892,7694
7892,7835
7892,7838
7892,7841
7892,7845
7892,7850
7892,7863
7892,7869
7892,7873
7892,7880
7892,7892
7921,7694
7921,7921
7921,7923
7921,7926
7921,7944
7921,8056
7921,8077
7921,8084
7921,8086
7921,8091
7921,8098
7921,8105
7921,8108
7921,8111
7921,8115
7921,8143
7921,8147
7923,7694
7923,7724
7923,7921
7923,7923
7923,7933
7923,7941
7923,7959
7923,7963
7923,8056
7923,8077
7923,8091
7923,8098
7923,8105
7923,8108
7923,8111
7923,8114
7923,8115
7923,8130
7923,8147
7925,7687
7925,7694
7925,7724
7925,7731
7925,7748
7925,7806
7925,7925
7925,7927
7925,8031
7925,8037
7925,8039
7925,8045
7925,8047
7925,8048
7925,8049
7925,8054
7925,8056
7925,8057
7925,8081
7925,8086
7926,7724
7926,7926
7926,7927
7926,7929
7926,8045
7926,8047
7926,8054
7926,8056
7926,8057
7926,8065
7926,8073
7926,8077
7926,8084
7926,8086
7926,8089
7927,7740
7927,7759
7927,7806
7927,7925
7927,7926
7927,7927
7927,7929
7927,8037
7927,8039
7927,8045
7927,8047
7927,8048
7927,8049
7927,8054
7927,8056
7927,8057
7927,8065
7927,8073
7927,8081
7927,8084
7927,8089
7927,8111
7927,8143
7929,7740
7929,7926
7929,7927
7929,7929
7929,8045
7929,8056
7929,8057
7929,8065
7929,8073
7929,8077
7929,8081
7929,8086
7929,8089
7929,8111
7929,8143
7933,5
7933,7724
7933,7933
7933,7936
7933,7941
7933,7947
7933,7950
7933,7952
7933,7955
7933,7959
7933,7963
7933,7975
7933,8105
7933,8108
7933,8114
7933,8115
7933,8120
7933,8123
7933,8125
7933,8130
7933,8147
7933,8158
7936,7694
7936,7724
7936,7933
7936,7936
7936,7938
7936,7941
7936,7948
7936,7950
7936,7952
7936,7955
7936,7956
7936,7961
7936,7971
7936,7973
7936,7975
7936,8105
7936,8120
7936,8125
7936,8130
7936,8158
7938,7694
7938,7740
7938,7936
7938,7938
7938,7948
7938,7950
7938,7952
7938,7955
7938,7956
7938,7959
7938,7961
7938,7971
7938,7973
7938,7975
7938,8022
7941,7694
7941,7724
7941,7923
7941,7933
7941,7936
7941,7941
7941,7952
7941,7955
7941,7956
7941,7963
7941,7973
7941,7975
7941,8091
7941,8098
7941,8105
7941,8108
7941,8114
7941,8115
7941,8120
7941,8123
7941,8125
7941,8130
7941,8312
7944,7740
7944,7921
7944,7923
7944,7929
7944,7944
7944,8056
7944,8077
7944,8086
7944,8089
7944,8091
7944,8098
7944,8108
7944,8111
7944,8114
7944,8115
7944,8120
7944,8143
7944,8147
7947,7724
7947,7740
7947,7938
7947,7947
7947,7948
7947,7950
7947,7956
7947,7959
7947,7967
7947,7969
7947,7971
7947,7979
7947,7989
7947,7990
7947,8000
7947,8003
7947,8009
7947,8275
7948,7694
7948,7724
7948,7938
7948,7947
7948,7948
7948,7950
7948,7952
7948,7955
7948,7956
7948,7959
7948,7961
7948,7967
7948,7971
7948,7973
7948,8000
7948,8158
7950,32
7950,7694
7950,7740
7950,7938
7950,7947
7950,7948
7950,7950
7950,7955
7950,7956
7950,7959
7950,7961
7950,7967
7950,7990
7950,8000
7950,8022
7950,8123
7950,8158
7952,6
7952,7331
7952,7694
7952,7724
7952,7933
7952,7936
7952,7938
7952,7941
7952,7948
7952,7952
7952,7955
7952,7961
7952,7963
7952,7973
7952,7975
7952,8000
7952,8105
7952,8120
7952,8123
7952,8125
7952,8158
7955,7694
7955,7933
7955,7936
7955,7938
7955,7948
7955,7950
7955,7952
7955,7955
7955,7956
7955,7959
7955,7961
7955,7963
7955,7973
7955,7975
7955,7979
7955,8120
7955,8123
7955,8125
7955,8158
7956,7740
7956,7936
7956,7938
7956,7947
7956,7948
7956,7950
7956,7955
7956,7956
7956,7959
7956,7961
7956,7967
7956,7969
7956,7971
7956,7975
7956,7979
7956,7990
7956,8000
7956,8009
7956,8022
7956,8123
7956,8287
7959,7694
7959,7724
7959,7923
7959,7947
7959,7948
7959,7950
7959,7955
7959,7956
7959,7959
7959,7961
7959,7967
7959,7969
7959,7971
7959,7973
7959,7979
7959,7989
7959,7990
7959,8000
7959,8003
7959,8009
7959,8275
7961,7694
7961,7933
7961,7936
7961,7938
7961,7944
7961,7947
7961,7948
7961,7950
7961,7952
7961,7955
7961,7956
7961,7959
7961,7961
7961,7967
7961,7973
7961,7975
7961,8120
7961,8123
7961,8125
7961,8158
7963,692
7963,7331
7963,7567
7963,7933
7963,7936
7963,7941
7963,7952
7963,7955
7963,7963
7963,7973
7963,7975
7963,7979
7963,8098
7963,8105
7963,8108
7963,8114
7963,8115
7963,8120
7963,8123
7963,8125
7963,8130
7963,8158
7963,8287
7967,7694
7967,7947
7967,7948
7967,7950
7967,7956
7967,7959
7967,7967
7967,7969
7967,7971
7967,7979
7967,7989
7967,7990
7967,8000
7967,8003
7967,8009
7967,8022
7967,8275
7967,8286
7967,8316
7969,7694
7969,7947
7969,7950
7969,7959
7969,7967
7969,7969
7969,7971
7969,7979
7969,7989
7969,7990
7969,8000
7969,8003
7969,8009
7971,7724
7971,7938
7971,7947
7971,7948
7971,7950
7971,7959
7971,7967
7971,7969
7971,7971
7971,7979
7971,7989
7971,7990
7971,8000
7971,8003
7971,8009
7971,8022
7971,8275
7971,8286
7971,8342
7973,7694
7973,7933
7973,7936
7973,7938
7973,7948
7973,7950
7973,7952
7973,7955
7973,7956
7973,7961
7973,7963
7973,7973
7973,7975
7973,8120
7973,8123
7973,8125
7973,8158
7975,7311
7975,7740
7975,7933
7975,7936
7975,7938
7975,7941
7975,7950
7975,7952
7975,7955
7975,7961
7975,7963
7975,7973
7975,7975
7975,8120
7975,8123
7975,8125
7975,8158
7979,105
7979,7694
7979,7927
7979,7947
7979,7948
7979,7967
7979,7969
7979,7971
7979,7979
7979,7989
7979,7990
7979,8000
7979,8003
7979,8009
7979,8275
7979,8286
7979,8296
7979,8303
7979,8317
7989,7694
7989,7947
7989,7956
7989,7959
7989,7967
7989,7969
7989,7971
7989,7979
7989,7989
7989,7990
7989,8003
7989,8009
7989,8022
7989,8275
7989,8286
7989,8287
7989,8296
7989,8298
7989,8303
7989,8316
7989,8317
7990,7694
7990,7947
7990,7956
7990,7959
7990,7961
7990,7967
7990,7969
7990,7971
7990,7979
7990,7989
7990,7990
7990,8000
7990,8003
7990,8009
7990,8275
7990,8286
7990,8296
8000,7433
8000,7517
8000,7575
8000,7613
8000,7806
8000,7938
8000,7947
8000,7948
8000,7950
8000,7956
8000,7959
8000,7967
8000,7969
8000,7971
8000,7979
8000,7989
8000,7990
8000,8000
8000,8009
8000,8022
8000,8286
8000,8306
8003,7694
8003,7947
8003,7950
8003,7959
8003,7967
8003,7969
8003,7979
8003,7989
8003,7990
8003,8000
8003,8003
8003,8009
8003,8022
8003,8130
8003,8275
8003,8286
8003,8287
8003,8296
8003,8298
8003,8303
8003,8306
8003,8315
8003,8318
8009,7694
8009,7724
8009,7740
8009,7938
8009,7947
8009,7950
8009,7956
8009,7959
8009,7967
8009,7969
8009,7971
8009,7979
8009,7989
8009,7990
8009,8000
8009,8003
8009,8009
8009,8275
8022,7694
8022,7969
8022,7979
8022,7989
8022,7990
8022,8003
8022,8022
8022,8275
8022,8286
8022,8287
8022,8298
8022,8306
8022,8312
8022,8316
8022,8348
8031,7715
8031,7724
8031,7731
8031,7748
8031,7759
8031,7806
8031,7925
8031,7927
8031,8031
8031,8039
8031,8047
8031,8048
8031,8049
8031,8054
8031,8057
8031,8065
8031,8081
8031,8125
8037,3
8037,7687
8037,7694
8037,7740
8037,7759
8037,7925
8037,7927
8037,7929
8037,8031
8037,8037
8037,8039
8037,8045
8037,8047
8037,8048
8037,8049
8037,8054
8037,8065
8037,8073
8037,8081
8037,8089
8037,8333
8039,7694
8039,7715
8039,7729
8039,7731
8039,7759
8039,7806
8039,7925
8039,7927
8039,8031
8039,8037
8039,8039
8039,8045
8039,8047
8039,8048
8039,8049
8039,8054
8039,8057
8039,8065
8039,8081
8045,7687
8045,7740
8045,7925
8045,7926
8045,7927
8045,7929
8045,8031
8045,8037
8045,8039
8045,8045
8045,8047
8045,8048
8045,8049
8045,8054
8045,8056
8045,8057
8045,8065
8045,8073
8045,8081
8045,8089
8047,7759
8047,7806
8047,7925
8047,7926
8047,7927
8047,7929
8047,8031
8047,8037
8047,8039
8047,8045
8047,8047
8047,8048
8047,8049
8047,8054
8047,8057
8047,8065
8047,8081
8047,8089
8047,8123
8047,8348
8048,7466
8048,7687
8048,7694
8048,7715
8048,7724
8048,7729
8048,7731
8048,7748
8048,7759
8048,7806
8048,7925
8048,7927
8048,8031
8048,8039
8048,8047
8048,8048
8048,8049
8048,8054
8048,8057
8048,8065
8048,8073
8048,8081
8049,7462
8049,7466
8049,7687
8049,7694
8049,7715
8049,7729
8049,7731
8049,7748
8049,7759
8049,7806
8049,7925
8049,8031
8049,8037
8049,8039
8049,8045
8049,8047
8049,8048
8049,8049
8049,8054
8049,8081
8054,7740
8054,7748
8054,7759
8054,7925
8054,7927
8054,8031
8054,8037
8054,8039
8054,8045
8054,8047
8054,8049
8054,8054
8054,8065
8054,8073
8054,8081
8056,7694
8056,7748
8056,7921
8056,7926
8056,7927
8056,7929
8056,7944
8056,8045
8056,8047
8056,8056
8056,8057
8056,8073
8056,8081
8056,8084
8056,8086
8056,8089
8056,8091
8056,8108
8056,8111
8056,8143
8056,8147
8057,7740
8057,7759
8057,7925
8057,7926
8057,7927
8057,7929
8057,8037
8057,8045
8057,8047
8057,8054
8057,8056
8057,8057
8057,8065
8057,8073
8057,8077
8057,8081
8057,8086
8057,8111
8057,8143
8065,105
8065,7694
8065,7724
8065,7926
8065,7927
8065,7929
8065,8031
8065,8039
8065,8045
8065,8047
8065,8048
8065,8049
8065,8054
8065,8056
8065,8057
8065,8065
8065,8073
8065,8077
8065,8081
8073,7740
8073,7926
8073,7927
8073,7929
8073,8045
8073,8056
8073,8057
8073,8065
8073,8073
8073,8081
8073,8084
8073,8086
8073,8089
8073,8143
8077,7724
8077,7921
8077,7923
8077,7926
8077,7929
8077,7944
8077,8056
8077,8057
8077,8073
8077,8077
8077,8084
8077,8086
8077,8091
8077,8098
8077,8108
8077,8111
8077,8143
8081,3
8081,7724
8081,7759
8081,7806
8081,7925
8081,7927
8081,7929
8081,8031
8081,8037
8081,8039
8081,8045
8081,8047
8081,8048
8081,8054
8081,8056
8081,8057
8081,8065
8081,8081
8081,8089
8081,8173
8084,7724
8084,7921
8084,7926
8084,7944
8084,8056
8084,8057
8084,8073
8084,8077
8084,8084
8084,8086
8084,8089
8084,8091
8084,8098
8084,8111
8084,8114
8084,8143
8084,8147
8086,7740
8086,7921
8086,7926
8086,7927
8086,7929
8086,7944
8086,8056
8086,8073
8086,8077
8086,8084
8086,8086
8086,8089
8086,8091
8086,8098
8086,8111
8086,8114
8086,8115
8086,8143
8086,8147
8089,7724
8089,7921
8089,7925
8089,7926
8089,7927
8089,7929
8089,7963
8089,8045
8089,8047
8089,8056
8089,8057
8089,8065
8089,8073
8089,8077
8089,8081
8089,8084
8089,8086
8089,8089
8089,8091
8089,8098
8089,8115
8089,8143
8089,8147
8091,7694
8091,7724
8091,7921
8091,7923
8091,7929
8091,7933
8091,7944
8091,8056
8091,8077
8091,8084
8091,8086
8091,8091
8091,8098
8091,8108
8091,8111
8091,8114
8091,8115
8091,8123
8091,8130
8091,8143
8091,8147
8098,7694
8098,7724
8098,7921
8098,7923
8098,7933
8098,7944
8098,7975
8098,8056
8098,8077
8098,8084
8098,8086
8098,8091
8098,8098
8098,8105
8098,8108
8098,8111
8098,8114
8098,8115
8098,8120
8098,8125
8098,8130
8098,8143
8098,8147
8098,8158
8105,7740
8105,7923
8105,7933
8105,7941
8105,7944
8105,7952
8105,7961
8105,7963
8105,7973
8105,7975
8105,8098
8105,8105
8105,8108
8105,8114
8105,8115
8105,8120
8105,8123
8105,8125
8105,8130
8105,8147
8105,8348
8108,7694
8108,7921
8108,7923
8108,7933
8108,7941
8108,7944
8108,7963
8108,8077
8108,8091
8108,8098
8108,8105
8108,8108
8108,8114
8108,8115
8108,8120
8108,8123
8108,8125
8108,8130
8108,8147
8111,7724
8111,7921
8111,7923
8111,7941
8111,7944
8111,8056
8111,8073
8111,8077
8111,8084
8111,8086
8111,8091
8111,8098
8111,8108
8111,8111
8111,8130
8111,8143
8111,8147
8114,7724
8114,7923
8114,7933
8114,7941
8114,7963
8114,8086
8114,8091
8114,8098
8114,8105
8114,8108
8114,8111
8114,8114
8114,8115
8114,8123
8114,8125
8114,8130
8114,8147
8115,7740
8115,7921
8115,7923
8115,7933
8115,7941
8115,7955
8115,7963
8115,7975
8115,8091
8115,8098
8115,8105
8115,8108
8115,8111
8115,8114
8115,8115
8115,8120
8115,8125
8115,8130
8115,8147
8120,32
8120,7740
8120,7923
8120,7933
8120,7936
8120,7941
8120,7952
8120,7955
8120,7963
8120,7975
8120,8091
8120,8105
8120,8108
8120,8114
8120,8120
8120,8123
8120,8125
8120,8130
8120,8158
8120,8315
8123,7311
8123,7331
8123,7933
8123,7936
8123,7941
8123,7952
8123,7955
8123,7956
8123,7961
8123,7963
8123,7973
8123,7975
8123,8108
8123,8114
8123,8115
8123,8120
8123,8123
8123,8125
8123,8130
8123,8158
8125,7313
8125,7694
8125,7933
8125,7936
8125,7941
8125,7952
8125,7955
8125,7961
8125,7963
8125,7975
8125,8098
8125,8105
8125,8108
8125,8114
8125,8120
8125,8123
8125,8125
8125,8130
8125,8147
8125,8158
8125,8317
8130,5
8130,7724
8130,7923
8130,7933
8130,7941
8130,7944
8130,7952
8130,7963
8130,8091
8130,8098
8130,8105
8130,8108
8130,8111
8130,8114
8130,8115
8130,8120
8130,8125
8130,8130
8130,8147
8130,8306
8143,7740
8143,7923
8143,7926
8143,7929
8143,8057
8143,8073
8143,8077
8143,8084
8143,8086
8143,8089
8143,8091
8143,8098
8143,8111
8143,8115
8143,8143
8143,8147
8147,7921
8147,7923
8147,7933
8147,7941
8147,7944
8147,7955
8147,8077
8147,8084
8147,8086
8147,8091
8147,8098
8147,8108
8147,8111
8147,8114
8147,8115
8147,8125
8147,8130
8147,8143
8147,8147
8158,7694
8158,7740
8158,7933
8158,7936
8158,7938
8158,7941
8158,7948
8158,7950
8158,7955
8158,7961
8158,7963
8158,7967
8158,7973
8158,7975
8158,8120
8158,8123
8158,8158
8171,8057
8171,8081
8171,8171
8171,8173
8171,8174
8171,8175
8171,8178
8171,8180
8171,8318
8171,8325
8171,8328
8171,8333
8171,8337
8171,8348
8171,8356
8171,8425
8171,8432
8171,9105
8173,7694
8173,8130
8173,8171
8173,8173
8173,8174
8173,8175
8173,8178
8173,8180
8173,8298
8173,8317
8173,8318
8173,8325
8173,8328
8173,8330
8173,8333
8173,8337
8173,8342
8173,8348
8173,8356
8174,7694
8174,7724
8174,7926
8174,8171
8174,8173
8174,8174
8174,8175
8174,8178
8174,8180
8174,8325
8174,8328
8174,8337
8174,8348
8174,8356
8174,8425
8174,9105
8175,4
8175,7
8175,7313
8175,7533
8175,8171
8175,8173
8175,8174
8175,8175
8175,8178
8175,8180
8175,8325
8175,8337
8175,8356
8175,8381
8175,8425
8175,8447
8175,8498
8175,8531
8175,9105
8178,5
8178,6
8178,7
8178,105
8178,297
8178,7315
8178,7566
8178,7722
8178,8171
8178,8173
8178,8174
8178,8175
8178,8178
8178,8180
8178,8337
8178,8348
8178,8356
8178,8371
8178,8378
8178,8379
8178,8380
8178,8425
8178,8432
8178,8438
8178,8444
8178,8447
8178,8461
8178,8462
8178,8464
8178,8498
8178,8531
8178,8541
8178,8652
8178,9105
8178,9201
8180,7311
8180,7724
8180,8171
8180,8173
8180,8174
8180,8175
8180,8178
8180,8180
8180,8318
8180,8325
8180,8328
8180,8337
8180,8348
8180,8356
8180,8425
8180,8542
8180,9105
8202,8308
8202,8430
8216,8229
8216,8246
8217,8265
8217,8270
8229,8429
8229,8455
8234,8234
8234,8248
8237,8234
8237,8242
8242,8252
8242,8254
8244,8216
8244,8276
8245,8245
8245,8255
8246,8247
8246,8436
8247,8246
8247,8247
8248,8249
8248,8293
8249,8248
8249,8293
8250,8202
8250,8250
8252,8257
8252,8285
8253,8253
8253,8268
8254,8249
8254,8285
8255,8237
8255,8262
8256,8242
8256,8279
8257,8254
8257,8257
8258,8264
8258,8277
8260,8252
8260,8255
8261,8265
8261,8271
8262,8260
8262,8273
8263,8261
8263,8277
8264,8268
8264,8443
8265,8261
8265,8273
8266,8446
8266,8457
8268,8253
8268,8274
8270,8263
8270,8271
8271,8258
8271,8270
8273,8217
8273,8299
8274,8262
8274,8274
8275,7694
8275,7724
8275,7947
8275,7967
8275,7979
8275,7989
8275,8000
8275,8003
8275,8009
8275,8022
8275,8275
8275,8286
8275,8287
8275,8296
8275,8298
8275,8303
8275,8306
8275,8312
8275,8315
8275,8316
8275,8325
8275,8348
8276,8244
8276,8429
8277,8258
8277,8263
8279,8217
8279,8280
8280,8250
8280,8299
8282,8282
8282,8308
8283,8440
8283,8441
8285,8237
8285,8256
8286,7724
8286,7947
8286,7971
8286,7979
8286,7989
8286,7990
8286,8003
8286,8009
8286,8022
8286,8275
8286,8286
8286,8287
8286,8296
8286,8298
8286,8303
8286,8306
8286,8312
8286,8315
8286,8316
8286,8317
8287,7694
8287,7989
8287,8003
8287,8022
8287,8098
8287,8275
8287,8286
8287,8287
8287,8296
8287,8298
8287,8303
8287,8306
8287,8312
8287,8315
8287,8316
8287,8317
8287,8325
8287,8342
8293,8245
8293,8256
8296,7724
8296,8000
8296,8022
8296,8173
8296,8275
8296,8286
8296,8287
8296,8296
8296,8303
8296,8306
8296,8312
8296,8315
8296,8316
8296,8317
8296,8333
8298,7724
8298,7979
8298,7989
8298,8022
8298,8173
8298,8275
8298,8286
8298,8287
8298,8296
8298,8298
8298,8303
8298,8306
8298,8312
8298,8315
8298,8316
8298,8317
8298,8318
8298,8325
8298,8328
8298,8330
8298,8333
8298,8342
8299,8264
8299,8280
8303,5
8303,7724
8303,7979
8303,7989
8303,8003
8303,8022
8303,8275
8303,8286
8303,8287
8303,8296
8303,8298
8303,8303
8303,8306
8303,8312
8303,8315
8303,8316
8303,8317
8303,8318
8303,8330
8303,8333
8303,8342
8306,7724
8306,7989
8306,8275
8306,8286
8306,8287
8306,8296
8306,8298
8306,8303
8306,8306
8306,8312
8306,8315
8306,8316
8306,8317
8306,8325
8306,8328
8306,8333
8306,8342
8308,8279
8308,8282
8312,5
8312,30
8312,7694
8312,7724
8312,7989
8312,8003
8312,8022
8312,8275
8312,8286
8312,8287
8312,8296
8312,8298
8312,8303
8312,8306
8312,8312
8312,8315
8312,8316
8312,8317
8312,8318
8312,8330
8312,8342
8315,32
8315,7941
8315,8003
8315,8089
8315,8173
8315,8180
8315,8286
8315,8287
8315,8296
8315,8298
8315,8303
8315,8306
8315,8312
8315,8315
8315,8316
8315,8317
8315,8318
8315,8325
8315,8328
8315,8330
8315,8333
8315,8342
8315,8348
8316,5
8316,7694
8316,7990
8316,8003
8316,8022
8316,8275
8316,8286
8316,8287
8316,8296
8316,8298
8316,8303
8316,8306
8316,8312
8316,8315
8316,8316
8316,8317
8316,8330
8317,7694
8317,7933
8317,8180
8317,8275
8317,8286
8317,8287
8317,8296
8317,8298
8317,8303
8317,8306
8317,8312
8317,8315
8317,8316
8317,8317
8317,8318
8317,8325
8317,8328
8317,8330
8317,8333
8317,8342
8318,7694
8318,7740
8318,8173
8318,8180
8318,8298
8318,8306
8318,8315
8318,8317
8318,8318
8318,8325
8318,8328
8318,8330
8318,8333
8318,8337
8318,8342
8318,8348
8325,7694
8325,7740
8325,7971
8325,8171
8325,8173
8325,8174
8325,8175
8325,8180
8325,8298
8325,8315
8325,8317
8325,8318
8325,8325
8325,8328
8325,8330
8325,8333
8325,8342
8325,8348
8328,7694
8328,7961
8328,8173
8328,8180
8328,8298
8328,8315
8328,8317
8328,8318
8328,8325
8328,8328
8328,8330
8328,8333
8328,8337
8328,8342
8328,8348
8328,8432
8328,8531
8328,9105
8330,8171
8330,8173
8330,8174
8330,8180
8330,8296
8330,8298
8330,8306
8330,8312
8330,8315
8330,8317
8330,8318
8330,8325
8330,8328
8330,8330
8330,8333
8330,8337
8330,8342
8330,8348
8333,7724
8333,8171
8333,8173
8333,8180
8333,8287
8333,8298
8333,8306
8333,8315
8333,8317
8333,8318
8333,8325
8333,8328
8333,8330
8333,8333
8333,8337
8333,8342
8333,8348
8333,9105
8337,8171
8337,8173
8337,8174
8337,8175
8337,8178
8337,8180
8337,8325
8337,8328
8337,8330
8337,8337
8337,8342
8337,8348
8337,8356
8337,9105
8342,7694
8342,7724
8342,8173
8342,8174
8342,8296
8342,8298
8342,8303
8342,8306
8342,8312
8342,8315
8342,8316
8342,8317
8342,8318
8342,8325
8342,8328
8342,8330
8342,8333
8342,8337
8342,8342
8342,8348
8348,8098
8348,8171
8348,8173
8348,8174
8348,8175
8348,8180
8348,8317
8348,8318
8348,8325
8348,8328
8348,8330
8348,8333
8348,8337
8348,8342
8348,8348
8348,8425
8348,9105
8356,4
8356,7567
8356,7675
8356,7708
8356,7729
8356,8171
8356,8174
8356,8175
8356,8178
8356,8337
8356,8356
8356,8425
8356,8432
8356,8447
8356,8498
8356,8542
8356,8965
8356,9105
8356,9199
8358,3
8358,4
8358,5
8358,6
8358,7
8358,8358
8359,7310
8359,7331
8359,8178
8360,3
8360,5
8360,7
8360,8360
8363,3
8363,5
8363,6
8363,7
8363,8363
8366,3
8366,5
8366,6
8366,7566
8366,8358
8366,8366
8366,8428
8369,5
8369,8178
8369,8534
8371,8178
8371,8379
8373,8178
8373,8373
8378,6
8378,8386
8379,8178
8379,8378
8380,11
8381,8380
8381,8411
8381,8425
8382,8359
8382,8381
8383,75
8386,8373
8386,8386
8411,8381
8411,8411
8425,3
8425,5
8425,6
8425,7311
8425,7313
8425,7708
8425,7724
8425,8171
8425,8174
8425,8175
8425,8178
8425,8180
8425,8337
8425,8356
8425,8425
8425,8432
8425,8438
8425,8498
8425,8531
8425,8539
8425,8542
8425,8569
8425,8652
8425,8965
8425,9105
8428,8366
8429,8229
8429,8436
8430,8266
8430,8459
8432,3
8432,4
8432,6
8432,105
8432,7311
8432,7313
8432,7315
8432,7331
8432,7570
8432,8174
8432,8178
8432,8356
8432,8425
8432,8432
8432,8438
8432,8447
8432,8498
8432,8531
8432,8534
8432,8540
8432,8541
8432,8542
8432,8965
8432,9105
8434,5
8434,7
8436,8449
8436,8464
8438,4
8438,6
8438,32
8438,692
8438,7311
8438,7313
8438,7315
8438,7331
8438,7566
8438,8178
8438,8425
8438,8432
8438,8438
8438,8447
8438,8498
8438,8531
8438,8534
8438,8539
8438,8540
8438,8541
8438,8542
8438,8544
8438,8965
8440,8440
8440,8454
8441,8446
8441,8448
8443,8451
8443,8459
8444,8178
8444,8444
8446,8283
8446,8450
8447,4
8447,30
8447,7311
8447,7313
8447,7331
8447,7416
8447,7675
8447,8171
8447,8178
8447,8432
8447,8438
8447,8447
8447,8498
8447,8531
8447,8534
8447,8539
8447,8541
8447,8542
8447,8543
8448,8430
8448,8457
8449,8260
8449,8463
8450,8448
8450,8451
8451,8202
8451,8441
8454,5
8454,8454
8455,8463
8455,8464
8457,8283
8457,8443
8459,8266
8459,8450
8461,8216
8461,8449
8462,8178
8463,8276
8463,8455
8464,8244
8464,8356
8464,8461
8489,3
8489,5
8491,3
8498,3
8498,4
8498,6
8498,7311
8498,7313
8498,7575
8498,8171
8498,8174
8498,8175
8498,8178
8498,8356
8498,8425
8498,8432
8498,8438
8498,8447
8498,8498
8498,8531
8498,8534
8498,8539
8498,8540
8498,8543
8498,8965
8498,9105
8526,8425
8528,7304
8531,0
8531,4
8531,6
8531,7311
8531,7313
8531,7315
8531,7331
8531,7416
8531,7420
8531,7533
8531,7566
8531,7675
8531,8425
8531,8432
8531,8438
8531,8447
8531,8498
8531,8531
8531,8534
8531,8539
8531,8541
8531,8543
8531,8965
8534,4
8534,6
8534,7311
8534,7313
8534,7315
8534,7416
8534,7567
8534,7708
8534,8178
8534,8356
8534,8425
8534,8432
8534,8438
8534,8447
8534,8531
8534,8534
8534,8540
8534,8542
8534,8545
8534,8842
8534,8965
8539,4
8539,5
8539,6
8539,32
8539,7313
8539,7708
8539,8174
8539,8178
8539,8432
8539,8438
8539,8447
8539,8498
8539,8541
8539,8543
8540,3
8540,5
8540,6
8540,105
8540,7313
8540,7315
8540,7533
8540,7675
8540,7708
8540,8425
8540,8432
8540,8531
8540,8534
8540,8965
8541,4
8541,6
8541,7567
8541,7708
8541,8356
8541,8438
8541,8447
8541,8531
8541,8539
8541,8543
8542,6
8542,7675
8542,8356
8542,8432
8542,8447
8542,8498
8542,8543
8542,8965
8543,4
8543,6
8543,7311
8543,7315
8543,7708
8543,8175
8543,8432
8543,8438
8543,8531
8543,8539
8543,8542
8543,9172
8544,7313
8544,7331
8544,7421
8544,7533
8544,7566
8544,7568
8544,7575
8544,7708
8544,7724
8544,7873
8544,8175
8544,8531
8544,8545
8545,3
8545,5
8545,6
8545,7313
8545,7315
8545,7416
8545,7419
8545,7533
8545,7557
8545,7567
8545,7568
8545,7570
8545,7579
8545,7594
8545,7675
8545,8531
8545,8544
8545,8545
8569,8369
8652,8178
8652,8356
8842,11
8930,7311
8943,8534
8948,3
8949,3
8949,5
8952,3
8952,5
8965,6
8965,7311
8965,7331
8965,8174
8965,8356
8965,8432
8965,8498
8965,8531
8965,8541
8965,8542
8965,8543
9105,3
9105,5
9105,105
9105,7566
9105,7675
9105,8171
9105,8173
9105,8174
9105,8175
9105,8178
9105,8180
9105,8325
9105,8337
9105,8348
9105,8356
9105,8425
9105,8447
9105,8498
9105,8541
9105,8545
9105,9105
9105,9202
9162,7321
9163,8534
9172,8438
9198,3
9198,5
9198,6
9198,7315
9198,9198
9198,9204
9199,6
9200,3
9200,5
9200,6
9200,7
9200,7533
9200,9198
9200,9200
9201,8175
9202,5
9202,6
9202,9105
9202,9202
9203,32
9204,3
9204,5
9204,75
9205,5
9206,3
9206,5
9207,3
9207,5
9208,5
9208,6
9209,5
9210,5
9210,7305
