6,113,0
6,117,0
6,129,0
6,131,0
6,136,0
6,145,0
6,160,0
6,201,0
6,208,0
6,209,0
6,216,0
6,217,0
6,218,0
6,219,0
6,220,0
6,221,0
6,223,0
6,224,0
6,225,0
6,226,0
6,227,0
6,228,0
6,229,0
6,230,0
6,232,0
6,245,0
6,272,0
6,273,0
6,275,0
6,276,0
6,278,0
6,279,0
6,280,0
6,282,0
6,283,0
6,4477,0
6,4478,0
6,4482,0
6,4483,0
6,4487,0
6,4490,0
6,4502,0
6,4503,0
6,4508,0
6,4510,0
6,4513,0
6,4514,0
6,4536,0
6,4538,0
6,4545,0
6,4546,0
6,4548,0
6,4549,0
6,4550,0
6,4551,0
6,4554,0
6,4557,0
6,4566,0
6,4571,0
6,4574,0
6,4578,0
6,4579,0
6,4589,0
6,4590,0
6,4591,0
6,4592,0
6,4629,0
6,4631,0
6,4638,0
6,4661,0
6,4692,0
6,4695,0
6,4696,0
6,4705,0
6,4706,0
6,4707,0
6,4708,0
6,4709,0
6,4710,0
6,4711,0
6,4715,0
6,4718,0
6,4722,0
6,4747,0
6,4764,0
6,4779,0
6,4780,0
6,4781,0
6,4782,0
6,4802,0
6,4803,0
6,4804,0
6,4805,0
6,4806,0
6,4807,0
6,4833,0
6,4834,0
6,4835,0
6,4836,0
6,4837,0
6,4842,0
6,4843,0
6,4844,0
6,4846,0
6,4854,0
6,4861,0
6,4863,0
6,4864,0
6,4888,0
6,4889,0
6,4906,0
6,4907,0
6,4909,0
6,4911,0
6,4912,0
6,4916,0
6,4928,0
6,4929,0
6,4930,0
6,4931,0
6,4935,0
6,4936,0
6,4937,0
6,4938,0
6,4939,0
6,4940,0
6,4941,0
6,4943,0
6,4958,0
6,4965,0
6,4992,0
6,5011,0
6,5018,0
6,5020,0
6,5021,0
6,5022,0
6,5023,0
6,5024,0
6,5025,0
6,5026,0
6,5027,0
6,5048,0
6,5070,0
6,5081,0
6,5082,0
6,5083,0
6,5085,0
6,5089,0
6,5097,0
6,5099,0
6,5100,0
6,5110,0
6,5125,0
6,5165,0
6,5166,0
6,5167,0
6,5168,0
6,5170,0
6,5179,0
6,5209,0
6,5215,0
6,5224,0
6,5228,0
6,5252,0
6,5253,0
6,5254,0
6,5265,0
6,5271,0
6,5272,0
6,5278,0
6,5279,0
6,5280,0
6,5283,0
6,5289,0
6,5292,0
6,5293,0
6,5300,0
6,5301,0
6,5303,0
6,5341,0
6,5361,0
6,5362,0
6,5374,0
6,5375,0
6,5376,0
6,5377,0
6,5378,0
6,5402,0
6,5408,0
6,5416,0
6,5458,0
6,5472,0
6,5473,0
6,5474,0
6,5475,0
6,5476,0
6,5477,0
6,5479,0
6,5480,0
6,5481,0
6,5482,0
6,5483,0
6,5484,0
6,5485,0
6,5486,0
6,5487,0
6,5488,0
6,5489,0
6,5490,0
6,5491,0
6,5492,0
6,5493,0
6,5494,0
6,5498,0
6,5499,0
6,5500,0
6,5501,0
6,5502,0
6,5503,0
6,5504,0
6,5505,0
6,5506,0
6,5507,0
6,5508,0
6,5521,0
6,5569,0
6,5570,0
6,5571,0
6,5572,0
6,5573,0
6,5574,0
6,5576,0
6,5577,0
6,5581,0
6,5583,0
6,5586,0
6,5587,0
6,5590,0
6,5591,0
6,5592,0
6,5593,0
6,5596,0
6,5597,0
6,5598,0
6,5599,0
6,5600,0
6,5601,0
6,5602,0
6,5603,0
6,5604,0
6,5605,0
6,5606,0
6,5607,0
6,5613,0
6,5614,0
6,5615,0
6,5616,0
6,5634,0
6,5637,0
6,5638,0
6,5640,0
6,5641,0
6,5642,0
6,5643,0
6,5644,0
6,5685,0
6,5703,0
6,5706,0
6,5711,0
6,5712,0
6,5714,0
6,5715,0
6,5716,0
6,5717,0
6,5719,0
6,5747,0
6,5757,0
6,5758,0
6,5826,0
6,5827,0
63,9957,0
63,9964,0
63,9965,0
63,9966,0
63,9967,0
63,9968,0
63,9969,0
63,10155,0
63,11943,0
63,11944,0
63,12055,0
63,12304,0
63,12305,0
63,12306,0
63,12307,0
63,12308,0
63,12309,0
63,12310,0
63,12311,0
63,12312,0
63,12313,0
63,12315,0
63,12317,0
63,12318,0
63,12319,0
63,12394,0
63,12651,0
63,12652,0
63,12689,0
63,12691,0
63,12768,0
63,12796,0
63,12797,0
63,12798,0
63,12862,0
63,12863,0
63,12864,0
63,12865,0
45,3600,0
45,3601,0
45,3603,0
45,3604,0
45,3605,0
45,3606,0
45,3607,0
45,3608,0
45,3666,0
45,3673,0
45,3706,0
45,3710,0
45,3717,0
45,3718,0
45,3724,0
45,3725,0
45,3726,0
45,3728,0
45,3729,0
45,3732,0
45,3733,0
45,3739,0
45,3740,0
45,3741,0
45,3742,0
45,3756,0
45,3758,0
45,3763,0
45,3764,0
45,3765,0
45,3767,0
45,3771,0
45,3778,0
45,3779,0
45,3780,0
45,3787,0
45,3809,0
45,3810,0
45,3811,0
45,3812,0
45,3813,0
45,3814,0
45,3823,0
45,3824,0
45,3831,0
45,3832,0
45,3836,0
45,3837,0
45,3839,0
45,3843,0
45,3844,0
45,3846,0
45,3859,0
45,3874,0
45,3881,0
45,3882,0
45,3883,0
45,3886,0
45,3895,0
45,3900,0
45,3901,0
45,3915,0
45,3926,0
45,3932,0
45,3937,0
45,3945,0
45,3955,0
45,3963,0
45,3968,0
45,4015,0
45,4033,0
45,4034,0
45,4035,0
45,4036,0
45,4037,0
45,4039,0
45,4042,0
45,4077,0
45,4106,0
45,4109,0
45,4121,0
45,4122,0
45,4123,0
45,4128,0
45,4133,0
45,4134,0
45,4135,0
45,4138,0
45,4139,0
45,4140,0
45,4142,0
45,4145,0
45,4146,0
45,4151,0
45,4152,0
45,4153,0
45,4167,0
45,4170,0
45,4192,0
45,4193,0
45,4205,0
45,4211,0
45,4215,0
45,4225,0
45,4230,0
45,4242,0
45,4286,0
45,4287,0
45,4476,0
45,4483,0
45,4488,0
45,4489,0
45,4494,0
45,4548,0
45,4764,0
45,4803,0
45,4810,0
45,4811,0
45,4816,0
45,4817,0
45,4818,0
45,4819,0
45,4825,0
45,4829,0
45,4832,0
45,4836,0
45,4843,0
45,4858,0
45,4860,0
45,4863,0
45,4868,0
45,4872,0
45,4873,0
45,4878,0
45,4879,0
45,4897,0
45,4903,0
45,4913,0
45,4914,0
45,4992,0
45,4998,0
45,5011,0
45,5012,0
45,5013,0
45,5014,0
45,5018,0
45,5022,0
45,7526,0
45,7585,0
45,7586,0
45,7606,0
45,7607,0
45,7617,0
45,7619,0
45,7639,0
45,7641,0
45,7644,0
45,7646,0
45,7647,0
45,7659,0
45,7660,0
45,7661,0
45,7671,0
45,7675,0
45,7677,0
45,7679,0
45,7691,0
45,7692,0
45,7696,0
45,7702,0
45,7703,0
45,7709,0
45,7746,0
45,7751,0
45,7752,0
45,7753,0
45,7754,0
45,7755,0
45,7756,0
45,7757,0
45,7758,0
45,7760,0
45,7761,0
45,7762,0
45,7763,0
45,7764,0
45,7765,0
45,7768,0
45,7769,0
45,7770,0
45,7771,0
45,7773,0
45,7777,0
45,7780,0
45,7789,0
45,7824,0
45,7826,0
45,7837,0
45,7838,0
45,7839,0
45,7840,0
45,7841,0
45,7857,0
45,7858,0
45,7863,0
45,7879,0
45,7880,0
45,7887,0
45,7888,0
45,7889,0
45,7890,0
45,7891,0
45,7898,0
45,7905,0
45,7919,0
45,7920,0
45,7921,0
45,7922,0
45,7923,0
45,7925,0
45,7926,0
45,7927,0
45,7929,0
45,7930,0
45,7932,0
45,7933,0
45,7934,0
45,7944,0
45,7945,0
45,7946,0
45,7947,0
45,7950,0
45,7952,0
45,7953,0
45,7954,0
45,7959,0
45,7960,0
45,7964,0
45,7965,0
45,7966,0
45,7967,0
45,7968,0
45,7969,0
45,7970,0
45,7971,0
45,7973,0
45,7984,0
45,7985,0
45,7986,0
45,7987,0
45,7988,0
45,7989,0
45,7990,0
45,7991,0
45,7992,0
45,7993,0
45,7996,0
45,7997,0
45,7999,0
45,8005,0
45,8011,0
45,8019,0
45,8020,0
45,8029,0
45,8035,0
45,8044,0
45,8045,0
45,8046,0
45,8054,0
45,8058,0
45,8083,0
45,8084,0
45,8085,0
45,8086,0
45,8090,0
45,8091,0
45,8094,0
45,8095,0
45,8096,0
45,8097,0
45,8098,0
45,8099,0
45,8100,0
45,8101,0
45,8102,0
45,8105,0
45,8106,0
45,8112,0
45,8121,0
45,8126,0
45,8127,0
45,8128,0
45,8129,0
45,8133,0
45,8137,0
45,8165,0
45,8175,0
45,8185,0
45,8190,0
45,8208,0
45,8210,0
45,8211,0
45,8245,0
45,8247,0
45,8281,0
45,8286,0
45,8294,0
45,8298,0
45,8304,0
45,8305,0
45,8306,0
45,8307,0
45,8308,0
45,8316,0
45,8317,0
45,8364,0
45,8365,0
45,8366,0
45,8367,0
45,8368,0
45,8369,0
45,8370,0
45,8371,0
45,8372,0
45,8374,0
45,8375,0
45,8377,0
45,8378,0
45,8379,0
45,8380,0
45,8381,0
45,8382,0
45,8383,0
45,8384,0
45,8389,0
45,8390,0
45,8399,0
45,8400,0
45,8402,0
45,8405,0
45,8406,0
45,8410,0
45,8413,0
45,8414,0
45,8415,0
45,8419,0
45,8426,0
45,8440,0
45,8441,0
45,8442,0
45,8459,0
45,8467,0
45,8468,0
45,8469,0
45,8472,0
45,8478,0
45,8527,0
45,8528,0
45,8529,0
45,8532,0
45,8550,0
45,8559,0
45,8568,0
45,8569,0
45,8570,0
45,8571,0
45,8572,0
45,8573,0
45,8575,0
45,8576,0
45,8577,0
45,8578,0
45,8580,0
45,8602,0
45,8614,0
45,8622,0
45,8628,0
45,8629,0
45,8630,0
45,8665,0
45,8675,0
45,8740,0
45,8813,0
45,8839,0
45,8840,0
45,8841,0
45,8842,0
45,8843,0
45,8844,0
45,8845,0
45,8849,0
45,8850,0
45,8853,0
45,8854,0
45,8855,0
45,8856,0
45,8857,0
45,8858,0
45,8859,0
45,8860,0
45,8861,0
45,8862,0
45,8863,0
45,8864,0
45,8865,0
45,8866,0
45,8867,0
45,8868,0
45,8869,0
45,8870,0
45,8871,0
45,8872,0
45,8873,0
45,8874,0
45,8875,0
45,8876,0
45,8877,0
45,8878,0
45,8879,0
45,8880,0
45,8881,0
45,8882,0
45,8883,0
45,8884,0
45,8885,0
45,8886,0
45,8887,0
45,8889,0
45,8890,0
45,8891,0
45,8892,0
45,8893,0
45,8894,0
45,8895,0
45,8896,0
45,8897,0
45,8898,0
45,8899,0
45,8900,0
45,8901,0
45,11807,0
45,11816,0
45,11817,0
45,11820,0
45,11825,0
45,11827,0
45,11828,0
45,11829,0
45,11831,0
45,11832,0
45,11833,0
45,11860,0
45,11882,0
45,11883,0
45,11885,0
45,11888,0
45,11889,0
45,11890,0
45,11891,0
45,11896,0
45,11909,0
45,11911,0
45,11924,0
45,11925,0
45,11926,0
45,11927,0
45,11936,0
45,11937,0
45,11938,0
45,11939,0
45,11940,0
45,11941,0
45,11942,0
45,11943,0
45,11944,0
45,11945,0
45,11946,0
45,11947,0
45,11948,0
45,11949,0
45,11950,0
45,11951,0
45,11952,0
45,11953,0
45,11954,0
45,11955,0
45,11956,0
45,11957,0
45,11958,0
45,11959,0
45,11960,0
45,11961,0
45,11962,0
45,11963,0
45,11964,0
45,11965,0
45,11966,0
45,11969,0
45,11970,0
45,11971,0
45,11973,0
45,11975,0
45,11976,0
45,11978,0
45,11985,0
45,11992,0
45,11997,0
45,11998,0
45,11999,0
45,12000,0
45,12001,0
45,12002,0
45,12003,0
45,12004,0
45,12005,0
45,12006,0
45,12007,0
45,12008,0
45,12009,0
45,12016,0
45,12019,0
45,12037,0
45,12042,0
45,12043,0
45,12044,0
45,12046,0
45,12047,0
45,12048,0
45,12049,0
45,12050,0
45,12051,0
45,12052,0
45,12055,0
45,12059,0
45,12061,0
45,12063,0
45,12064,0
45,12065,0
45,12068,0
45,12071,0
45,12072,0
45,12074,0
45,12075,0
45,12076,0
45,12077,0
45,12078,0
45,12079,0
45,12080,0
45,12081,0
45,12082,0
45,12083,0
45,12085,0
45,12086,0
45,12087,0
45,12088,0
45,12089,0
45,12090,0
45,12091,0
45,12092,0
45,12093,0
45,12094,0
45,12095,0
45,12096,0
45,12097,0
45,12098,0
45,12099,0
45,12100,0
45,12101,0
45,12102,0
45,12103,0
45,12104,0
45,12161,0
45,12162,0
45,12167,0
45,12168,0
45,12169,0
45,12172,0
45,12180,0
45,12181,0
45,12182,0
45,12183,0
45,12184,0
45,12185,0
45,12186,0
45,12187,0
45,12188,0
45,12191,0
45,12192,0
45,12215,0
45,12216,0
45,12248,0
45,12249,0
45,12250,0
45,12251,0
45,12252,0
45,12253,0
45,12254,0
45,12255,0
45,12256,0
45,12260,0
45,12261,0
45,12264,0
45,12265,0
45,12266,0
45,12267,0
45,12268,0
45,12269,0
45,12270,0
45,12271,0
45,12272,0
45,12273,0
45,12274,0
45,12275,0
45,12276,0
45,12277,0
45,12278,0
45,12279,0
45,12280,0
45,12281,0
45,12282,0
45,12283,0
45,12284,0
45,12286,0
45,12287,0
45,12299,0
45,12301,0
45,12303,0
45,12304,0
45,12305,0
45,12311,0
45,12312,0
45,12319,0
45,12320,0
45,12321,0
45,12328,0
45,12329,0
45,12331,0
45,12334,0
45,12339,0
45,12340,0
45,12344,0
45,12345,0
45,12346,0
45,12347,0
45,12348,0
45,12350,0
45,12354,0
45,12355,0
45,12356,0
45,12357,0
45,12359,0
45,12360,0
45,12361,0
45,12362,0
45,12364,0
45,12365,0
45,12366,0
45,12367,0
45,12371,0
45,12373,0
45,12375,0
45,12377,0
45,12381,0
45,12382,0
45,12388,0
45,12393,0
45,12396,0
45,12397,0
45,12398,0
45,12400,0
45,12401,0
45,12402,0
45,12403,0
45,12404,0
45,12405,0
45,12406,0
45,12407,0
45,12408,0
45,12409,0
45,12410,0
45,12411,0
45,12412,0
45,12413,0
45,12414,0
45,12415,0
45,12416,0
45,12417,0
45,12418,0
45,12419,0
45,12420,0
45,12421,0
45,12422,0
45,12423,0
45,12424,0
45,12425,0
45,12426,0
45,12427,0
45,12428,0
45,12429,0
45,12433,0
45,12435,0
45,12436,0
45,12437,0
45,12446,0
45,12448,0
45,12449,0
45,12450,0
45,12451,0
45,12452,0
45,12455,0
45,12461,0
45,12462,0
45,12464,0
45,12466,0
45,12467,0
45,12468,0
45,12469,0
45,12470,0
45,12471,0
45,12472,0
45,12473,0
45,12474,0
45,12475,0
45,12476,0
45,12477,0
45,12485,0
45,12487,0
45,12489,0
45,12493,0
45,12495,0
45,12496,0
45,12505,0
45,12513,0
45,12514,0
45,12522,0
45,12523,0
45,12527,0
45,12532,0
45,12534,0
45,12535,0
45,12536,0
45,12537,0
45,12539,0
45,12540,0
45,12542,0
45,12543,0
45,12544,0
45,12569,0
45,12572,0
45,12573,0
45,12574,0
45,12575,0
45,12576,0
45,12595,0
45,12597,0
45,12598,0
45,12632,0
45,12680,0
45,12696,0
45,12819,0
45,12830,0
45,12838,0
45,12839,0
45,12851,0
45,12852,0
45,12866,0
45,12867,0
45,12868,0
45,12869,0
45,16148,0
45,16150,0
45,16152,0
45,16156,0
45,16215,0
45,16216,0
45,16218,0
45,16225,0
45,16245,0
45,16253,0
45,16254,0
45,16255,0
45,16258,0
45,16259,0
45,16260,0
45,16261,0
45,16262,0
45,16263,0
45,16264,0
45,16266,0
45,16267,0
45,16268,0
45,16279,0
45,16280,0
45,16282,0
45,16303,0
45,16304,0
45,16305,0
45,16306,0
45,16307,0
45,16311,0
45,16312,0
45,16317,0
45,16319,0
45,16323,0
45,16325,0
45,16327,0
45,16328,0
45,16329,0
45,16330,0
45,16331,0
45,16333,0
45,16334,0
45,16335,0
45,16336,0
45,16337,0
45,16339,0
45,16340,0
45,16341,0
45,16342,0
45,16343,0
45,16344,0
45,16345,0
45,16346,0
45,16348,0
45,16349,0
45,16351,0
45,16352,0
45,16353,0
45,16354,0
45,16355,0
45,16356,0
45,16368,0
45,16369,0
45,16370,0
45,16372,0
45,16376,0
45,16377,0
45,16378,0
45,16383,0
45,16384,0
45,16385,0
45,16397,0
45,16407,0
45,16408,0
45,16410,0
45,16411,0
45,16413,0
45,16414,0
45,16418,0
45,16423,0
45,16424,0
45,16430,0
45,16431,0
45,16450,0
45,16451,0
45,16476,0
45,16495,0
45,16561,0
45,16566,0
45,16567,0
45,16622,0
45,16652,0
45,16654,0
45,16655,0
45,16656,0
45,16659,0
45,16660,0
45,16661,0
45,16662,0
45,16663,0
45,16664,0
45,16665,0
45,16666,0
45,16667,0
45,16668,0
45,16669,0
45,16670,0
45,16672,0
45,16673,0
45,16674,0
45,16675,0
45,16677,0
45,16678,0
45,16679,0
45,16680,0
45,16681,0
45,16682,0
45,16683,0
45,16685,0
45,16686,0
45,16688,0
45,16689,0
45,16690,0
45,16691,0
45,16693,0
45,16694,0
45,16695,0
45,16697,0
45,16698,0
45,16700,0
45,16701,0
45,16712,0
45,16714,0
45,16716,0
45,16717,0
45,16719,0
45,16720,0
45,16751,0
45,16755,0
45,16756,0
45,16757,0
45,16770,0
45,16771,0
45,16774,0
45,16778,0
45,16779,0
45,16780,0
45,16781,0
45,16786,0
45,16787,0
45,16788,0
45,16789,0
45,16790,0
45,16791,0
45,16792,0
45,16793,0
45,16796,0
45,16797,0
45,16799,0
45,16800,0
45,16801,0
45,16803,0
45,16804,0
45,16806,0
45,16812,0
45,16819,0
45,16821,0
45,16826,0
45,16829,0
45,16832,0
45,16838,0
45,16851,0
45,16852,0
45,16853,0
45,16863,0
45,16864,0
45,16867,0
45,16870,0
45,16873,0
45,16874,0
45,16886,0
45,16911,0
45,16912,0
45,16913,0
45,16925,0
45,16926,0
45,16933,0
45,16935,0
45,16936,0
45,16938,0
45,16970,0
45,16981,0
45,16983,0
45,16984,0
45,16985,0
45,16986,0
45,16987,0
45,17004,0
45,17154,0
45,17156,0
45,17157,0
45,17158,0
45,17161,0
45,17171,0
45,17179,0
45,17180,0
45,17184,0
45,17191,0
45,17195,0
45,17198,0
45,17200,0
45,17205,0
45,17206,0
45,17207,0
45,17208,0
45,17209,0
45,17210,0
45,17211,0
45,17212,0
45,17213,0
45,17214,0
45,17215,0
45,17216,0
45,17217,0
45,17218,0
45,17219,0
45,17236,0
45,17243,0
45,17273,0
46,4109,0
46,4154,0
46,4213,0
46,4241,0
46,4267,0
46,4268,0
46,4269,0
46,4455,0
46,4456,0
46,4457,0
46,4458,0
46,4479,0
46,4480,0
46,4495,0
46,4496,0
46,4497,0
46,4498,0
46,4499,0
46,4500,0
46,4570,0
46,4642,0
46,4747,0
46,4863,0
46,7557,0
46,7558,0
46,7559,0
46,7560,0
46,7561,0
46,7562,0
46,7563,0
46,7566,0
46,7569,0
46,7571,0
46,7610,0
46,7620,0
46,7630,0
46,7634,0
46,7638,0
46,7641,0
46,7643,0
46,7660,0
46,7667,0
46,7668,0
46,7686,0
46,7687,0
46,7688,0
46,7701,0
46,7702,0
46,7709,0
46,7714,0
46,7715,0
46,7716,0
46,7717,0
46,7721,0
46,7722,0
46,7726,0
46,7727,0
46,7743,0
46,7744,0
46,7745,0
46,7754,0
46,7755,0
46,7763,0
46,7791,0
46,7804,0
46,7812,0
46,7826,0
46,7835,0
46,7836,0
46,7837,0
46,7839,0
46,7840,0
46,7841,0
46,7848,0
46,7868,0
46,7869,0
46,7875,0
46,7876,0
46,7882,0
46,7883,0
46,7884,0
46,7888,0
46,7889,0
46,7895,0
46,7898,0
46,7899,0
46,7900,0
46,7901,0
46,7902,0
46,7903,0
46,7905,0
46,7907,0
46,7908,0
46,7935,0
46,7936,0
46,7950,0
46,7953,0
46,7954,0
46,7956,0
46,8001,0
46,8013,0
46,8014,0
46,8018,0
46,8019,0
46,8027,0
46,8029,0
46,8038,0
46,8040,0
46,8045,0
46,8053,0
46,8054,0
46,8057,0
46,8059,0
46,8071,0
46,8072,0
46,8074,0
46,8075,0
46,8076,0
46,8157,0
46,8158,0
46,8159,0
46,8169,0
46,8173,0
46,8174,0
46,8179,0
46,8180,0
46,8184,0
46,8185,0
46,8186,0
46,8187,0
46,8188,0
46,8189,0
46,8190,0
46,8191,0
46,8192,0
46,8224,0
46,8225,0
46,8238,0
46,8250,0
46,8251,0
46,8252,0
46,8254,0
46,8255,0
46,8256,0
46,8258,0
46,8259,0
46,8260,0
46,8263,0
46,8312,0
46,8313,0
46,8314,0
46,8333,0
46,8334,0
46,8374,0
46,8390,0
46,8391,0
46,8392,0
46,8414,0
46,8420,0
46,8428,0
46,8430,0
46,8443,0
46,8474,0
46,8476,0
46,8478,0
46,8479,0
46,8482,0
46,8483,0
46,8484,0
46,8487,0
46,8490,0
46,8491,0
46,8492,0
46,8533,0
46,8557,0
46,8599,0
46,8600,0
46,8601,0
46,8602,0
46,8603,0
46,8604,0
46,8605,0
46,8606,0
46,8607,0
46,8608,0
46,8609,0
46,8610,0
46,8612,0
46,8613,0
46,8614,0
46,8615,0
46,8616,0
46,8617,0
46,8618,0
46,8621,0
46,8634,0
46,8635,0
46,8636,0
46,8637,0
46,8638,0
46,8639,0
46,8640,0
46,8641,0
46,8645,0
46,8647,0
46,8648,0
46,8649,0
46,8650,0
46,8652,0
46,8653,0
46,8657,0
46,8664,0
46,8665,0
46,8667,0
46,8668,0
46,8669,0
46,8670,0
46,8671,0
46,8672,0
46,8673,0
46,8674,0
46,8676,0
46,8677,0
46,8678,0
46,8679,0
46,8680,0
46,8684,0
46,8685,0
46,8686,0
46,8690,0
46,8691,0
46,8697,0
46,8932,0
46,17181,0
46,17196,0
0,7,0
0,8,0
0,25,0
0,26,0
0,46,0
0,47,0
0,48,0
0,121,0
0,122,0
0,124,0
0,227,0
0,228,0
0,229,0
0,230,0
0,231,0
0,232,0
0,233,0
0,234,0
0,235,0
0,236,0
0,237,0
0,238,0
0,239,0
0,240,0
0,241,0
0,242,0
0,243,0
0,244,0
0,245,0
0,246,0
0,247,0
0,248,0
0,249,0
0,250,0
0,251,0
0,252,0
0,253,0
0,254,0
0,255,0
0,256,0
0,257,0
0,258,0
0,259,0
0,260,0
0,261,0
0,262,0
0,263,0
0,264,0
0,265,0
0,266,0
0,267,0
0,268,0
0,269,0
0,270,0
0,271,0
0,272,0
0,273,0
0,274,0
0,275,0
0,276,0
0,277,0
0,278,0
0,279,0
0,280,0
0,281,0
0,282,0
0,283,0
0,284,0
0,285,0
0,286,0
0,287,0
0,288,0
0,289,0
0,290,0
0,291,0
0,292,0
0,293,0
0,294,0
0,295,0
0,296,0
0,297,0
0,298,0
0,299,0
0,300,0
0,301,0
0,302,0
0,303,0
0,304,0
0,305,0
0,306,0
0,307,0
0,308,0
0,309,0
0,310,0
0,311,0
0,312,0
0,313,0
0,314,0
0,315,0
0,316,0
0,317,0
0,318,0
0,319,0
0,320,0
0,321,0
0,322,0
0,323,0
0,324,0
0,325,0
0,326,0
0,327,0
0,328,0
0,329,0
0,330,0
0,331,0
0,332,0
0,333,0
0,334,0
0,335,0
0,336,0
0,337,0
0,338,0
0,339,0
0,340,0
0,341,0
0,342,0
0,343,0
0,344,0
0,345,0
0,346,0
0,347,0
0,348,0
0,349,0
0,350,0
0,351,0
0,352,0
0,353,0
0,354,0
0,355,0
0,356,0
0,357,0
0,358,0
0,359,0
0,360,0
0,361,0
0,362,0
0,363,0
0,364,0
0,365,0
0,366,0
0,367,0
0,371,0
0,372,0
0,373,0
0,374,0
0,375,0
0,376,0
0,377,0
0,378,0
0,379,0
0,380,0
0,381,0
0,382,0
0,383,0
0,384,0
0,385,0
0,386,0
0,387,0
0,388,0
0,389,0
0,390,0
0,391,0
0,392,0
0,393,0
0,394,0
0,395,0
0,396,0
0,397,0
0,398,0
0,400,0
0,403,0
0,404,0
0,409,0
0,411,0
0,413,0
0,415,0
0,423,0
0,424,0
0,425,0
0,426,0
0,428,0
0,463,0
0,464,0
0,507,0
0,509,0
0,510,0
0,514,0
0,533,0
0,534,0
0,535,0
0,536,0
0,537,0
0,538,0
0,539,0
0,540,0
0,541,0
0,542,0
0,544,0
0,545,0
0,546,0
0,547,0
0,550,0
0,551,0
0,552,0
0,554,0
0,555,0
0,556,0
0,566,0
0,567,0
0,568,0
0,569,0
0,571,0
0,576,0
0,577,0
0,583,0
0,584,0
0,586,0
0,588,0
0,590,0
0,592,0
0,593,0
0,594,0
0,595,0
0,596,0
0,602,0
0,603,0
0,607,0
0,609,0
0,613,0
0,614,0
0,615,0
0,616,0
0,629,0
0,631,0
0,635,0
0,636,0
0,637,0
0,638,0
0,639,0
0,640,0
0,665,0
0,706,0
0,720,0
0,721,0
0,722,0
0,723,0
0,724,0
0,725,0
0,726,0
0,727,0
0,736,0
0,737,0
0,789,0
0,797,0
0,798,0
0,799,0
0,800,0
0,802,0
0,803,0
0,824,0
0,825,0
0,923,0
0,926,0
0,928,0
0,929,0
0,932,0
0,934,0
0,935,0
0,937,0
0,938,0
0,944,0
0,947,0
0,948,0
0,949,0
0,950,0
0,952,0
0,953,0
0,954,0
0,956,0
0,961,0
0,962,0
0,963,0
0,964,0
0,968,0
0,970,0
0,971,0
0,972,0
0,973,0
0,974,0
0,975,0
0,976,0
0,977,0
0,978,0
0,981,0
0,983,0
0,989,0
0,991,0
0,992,0
0,993,0
0,994,0
0,996,0
0,997,0
0,998,0
0,999,0
0,1000,0
0,1001,0
0,1002,0
0,1004,0
0,1007,0
0,1008,0
0,1010,0
0,1022,0
0,3565,0
0,3596,0
0,3597,0
0,3609,0
0,3610,0
0,3611,0
0,3612,0
0,3613,0
0,3617,0
0,3619,0
0,3621,0
0,3624,0
0,3625,0
0,3627,0
0,3628,0
0,3648,0
0,3649,0
0,3656,0
0,3669,0
0,3670,0
0,3681,0
0,3690,0
0,3715,0
0,3720,0
0,3739,0
0,3743,0
0,3744,0
0,3755,0
0,3772,0
0,3777,0
0,3778,0
0,3779,0
0,3788,0
0,3793,0
0,3807,0
0,3808,0
0,3812,0
0,3816,0
0,3818,0
0,3819,0
0,3820,0
0,3821,0
0,3823,0
0,3824,0
0,3826,0
0,3827,0
0,3832,0
0,3833,0
0,3834,0
0,3835,0
0,3845,0
0,3847,0
0,3848,0
0,3849,0
0,3850,0
0,3851,0
0,3852,0
0,3854,0
0,3855,0
0,3856,0
0,3857,0
0,3858,0
0,3859,0
0,3860,0
0,3861,0
0,3863,0
0,3864,0
0,3865,0
0,3866,0
0,3867,0
0,3868,0
0,3876,0
0,3877,0
0,3878,0
0,3879,0
0,3880,0
0,3881,0
0,3882,0
0,3883,0
0,3884,0
0,3885,0
0,3886,0
0,3887,0
0,3888,0
0,3890,0
0,3891,0
0,3892,0
0,3894,0
0,3895,0
0,3896,0
0,3897,0
0,3898,0
0,3900,0
0,3901,0
0,3902,0
0,3903,0
0,3904,0
0,3905,0
0,3911,0
0,3912,0
0,3916,0
0,3917,0
0,3918,0
0,3921,0
0,3922,0
0,3923,0
0,3925,0
0,3927,0
0,3933,0
0,3934,0
0,3936,0
0,3937,0
0,3938,0
0,3940,0
0,3943,0
0,3946,0
0,3951,0
0,3952,0
0,3955,0
0,3956,0
0,3957,0
0,3958,0
0,3959,0
0,3962,0
0,3963,0
0,3965,0
0,3967,0
0,3968,0
0,3969,0
0,3970,0
0,3971,0
0,3972,0
0,3974,0
0,3975,0
0,3977,0
0,3978,0
0,3980,0
0,3981,0
0,3982,0
0,3983,0
0,3984,0
0,3985,0
0,3986,0
0,3987,0
0,3988,0
0,3989,0
0,3990,0
0,3992,0
0,3993,0
0,3994,0
0,3995,0
0,3996,0
0,3997,0
0,3998,0
0,3999,0
0,4001,0
0,4004,0
0,4005,0
0,4006,0
0,4007,0
0,4008,0
0,4009,0
0,4010,0
0,4011,0
0,4012,0
0,4013,0
0,4014,0
0,4015,0
0,4018,0
0,4019,0
0,4020,0
0,4021,0
0,4022,0
0,4023,0
0,4024,0
0,4025,0
0,4026,0
0,4028,0
0,4029,0
0,4030,0
0,4031,0
0,4032,0
0,4033,0
0,4034,0
0,4035,0
0,4036,0
0,4037,0
0,4038,0
0,4039,0
0,4040,0
0,4041,0
0,4042,0
0,4043,0
0,4044,0
0,4045,0
0,4046,0
0,4047,0
0,4048,0
0,4049,0
0,4050,0
0,4051,0
0,4054,0
0,4055,0
0,4056,0
0,4057,0
0,4058,0
0,4059,0
0,4060,0
0,4062,0
0,4063,0
0,4064,0
0,4065,0
0,4066,0
0,4067,0
0,4068,0
0,4069,0
0,4070,0
0,4071,0
0,4072,0
0,4074,0
0,4075,0
0,4076,0
0,4077,0
0,4078,0
0,4079,0
0,4080,0
0,4081,0
0,4086,0
0,4089,0
0,4090,0
0,4094,0
0,4095,0
0,4096,0
0,4097,0
0,4098,0
0,4099,0
0,4101,0
0,4102,0
0,4103,0
0,4104,0
0,4105,0
0,4106,0
0,4107,0
0,4108,0
0,4109,0
0,4112,0
0,4113,0
0,4116,0
0,4117,0
0,4118,0
0,4120,0
0,4121,0
0,4123,0
0,4127,0
0,4128,0
0,4129,0
0,4130,0
0,4131,0
0,4132,0
0,4133,0
0,4134,0
0,4135,0
0,4136,0
0,4137,0
0,4138,0
0,4139,0
0,4141,0
0,4142,0
0,4143,0
0,4144,0
0,4145,0
0,4146,0
0,4148,0
0,4149,0
0,4157,0
0,4158,0
0,4169,0
0,4170,0
0,4171,0
0,4172,0
0,4175,0
0,4181,0
0,4182,0
0,4193,0
0,4194,0
0,4197,0
0,4198,0
0,4199,0
0,4201,0
0,4210,0
0,4211,0
0,4222,0
0,4223,0
0,4224,0
0,4225,0
0,4226,0
0,4227,0
0,4228,0
0,4229,0
0,4230,0
0,4231,0
0,4233,0
0,4234,0
0,4236,0
0,4243,0
0,5335,0
0,5336,0
0,5344,0
0,5345,0
0,5346,0
0,5347,0
0,5348,0
0,5349,0
0,5350,0
0,5351,0
0,5352,0
0,5353,0
0,5354,0
0,5355,0
0,5356,0
0,5357,0
0,5358,0
0,7883,0
0,7884,0
0,7885,0
0,7886,0
0,7887,0
0,7888,0
0,7889,0
0,7890,0
0,7891,0
0,7892,0
0,7893,0
0,7912,0
0,7914,0
0,7926,0
0,7929,0
0,7946,0
0,8128,0
0,8138,0
0,8165,0
0,8166,0
0,8176,0
0,8178,0
0,8179,0
0,8181,0
0,8182,0
0,8194,0
0,8195,0
0,8196,0
0,8199,0
0,8201,0
0,8208,0
0,8209,0
0,8213,0
0,8214,0
0,8215,0
0,8216,0
0,8217,0
0,8218,0
0,8219,0
0,8220,0
0,8221,0
0,8225,0
0,8227,0
0,8234,0
0,8235,0
0,8236,0
0,8238,0
0,8239,0
0,8240,0
0,8246,0
0,8257,0
0,8259,0
0,8277,0
0,8280,0
0,8281,0
0,8282,0
0,8283,0
0,8284,0
0,8285,0
0,8287,0
0,8290,0
0,8291,0
0,8292,0
0,8293,0
0,8294,0
0,8295,0
0,8296,0
0,8299,0
0,8300,0
0,8302,0
0,8303,0
0,8304,0
0,8307,0
0,8348,0
0,8397,0
0,8404,0
0,8405,0
0,8406,0
0,8407,0
0,8415,0
0,8416,0
0,8417,0
0,8418,0
0,8419,0
0,8420,0
0,8421,0
0,8422,0
0,8423,0
0,8435,0
0,8438,0
0,8439,0
0,8440,0
0,8441,0
0,8442,0
0,8443,0
0,8445,0
0,8446,0
0,8447,0
0,8448,0
0,8449,0
0,8450,0
0,8451,0
0,8453,0
0,8454,0
0,8455,0
0,8456,0
0,8457,0
0,8458,0
0,8462,0
0,8464,0
0,8466,0
0,8467,0
0,8468,0
0,8469,0
0,8470,0
0,8471,0
0,8472,0
0,8473,0
0,8474,0
0,8475,0
0,8476,0
0,8477,0
0,8478,0
0,8479,0
0,8480,0
0,8481,0
0,8484,0
0,8485,0
0,8486,0
0,8487,0
0,8488,0
0,8489,0
0,8490,0
0,8492,0
0,8493,0
0,8495,0
0,8496,0
0,8498,0
0,8499,0
0,8500,0
0,8501,0
0,8502,0
0,8503,0
0,8504,0
0,8505,0
0,8506,0
0,8507,0
0,8508,0
0,8509,0
0,8510,0
0,8511,0
0,8512,0
0,8513,0
0,8514,0
0,8515,0
0,8516,0
0,8517,0
0,8518,0
0,8546,0
0,8548,0
0,8549,0
0,8550,0
0,8551,0
0,8553,0
0,8554,0
0,8555,0
0,8562,0
0,8567,0
0,8575,0
0,8576,0
0,8597,0
0,8604,0
0,8606,0
0,8607,0
0,8609,0
0,8614,0
0,8623,0
0,8624,0
0,8625,0
0,8626,0
0,8627,0
0,8628,0
0,8631,0
0,8636,0
0,8637,0
0,8638,0
0,8643,0
0,8644,0
0,8645,0
0,8646,0
0,8647,0
0,8649,0
0,8650,0
0,8651,0
0,8652,0
0,8653,0
0,8657,0
0,8665,0
0,8667,0
0,8668,0
0,8671,0
0,8673,0
0,8674,0
0,8677,0
0,8680,0
0,8681,0
0,8686,0
0,8692,0
0,8693,0
0,8695,0
0,8696,0
0,8698,0
0,8708,0
0,8713,0
0,8724,0
0,8728,0
0,8729,0
0,8731,0
0,8732,0
0,8734,0
0,8736,0
0,8739,0
0,8746,0
0,8791,0
0,8792,0
0,8793,0
0,8795,0
0,8796,0
0,8797,0
0,8798,0
0,8799,0
0,8800,0
0,8801,0
0,8807,0
0,8808,0
0,8810,0
0,8811,0
0,8821,0
0,8823,0
0,8825,0
0,8826,0
0,8828,0
0,8829,0
0,8830,0
0,8831,0
0,8832,0
0,8833,0
0,8834,0
0,8835,0
0,8840,0
0,8848,0
0,8849,0
0,8850,0
0,8857,0
0,8860,0
0,8862,0
0,9039,0
0,9040,0
0,9041,0
0,9054,0
0,9070,0
0,9071,0
0,9072,0
0,9073,0
0,9074,0
0,9089,0
0,9102,0
0,9105,0
0,9106,0
0,9107,0
0,9108,0
0,9109,0
0,9110,0
0,9111,0
0,9112,0
0,9113,0
0,9114,0
0,9115,0
0,9116,0
0,9117,0
0,9119,0
0,9120,0
0,9153,0
0,9158,0
0,9164,0
0,9165,0
0,9166,0
0,9182,0
0,9183,0
0,9184,0
0,9185,0
0,9186,0
0,9189,0
0,9190,0
0,9191,0
0,9192,0
0,9193,0
0,9195,0
0,9197,0
0,9200,0
0,9201,0
0,9202,0
0,9203,0
0,9204,0
0,9205,0
0,9206,0
0,9207,0
0,9208,0
0,9209,0
0,9214,0
0,9215,0
0,9216,0
0,9217,0
0,9218,0
0,9219,0
0,9222,0
0,9223,0
0,9224,0
0,9225,0
0,9226,0
0,9227,0
0,9228,0
0,9230,0
0,9234,0
0,9235,0
0,9236,0
0,9237,0
0,9238,0
0,9239,0
0,9240,0
0,9241,0
0,9242,0
0,9243,0
0,9244,0
0,9245,0
0,9246,0
0,9248,0
0,9251,0
0,9252,0
0,9253,0
0,9254,0
0,9255,0
0,9256,0
0,9257,0
0,9258,0
0,9259,0
0,9260,0
0,9261,0
0,9262,0
0,9263,0
0,9264,0
0,9265,0
0,9266,0
0,9267,0
0,9269,0
0,9270,0
0,9271,0
0,9272,0
0,9273,0
0,9274,0
0,9275,0
0,9276,0
0,9277,0
0,9278,0
0,9279,0
0,9280,0
0,9281,0
0,9282,0
0,9283,0
0,9284,0
0,9285,0
0,9289,0
0,9290,0
0,9291,0
0,9292,0
0,9293,0
0,9294,0
0,9295,0
0,9296,0
0,9297,0
0,9299,0
0,9301,0
0,9302,0
0,9303,0
0,9304,0
0,9307,0
0,9308,0
0,9309,0
0,9310,0
0,9312,0
0,9313,0
0,9315,0
0,9316,0
0,9317,0
0,9318,0
0,9320,0
0,9321,0
0,9322,0
0,9324,0
0,9325,0
0,9335,0
0,9341,0
0,9348,0
0,9349,0
0,9350,0
0,9351,0
0,9352,0
0,9353,0
0,9359,0
0,9380,0
0,9381,0
0,9383,0
0,9387,0
0,9388,0
0,9396,0
0,9397,0
0,9399,0
0,9410,0
0,9415,0
0,9418,0
0,9419,0
0,9421,0
0,9423,0
0,9424,0
0,9425,0
0,9435,0
0,9436,0
0,9443,0
0,9444,0
0,9445,0
0,9447,0
0,9448,0
0,9450,0
0,9451,0
0,9455,0
0,9459,0
0,9473,0
0,9487,0
0,9488,0
0,9489,0
0,9490,0
0,9491,0
0,9492,0
0,9493,0
0,9494,0
0,9500,0
0,9501,0
0,9502,0
0,9503,0
0,9514,0
0,9517,0
0,9518,0
0,9522,0
0,9524,0
0,9525,0
0,9531,0
0,9532,0
0,9533,0
0,9534,0
0,9539,0
0,9541,0
0,9543,0
0,9580,0
0,9588,0
0,9672,0
0,12198,0
0,12199,0
0,12212,0
0,12217,0
0,12218,0
0,12219,0
0,12220,0
0,12221,0
0,12226,0
0,12227,0
0,12231,0
0,12234,0
0,12235,0
0,12236,0
0,12238,0
0,12239,0
0,12240,0
0,12246,0
0,12247,0
0,12252,0
0,12253,0
0,12254,0
0,12255,0
0,12256,0
0,12258,0
0,12261,0
0,12262,0
0,12263,0
0,12303,0
0,12312,0
0,12318,0
0,12319,0
0,12322,0
0,12323,0
0,12324,0
0,12382,0
0,12384,0
0,12385,0
0,12387,0
0,12389,0
0,12390,0
0,12391,0
0,12392,0
0,12394,0
0,12401,0
0,12402,0
0,12403,0
0,12415,0
0,12416,0
0,12417,0
0,12418,0
0,12419,0
0,12420,0
0,12421,0
0,12422,0
0,12423,0
0,12424,0
0,12489,0
0,12493,0
0,12495,0
0,12496,0
0,12497,0
0,12498,0
0,12499,0
0,12523,0
0,12524,0
0,12525,0
0,12526,0
0,12527,0
0,12528,0
0,12529,0
0,12530,0
0,12531,0
0,12532,0
0,12533,0
0,12534,0
0,12535,0
0,12536,0
0,12537,0
0,12538,0
0,12539,0
0,12540,0
0,12541,0
0,12542,0
0,12543,0
0,12544,0
0,12545,0
0,12546,0
0,12547,0
0,12552,0
0,12553,0
0,12554,0
0,12555,0
0,12556,0
0,12558,0
0,12559,0
0,12560,0
0,12561,0
0,12562,0
0,12563,0
0,12564,0
0,12565,0
0,12566,0
0,12567,0
0,12568,0
0,12569,0
0,12570,0
0,12571,0
0,12572,0
0,12573,0
0,12574,0
0,12575,0
0,12576,0
0,12577,0
0,12578,0
0,12579,0
0,12580,0
0,12589,0
0,12590,0
0,12591,0
0,12592,0
0,12593,0
0,12594,0
0,12595,0
0,12596,0
0,12609,0
0,12622,0
0,12625,0
0,12628,0
0,12629,0
0,12630,0
0,12631,0
0,12632,0
0,12633,0
0,12635,0
0,12636,0
0,12637,0
0,12638,0
0,12645,0
0,12646,0
0,12652,0
0,12654,0
0,12656,0
0,12657,0
0,12658,0
0,12659,0
0,12660,0
0,12661,0
0,12665,0
0,12666,0
0,12667,0
0,12674,0
0,12675,0
0,12677,0
0,12679,0
0,12680,0
0,12681,0
0,12683,0
0,12684,0
0,12685,0
0,12687,0
0,12690,0
0,12691,0
0,12692,0
0,12711,0
0,12719,0
0,12734,0
0,12735,0
0,12739,0
0,12740,0
0,12741,0
0,12742,0
0,12743,0
0,12745,0
0,12747,0
0,12759,0
0,12760,0
0,12773,0
0,12779,0
0,12780,0
0,12786,0
0,12787,0
0,12788,0
0,12789,0
0,12790,0
0,12792,0
0,12793,0
0,12794,0
0,12795,0
0,12796,0
0,12797,0
0,12798,0
0,12799,0
0,12818,0
0,12820,0
0,12822,0
0,12835,0
0,12836,0
0,12847,0
0,12848,0
0,12849,0
0,12856,0
0,12857,0
0,12862,0
0,12863,0
0,12864,0
0,12865,0
0,12866,0
0,12867,0
0,12868,0
0,12869,0
0,12870,0
0,12871,0
0,12872,0
0,12873,0
0,12874,0
0,12875,0
0,12876,0
0,12878,0
0,12879,0
0,12880,0
0,12882,0
0,12893,0
0,12895,0
0,12896,0
0,12897,0
0,12898,0
0,12899,0
0,12900,0
0,12901,0
0,12902,0
0,12903,0
0,12904,0
0,12905,0
0,12906,0
0,12907,0
0,12908,0
0,12910,0
0,12911,0
0,12912,0
0,12916,0
0,12917,0
0,12919,0
0,12920,0
0,12921,0
0,12922,0
0,12923,0
0,12924,0
0,12925,0
0,12926,0
0,12927,0
0,12928,0
0,12929,0
0,12936,0
0,12937,0
0,12938,0
0,12939,0
0,12940,0
0,12942,0
0,12943,0
0,12946,0
0,12947,0
0,12961,0
0,12962,0
0,12963,0
0,12964,0
0,12965,0
0,12966,0
0,12967,0
0,12969,0
0,12970,0
0,12971,0
0,12972,0
0,12973,0
0,12974,0
0,12975,0
0,12976,0
0,12977,0
0,12978,0
0,12979,0
0,12980,0
0,12981,0
0,12982,0
0,12983,0
0,12984,0
0,12985,0
0,12986,0
0,12987,0
0,13011,0
0,13036,0
0,13037,0
0,13038,0
0,13040,0
0,13047,0
0,13055,0
0,13063,0
0,13065,0
0,13066,0
0,13067,0
0,13071,0
0,13072,0
0,13073,0
0,13075,0
0,13077,0
0,13083,0
0,13085,0
0,13086,0
0,13087,0
0,13088,0
0,13089,0
0,13090,0
0,13093,0
0,13094,0
0,13095,0
0,13096,0
0,13098,0
0,13105,0
0,13106,0
0,13107,0
0,13108,0
0,13109,0
0,13111,0
0,13112,0
0,13113,0
0,13116,0
0,13118,0
0,13119,0
0,13120,0
0,13121,0
0,13122,0
0,13123,0
0,13124,0
0,13134,0
0,13136,0
0,13149,0
0,13150,0
0,13151,0
0,13152,0
0,13163,0
0,13164,0
0,13165,0
0,13168,0
0,13174,0
0,13177,0
0,13183,0
0,13184,0
0,13191,0
0,13192,0
0,13193,0
0,13194,0
0,13197,0
0,13199,0
0,13204,0
0,13206,0
0,13207,0
0,13211,0
0,13213,0
0,13217,0
0,13218,0
0,13219,0
0,13220,0
0,13263,0
0,13276,0
0,13278,0
0,13283,0
0,13294,0
0,13299,0
0,13303,0
0,13308,0
0,13310,0
0,13318,0
0,13319,0
0,13322,0
0,13323,0
0,13344,0
0,13352,0
0,13353,0
0,13354,0
0,13355,0
0,13356,0
0,13357,0
0,13358,0
0,13359,0
0,13388,0
0,13397,0
0,13400,0
0,13403,0
0,13404,0
0,13405,0
0,13432,0
0,13448,0
0,13518,0
0,13525,0
0,13537,0
0,13538,0
0,13539,0
0,13540,0
0,13590,0
0,13591,0
0,13594,0
0,13595,0
0,13596,0
0,13599,0
0,13600,0
0,13601,0
0,13602,0
0,13603,0
0,13604,0
0,13605,0
0,13606,0
0,13607,0
0,13608,0
0,13610,0
0,13611,0
0,13612,0
0,13613,0
0,13614,0
0,13615,0
0,13616,0
0,13621,0
0,13622,0
0,13623,0
0,13624,0
0,13625,0
0,13627,0
0,13653,0
0,13694,0
0,13788,0
0,13789,0
0,13791,0
0,13792,0
0,13795,0
0,13796,0
0,13830,0
0,13888,0
0,13905,0
0,13908,0
0,13951,0
0,13952,0
0,13973,0
0,16515,0
0,16522,0
0,16528,0
0,16529,0
0,16530,0
0,16531,0
0,16532,0
0,16533,0
0,16534,0
0,16535,0
0,16536,0
0,16537,0
0,16538,0
0,16560,0
0,16561,0
0,16562,0
0,16563,0
0,16564,0
0,16565,0
0,16691,0
0,16694,0
0,16695,0
0,16696,0
0,16697,0
0,16700,0
0,16701,0
0,16705,0
0,16706,0
0,16730,0
0,16731,0
0,16735,0
0,16738,0
0,16739,0
0,16740,0
0,16741,0
0,16745,0
0,16750,0
0,16751,0
0,16752,0
0,16761,0
0,16763,0
0,16794,0
0,16795,0
0,16796,0
0,16797,0
0,16798,0
0,16799,0
0,16800,0
0,16810,0
0,16813,0
0,16814,0
0,16821,0
0,16824,0
0,16825,0
0,16826,0
0,16827,0
0,16828,0
0,16851,0
0,16852,0
0,16853,0
0,16854,0
0,16855,0
0,16856,0
0,16857,0
0,16858,0
0,16859,0
0,16861,0
0,16863,0
0,16864,0
0,16869,0
0,16870,0
0,16871,0
0,16872,0
0,16873,0
0,16874,0
0,16875,0
0,16876,0
0,16877,0
0,16878,0
0,16879,0
0,16880,0
0,16881,0
0,16882,0
0,16883,0
0,16884,0
0,16886,0
0,16887,0
0,16888,0
0,16889,0
0,16890,0
0,16902,0
0,16903,0
0,16904,0
0,16905,0
0,16908,0
0,16909,0
0,16910,0
0,16911,0
0,16912,0
0,16913,0
0,16914,0
0,16915,0
0,16916,0
0,16917,0
0,16918,0
0,16919,0
0,16924,0
0,16936,0
0,16937,0
0,16939,0
0,16940,0
0,16941,0
0,16944,0
0,16945,0
0,16947,0
0,16950,0
0,16951,0
0,16958,0
0,16962,0
0,16963,0
0,16964,0
0,16965,0
0,16966,0
0,16967,0
0,16968,0
0,16972,0
0,16991,0
0,16992,0
0,17010,0
0,17012,0
0,17013,0
0,17015,0
0,17016,0
0,17019,0
0,17020,0
0,17021,0
0,17034,0
0,17036,0
0,17037,0
0,17038,0
0,17039,0
0,17040,0
0,17041,0
0,17042,0
0,17043,0
0,17044,0
0,17045,0
0,17046,0
0,17088,0
0,17089,0
0,17113,0
0,17114,0
0,17135,0
0,17136,0
0,17137,0
0,17138,0
0,17139,0
0,17140,0
0,17141,0
0,17142,0
0,17149,0
0,17151,0
0,17152,0
0,17153,0
0,17154,0
0,17155,0
0,17156,0
0,17159,0
0,17160,0
0,17166,0
0,17167,0
0,17168,0
0,17169,0
0,17170,0
0,17171,0
0,17185,0
0,17213,0
0,17217,0
0,17218,0
0,17219,0
0,17220,0
0,17221,0
0,17222,0
0,17223,0
0,17229,0
0,17231,0
0,17232,0
0,17233,0
0,17234,0
0,17235,0
0,17236,0
0,17239,0
0,17240,0
0,17241,0
0,17242,0
0,17243,0
0,17244,0
0,17246,0
0,17249,0
0,17252,0
0,17253,0
0,17267,0
0,17268,0
0,17272,0
0,17273,0
0,17305,0
0,17310,0
0,17311,0
0,17312,0
0,17313,0
0,17314,0
0,17315,0
0,17316,0
0,17317,0
0,17318,0
0,17319,0
0,17329,0
0,17332,0
0,17334,0
18,218,0
18,336,0
18,403,0
18,457,0
18,465,0
18,466,0
18,468,0
18,471,0
18,474,0
18,475,0
18,476,0
18,477,0
18,478,0
18,479,0
18,480,0
18,481,0
18,482,0
18,483,0
18,484,0
18,485,0
18,486,0
18,487,0
18,488,0
18,489,0
18,490,0
18,491,0
18,498,0
18,499,0
18,623,0
18,659,0
18,660,0
18,661,0
18,662,0
18,663,0
18,664,0
18,665,0
18,670,0
18,673,0
18,674,0
18,675,0
18,676,0
18,678,0
18,679,0
18,681,0
18,682,0
18,683,0
18,684,0
18,685,0
18,686,0
18,687,0
18,688,0
18,689,0
18,690,0
18,692,0
18,693,0
18,694,0
18,695,0
18,696,0
18,697,0
18,698,0
18,699,0
18,700,0
18,701,0
18,719,0
18,720,0
18,811,0
18,817,0
18,829,0
18,838,0
18,839,0
18,917,0
18,918,0
18,919,0
18,922,0
18,967,0
18,973,0
18,996,0
18,1004,0
18,1005,0
18,1007,0
18,1010,0
18,1011,0
18,1012,0
18,1014,0
18,1017,0
18,1018,0
18,1019,0
18,1025,0
18,1026,0
18,1027,0
18,1036,0
18,1041,0
18,1042,0
18,1044,0
18,1045,0
18,1047,0
18,1048,0
18,1049,0
18,1050,0
18,1051,0
18,1052,0
18,1055,0
18,1063,0
18,1071,0
18,1073,0
18,1074,0
18,1075,0
18,1080,0
18,1081,0
18,1082,0
18,1083,0
18,1084,0
18,1086,0
18,1087,0
18,1088,0
18,1089,0
18,1090,0
18,1091,0
18,1092,0
18,1093,0
18,1094,0
18,1096,0
18,1099,0
18,1100,0
18,1101,0
18,1102,0
18,1103,0
18,1104,0
18,1105,0
18,1106,0
18,1108,0
18,1109,0
18,1110,0
18,1111,0
18,1112,0
18,1113,0
18,1114,0
18,1115,0
18,1117,0
18,1118,0
18,1119,0
18,1120,0
18,1121,0
18,1122,0
18,1123,0
18,1124,0
18,1127,0
18,1131,0
18,1132,0
18,1133,0
18,1135,0
18,1136,0
18,1139,0
18,1149,0
18,1152,0
18,1166,0
18,1167,0
18,1179,0
18,1180,0
18,1198,0
18,1230,0
18,1233,0
18,4322,0
18,4349,0
18,4361,0
18,4365,0
18,4369,0
18,4374,0
18,4392,0
18,4393,0
18,4394,0
18,4395,0
18,4401,0
18,4404,0
18,4419,0
18,4421,0
18,4422,0
18,4423,0
18,4425,0
18,4426,0
18,4427,0
18,4429,0
18,4435,0
18,4488,0
18,4529,0
18,4537,0
18,4588,0
18,4708,0
18,4717,0
18,4718,0
18,4719,0
18,4720,0
18,4721,0
18,4722,0
18,4723,0
18,4724,0
18,4725,0
18,4726,0
18,4728,0
18,4735,0
18,4736,0
18,4737,0
18,4739,0
18,4753,0
18,4757,0
18,4798,0
18,4846,0
18,4853,0
18,4862,0
18,4865,0
18,4868,0
18,4876,0
18,4877,0
18,4878,0
18,4879,0
18,4885,0
18,4887,0
18,4953,0
18,4954,0
18,4959,0
18,5079,0
18,5080,0
18,5082,0
18,5083,0
18,5084,0
18,5085,0
18,5086,0
18,5091,0
18,5093,0
18,5094,0
18,5095,0
18,5098,0
18,5124,0
18,5126,0
18,5243,0
18,5244,0
18,5247,0
18,5248,0
18,5249,0
18,5252,0
18,5253,0
18,5254,0
18,5260,0
18,5261,0
18,5262,0
18,5263,0
18,5266,0
18,5268,0
18,5269,0
18,5270,0
18,5271,0
18,5272,0
18,5273,0
18,5276,0
18,5279,0
18,5282,0
18,5284,0
18,5285,0
18,5287,0
18,5288,0
18,5290,0
18,5292,0
18,5325,0
18,5326,0
18,5327,0
18,5328,0
18,5329,0
18,5330,0
18,5331,0
18,5332,0
18,5333,0
18,5337,0
18,5341,0
18,5344,0
18,5347,0
18,5348,0
18,5350,0
18,5351,0
18,5354,0
18,5359,0
18,5360,0
18,5361,0
18,5362,0
18,5363,0
18,5364,0
18,5373,0
18,5374,0
18,5381,0
18,5382,0
18,5461,0
18,5466,0
18,5470,0
18,5473,0
18,5474,0
18,5478,0
18,5480,0
18,5481,0
18,5482,0
18,5483,0
18,5484,0
18,5485,0
18,5486,0
18,5488,0
18,5489,0
18,5490,0
18,5491,0
18,5492,0
18,5496,0
18,5505,0
18,5519,0
18,5540,0
18,5541,0
18,5546,0
18,5553,0
18,8638,0
18,8645,0
18,8646,0
18,8647,0
18,8666,0
18,8669,0
18,8683,0
18,8684,0
18,8689,0
18,8690,0
18,8695,0
18,8696,0
18,8703,0
18,8707,0
18,8711,0
18,8717,0
18,8718,0
18,8722,0
18,8729,0
18,8730,0
18,8732,0
18,8735,0
18,8738,0
18,8741,0
18,8743,0
18,8744,0
18,8745,0
18,8746,0
18,8747,0
18,8748,0
18,8749,0
18,8750,0
18,8751,0
18,8752,0
18,8753,0
18,8754,0
18,8755,0
18,8756,0
18,8757,0
18,8758,0
18,8759,0
18,8760,0
18,8761,0
18,8763,0
18,8764,0
18,8765,0
18,8766,0
18,8769,0
18,8774,0
18,8776,0
18,8781,0
18,8783,0
18,8814,0
18,8817,0
18,8819,0
18,8820,0
18,8821,0
18,8822,0
18,8823,0
18,8824,0
18,8826,0
18,8845,0
18,8848,0
18,8849,0
18,8850,0
18,8859,0
18,8865,0
18,8880,0
18,8894,0
18,8895,0
18,8896,0
18,8983,0
18,8985,0
18,8992,0
18,8995,0
18,8996,0
18,9000,0
18,9003,0
18,9005,0
18,9008,0
18,9009,0
18,9047,0
18,9052,0
18,9056,0
18,9057,0
18,9058,0
18,9068,0
18,9069,0
18,9242,0
18,9246,0
18,9247,0
18,9248,0
18,9249,0
18,9250,0
18,9287,0
18,9288,0
18,9289,0
18,9295,0
18,9316,0
18,9317,0
18,9320,0
18,9447,0
18,9448,0
18,9458,0
18,9470,0
18,9472,0
18,9528,0
18,9529,0
18,9532,0
18,9536,0
18,9553,0
18,9555,0
18,9556,0
18,9562,0
18,9572,0
18,9576,0
18,9577,0
18,9579,0
18,9581,0
18,9588,0
18,9589,0
18,9591,0
18,9592,0
18,9593,0
18,9594,0
18,9596,0
18,9597,0
18,9598,0
18,9605,0
18,9606,0
18,9650,0
18,9670,0
18,9671,0
18,9672,0
18,9673,0
18,9699,0
18,9832,0
18,9841,0
18,9851,0
18,9856,0
7,3330,0
7,3331,0
7,3336,0
7,3363,0
7,3365,0
7,3372,0
7,3373,0
7,3374,0
7,3375,0
7,3376,0
7,3377,0
7,3382,0
7,3383,0
7,3385,0
7,3386,0
7,3387,0
7,3389,0
7,3390,0
7,3391,0
7,3414,0
7,3415,0
7,3417,0
7,3418,0
7,3424,0
7,3425,0
7,3433,0
7,3434,0
7,3439,0
7,3444,0
7,3445,0
7,3446,0
7,3447,0
7,3448,0
7,3474,0
7,3485,0
7,3494,0
7,3503,0
7,3506,0
7,3528,0
7,3537,0
7,3538,0
7,3539,0
7,3541,0
7,3542,0
7,3568,0
7,3569,0
7,3570,0
7,3573,0
7,3574,0
7,3575,0
7,3576,0
7,3577,0
7,3578,0
7,3579,0
7,3582,0
7,3583,0
7,3586,0
7,3587,0
7,3588,0
7,3589,0
7,3591,0
7,3601,0
7,3602,0
7,3603,0
7,3608,0
7,3609,0
7,3620,0
7,3621,0
7,3622,0
7,3623,0
7,3628,0
7,3629,0
7,3665,0
7,3673,0
7,3735,0
7,3746,0
7,3747,0
7,3831,0
7,3862,0
7,3867,0
7,3873,0
7,3885,0
7,3886,0
7,3909,0
7,3911,0
7,3912,0
7,3915,0
7,3918,0
7,4064,0
7,4183,0
7,4184,0
7,4185,0
7,4186,0
7,4187,0
7,4193,0
7,4194,0
7,4195,0
7,4202,0
7,4211,0
7,4212,0
7,4216,0
7,4217,0
7,4218,0
7,4219,0
7,4220,0
7,4223,0
7,4249,0
7,4250,0
7,4251,0
7,4252,0
7,4253,0
7,4254,0
7,4255,0
7,4256,0
7,4257,0
7,4262,0
7,4294,0
7,4443,0
7,7586,0
7,7587,0
7,7588,0
7,7605,0
7,7618,0
7,7624,0
7,7629,0
7,7637,0
7,7638,0
7,7639,0
7,7640,0
7,7641,0
7,7642,0
7,7644,0
7,7645,0
7,7646,0
7,7647,0
7,7648,0
7,7649,0
7,7650,0
7,7651,0
7,7652,0
7,7658,0
7,7705,0
7,7706,0
7,7707,0
7,7708,0
7,7711,0
7,7712,0
7,7713,0
7,7749,0
7,7754,0
7,7755,0
7,7756,0
7,7757,0
7,7758,0
7,7760,0
7,7761,0
7,7763,0
7,7802,0
7,7803,0
7,7804,0
7,7805,0
7,7806,0
7,7807,0
7,7808,0
7,7809,0
7,7810,0
7,7814,0
7,7815,0
7,7827,0
7,7829,0
7,7832,0
7,7834,0
7,7835,0
7,7836,0
7,7838,0
7,7839,0
7,7840,0
7,7845,0
7,7846,0
7,7847,0
7,7848,0
7,7849,0
7,7850,0
7,7851,0
7,7852,0
7,7854,0
7,7856,0
7,7857,0
7,7859,0
7,7861,0
7,7862,0
7,7863,0
7,7864,0
7,7904,0
7,7905,0
7,7924,0
7,7960,0
7,7961,0
7,7962,0
7,7966,0
7,7968,0
7,7979,0
7,7983,0
7,7988,0
7,7991,0
7,7992,0
7,7993,0
7,7997,0
7,7998,0
7,8000,0
7,8001,0
7,8003,0
7,8004,0
7,8006,0
7,8007,0
7,8009,0
7,8011,0
7,8012,0
7,8013,0
7,8014,0
7,8121,0
7,8174,0
7,8175,0
7,8239,0
7,8250,0
7,8251,0
7,8253,0
7,8255,0
7,8257,0
7,8259,0
7,8260,0
7,8267,0
7,8304,0
7,8305,0
7,8308,0
7,8310,0
7,8374,0
7,8377,0
7,8378,0
7,8382,0
7,8383,0
7,8384,0
7,8387,0
7,8388,0
7,8393,0
7,8407,0
7,8408,0
7,8440,0
7,8479,0
7,8482,0
7,8483,0
7,8487,0
7,8488,0
7,8489,0
7,8490,0
7,8501,0
7,8519,0
7,8521,0
7,8528,0
7,8529,0
7,8531,0
7,8532,0
7,8533,0
7,8536,0
7,8538,0
7,8540,0
7,8541,0
7,8542,0
7,8543,0
7,8548,0
7,8549,0
7,8553,0
7,8554,0
7,8555,0
7,8564,0
7,8576,0
7,8577,0
7,8593,0
7,8596,0
7,8597,0
7,8598,0
7,8600,0
7,8601,0
7,8603,0
7,8607,0
7,8632,0
7,8635,0
7,8636,0
7,8637,0
7,8640,0
7,8648,0
7,8649,0
7,8650,0
7,8664,0
7,8665,0
7,8666,0
7,8667,0
7,8668,0
7,8673,0
7,8674,0
7,8677,0
7,8678,0
7,8679,0
7,8680,0
7,8681,0
7,8682,0
7,8686,0
7,8743,0
7,8774,0
7,8775,0
7,8776,0
7,8777,0
7,8792,0
7,8793,0
7,8794,0
7,8802,0
7,8803,0
7,8804,0
7,8805,0
7,8807,0
7,8809,0
7,8836,0
7,8896,0
7,11907,0
7,11908,0
7,11909,0
7,11910,0
7,11911,0
7,11912,0
7,11913,0
7,11916,0
7,11917,0
7,11918,0
7,11919,0
7,11920,0
7,11921,0
7,11922,0
7,11923,0
7,11924,0
7,11925,0
7,11926,0
7,11927,0
7,11928,0
7,11929,0
7,11930,0
7,11931,0
7,11932,0
7,11933,0
7,11934,0
7,11935,0
7,11936,0
7,11938,0
7,11939,0
7,11940,0
7,11942,0
7,11943,0
7,11944,0
7,11965,0
7,11966,0
7,11978,0
7,11979,0
7,11989,0
7,11990,0
7,12000,0
7,12001,0
7,12002,0
7,12003,0
7,12004,0
7,12005,0
7,12007,0
7,12008,0
7,12009,0
7,12010,0
7,12011,0
7,12012,0
7,12013,0
7,12014,0
7,12018,0
7,12019,0
7,12020,0
7,12021,0
7,12022,0
7,12023,0
7,12024,0
7,12025,0
7,12026,0
7,12027,0
7,12028,0
7,12029,0
7,12051,0
7,12052,0
7,12053,0
7,12054,0
7,12055,0
7,12056,0
7,12057,0
7,12058,0
7,12059,0
7,12060,0
7,12061,0
7,12062,0
7,12063,0
7,12064,0
7,12065,0
7,12066,0
7,12067,0
7,12069,0
7,12070,0
7,12072,0
7,12073,0
7,12074,0
7,12075,0
7,12076,0
7,12077,0
7,12078,0
7,12079,0
7,12081,0
7,12082,0
7,12084,0
7,12088,0
7,12089,0
7,12090,0
7,12091,0
7,12092,0
7,12093,0
7,12094,0
7,12099,0
7,12100,0
7,12101,0
7,12102,0
7,12103,0
7,12104,0
7,12105,0
7,12106,0
7,12107,0
7,12108,0
7,12109,0
7,12110,0
7,12111,0
7,12137,0
7,12138,0
7,12140,0
7,12141,0
7,12142,0
7,12143,0
7,12144,0
7,12159,0
7,12160,0
7,12161,0
7,12162,0
7,12163,0
7,12164,0
7,12166,0
7,12167,0
7,12168,0
7,12169,0
7,12170,0
7,12171,0
7,12172,0
7,12173,0
7,12174,0
7,12175,0
7,12176,0
7,12177,0
7,12178,0
7,12179,0
7,12180,0
7,12181,0
7,12182,0
7,12184,0
7,12185,0
7,12186,0
7,12187,0
7,12188,0
7,12190,0
7,12195,0
7,12196,0
7,12199,0
7,12202,0
7,12203,0
7,12209,0
7,12210,0
7,12212,0
7,12214,0
7,12215,0
7,12216,0
7,12223,0
7,12224,0
7,12225,0
7,12228,0
7,12232,0
7,12234,0
7,12238,0
7,12239,0
7,12240,0
7,12242,0
7,12245,0
7,12247,0
7,12250,0
7,12251,0
7,12253,0
7,12254,0
7,12255,0
7,12256,0
7,12257,0
7,12258,0
7,12259,0
7,12260,0
7,12261,0
7,12262,0
7,12263,0
7,12264,0
7,12265,0
7,12266,0
7,12267,0
7,12268,0
7,12269,0
7,12271,0
7,12272,0
7,12273,0
7,12274,0
7,12275,0
7,12276,0
7,12277,0
7,12278,0
7,12280,0
7,12281,0
7,12288,0
7,12289,0
7,12290,0
7,12291,0
7,12295,0
7,12296,0
7,12297,0
7,12299,0
7,12300,0
7,12301,0
7,12302,0
7,12303,0
7,12304,0
7,12305,0
7,12306,0
7,12307,0
7,12308,0
7,12309,0
7,12310,0
7,12311,0
7,12312,0
7,12313,0
7,12314,0
7,12315,0
7,12316,0
7,12317,0
7,12318,0
7,12319,0
7,12320,0
7,12322,0
7,12329,0
7,12330,0
7,12331,0
7,12339,0
7,12340,0
7,12346,0
7,12347,0
7,12348,0
7,12349,0
7,12350,0
7,12351,0
7,12352,0
7,12353,0
7,12355,0
7,12356,0
7,12357,0
7,12358,0
7,12361,0
7,12362,0
7,12363,0
7,12364,0
7,12365,0
7,12367,0
7,12368,0
7,12369,0
7,12370,0
7,12371,0
7,12372,0
7,12380,0
7,12381,0
7,12382,0
7,12383,0
7,12389,0
7,12390,0
7,12391,0
7,12392,0
7,12394,0
7,12395,0
7,12400,0
7,12401,0
7,12413,0
7,12414,0
7,12427,0
7,12438,0
7,12439,0
7,12440,0
7,12441,0
7,12447,0
7,12448,0
7,12450,0
7,12456,0
7,12478,0
7,12479,0
7,12481,0
7,12482,0
7,12483,0
7,12493,0
7,12494,0
7,12495,0
7,12496,0
7,12497,0
7,12498,0
7,12499,0
7,12504,0
7,12505,0
7,12553,0
7,12566,0
7,12567,0
7,12568,0
7,12569,0
7,12571,0
7,12578,0
7,12579,0
7,12580,0
7,12581,0
7,12582,0
7,12583,0
7,12584,0
7,12585,0
7,12586,0
7,12587,0
7,12588,0
7,12589,0
7,12590,0
7,12591,0
7,12592,0
7,12593,0
7,12594,0
7,12595,0
7,12596,0
7,12597,0
7,12598,0
7,12599,0
7,12600,0
7,12601,0
7,12602,0
7,12603,0
7,12605,0
7,12606,0
7,12607,0
7,12608,0
7,12609,0
7,12610,0
7,12611,0
7,12612,0
7,12613,0
7,12614,0
7,12615,0
7,12616,0
7,12617,0
7,12618,0
7,12619,0
7,12620,0
7,12621,0
7,12622,0
7,12623,0
7,12624,0
7,12625,0
7,12626,0
7,12627,0
7,12628,0
7,12629,0
7,12630,0
7,12631,0
7,12632,0
7,12633,0
7,12634,0
7,12635,0
7,12636,0
7,12637,0
7,12638,0
7,12645,0
7,12646,0
7,12647,0
7,12648,0
7,12649,0
7,12650,0
7,12651,0
7,12669,0
7,12672,0
7,12673,0
7,12674,0
7,12679,0
7,12680,0
7,12681,0
7,12682,0
7,12684,0
7,12688,0
7,12689,0
7,12690,0
7,12691,0
7,12699,0
7,12700,0
7,12706,0
7,12711,0
7,12712,0
7,12713,0
7,12719,0
7,12723,0
7,12724,0
7,12733,0
7,12740,0
7,12743,0
7,12744,0
7,12745,0
7,12747,0
7,12748,0
7,12749,0
7,12750,0
7,12751,0
7,12752,0
7,12753,0
7,12754,0
7,12756,0
7,12757,0
7,12759,0
7,12760,0
7,12761,0
7,12762,0
7,12763,0
7,12764,0
7,12765,0
7,12766,0
7,12769,0
7,12770,0
7,12771,0
7,12772,0
7,12773,0
7,12774,0
7,12776,0
7,12777,0
7,12778,0
7,12779,0
7,12780,0
7,12781,0
7,12782,0
7,12784,0
7,12785,0
7,12786,0
7,12787,0
7,12788,0
7,12789,0
7,12790,0
7,12791,0
7,12792,0
7,12793,0
7,12794,0
7,12795,0
7,12796,0
7,12797,0
7,12798,0
7,12799,0
7,12801,0
7,12802,0
7,12803,0
7,12804,0
7,12805,0
7,12806,0
7,12807,0
7,12808,0
7,12809,0
7,12810,0
7,12812,0
7,12813,0
7,12814,0
7,12815,0
7,12816,0
7,12817,0
7,12818,0
7,12819,0
7,12820,0
7,12821,0
7,12822,0
7,12823,0
7,12824,0
7,12825,0
7,12826,0
7,12827,0
7,12828,0
7,12829,0
7,12831,0
7,12832,0
7,12836,0
7,12837,0
7,12838,0
7,12840,0
7,12841,0
7,12842,0
7,12843,0
7,12844,0
7,12846,0
7,12847,0
7,12850,0
7,12852,0
7,12854,0
7,12856,0
7,12860,0
7,12863,0
7,12868,0
7,12869,0
7,12872,0
7,12873,0
7,12875,0
7,12876,0
7,12877,0
7,12878,0
7,12879,0
7,12880,0
7,12881,0
7,12882,0
7,12883,0
7,12884,0
7,12885,0
7,12886,0
7,12887,0
7,12888,0
7,12889,0
7,12890,0
7,12893,0
7,12894,0
7,12895,0
7,12896,0
7,12897,0
7,12898,0
7,12899,0
7,12900,0
7,12904,0
7,12905,0
7,12906,0
7,12907,0
7,12908,0
7,12921,0
7,12922,0
7,12923,0
7,12924,0
7,12925,0
7,12926,0
7,12927,0
7,12928,0
7,12929,0
7,12930,0
7,12931,0
7,12933,0
7,12934,0
7,12935,0
7,12936,0
7,12937,0
7,12938,0
7,12939,0
7,12940,0
7,12941,0
7,12942,0
7,12943,0
7,12944,0
7,12945,0
7,12947,0
7,12948,0
7,12949,0
7,12950,0
7,12951,0
7,12952,0
7,12953,0
7,12954,0
7,12955,0
7,12956,0
7,12957,0
7,12961,0
7,12962,0
7,12963,0
7,12964,0
7,12968,0
7,12969,0
7,12970,0
7,12974,0
7,12975,0
7,12976,0
7,12977,0
7,12978,0
7,12981,0
7,12982,0
7,12985,0
7,12990,0
7,12991,0
7,12992,0
7,12993,0
7,12994,0
7,12997,0
7,13004,0
7,13013,0
7,13014,0
7,13015,0
7,13021,0
7,13025,0
7,13037,0
7,13038,0
7,13039,0
7,13043,0
7,13047,0
7,13048,0
7,13050,0
7,13055,0
7,13063,0
7,13065,0
7,13068,0
7,13069,0
7,13070,0
7,13071,0
7,13072,0
7,13073,0
7,13077,0
7,13078,0
7,13079,0
7,13080,0
7,13084,0
7,13086,0
7,13087,0
7,13089,0
7,13090,0
7,13095,0
7,13096,0
7,13097,0
7,13099,0
7,13100,0
7,13103,0
7,13104,0
7,13109,0
7,13111,0
7,13114,0
7,13115,0
7,13122,0
7,13125,0
7,13128,0
7,13130,0
7,13131,0
7,13145,0
7,13149,0
7,13150,0
7,13153,0
7,13154,0
7,13155,0
7,13156,0
7,13157,0
7,13158,0
7,13159,0
7,13160,0
7,13161,0
7,13162,0
7,13163,0
7,13164,0
7,13165,0
7,13166,0
7,13167,0
7,13168,0
7,13169,0
7,13170,0
7,13171,0
7,13172,0
7,13173,0
7,13174,0
7,13175,0
7,13176,0
7,13177,0
7,13178,0
7,13179,0
7,13180,0
7,13181,0
7,13182,0
7,13186,0
7,13187,0
7,13188,0
7,13189,0
7,13190,0
7,13191,0
7,13193,0
7,13194,0
7,13195,0
7,13196,0
7,13197,0
7,13198,0
7,13200,0
7,13201,0
7,13202,0
7,13203,0
7,13204,0
7,13205,0
7,13206,0
7,13207,0
7,16261,0
7,16262,0
7,16263,0
7,16264,0
7,16265,0
7,16266,0
7,16267,0
7,16268,0
7,16269,0
7,16270,0
7,16271,0
7,16272,0
7,16273,0
7,16274,0
7,16275,0
7,16276,0
7,16277,0
7,16278,0
7,16280,0
7,16281,0
7,16282,0
7,16283,0
7,16284,0
7,16285,0
7,16292,0
7,16293,0
7,16294,0
7,16295,0
7,16296,0
7,16297,0
7,16298,0
7,16299,0
7,16300,0
7,16301,0
7,16302,0
7,16303,0
7,16304,0
7,16306,0
7,16309,0
7,16313,0
7,16315,0
7,16316,0
7,16319,0
7,16320,0
7,16321,0
7,16322,0
7,16323,0
7,16324,0
7,16325,0
7,16326,0
7,16327,0
7,16328,0
7,16329,0
7,16331,0
7,16332,0
7,16333,0
7,16335,0
7,16336,0
7,16337,0
7,16338,0
7,16339,0
7,16340,0
7,16341,0
7,16342,0
7,16346,0
7,16347,0
7,16348,0
7,16349,0
7,16350,0
7,16351,0
7,16357,0
7,16358,0
7,16359,0
7,16360,0
7,16361,0
7,16368,0
7,16370,0
7,16371,0
7,16372,0
7,16373,0
7,16374,0
7,16375,0
7,16376,0
7,16377,0
7,16378,0
7,16379,0
7,16380,0
7,16381,0
7,16382,0
7,16384,0
7,16385,0
7,16386,0
7,16387,0
7,16388,0
7,16389,0
7,16390,0
7,16391,0
7,16392,0
7,16393,0
7,16394,0
7,16395,0
7,16396,0
7,16397,0
7,16398,0
7,16399,0
7,16400,0
7,16401,0
7,16402,0
7,16403,0
7,16404,0
7,16406,0
7,16407,0
7,16408,0
7,16409,0
7,16410,0
7,16411,0
7,16412,0
7,16413,0
7,16414,0
7,16415,0
7,16416,0
7,16417,0
7,16418,0
7,16419,0
7,16420,0
7,16421,0
7,16426,0
7,16429,0
7,16430,0
7,16433,0
7,16434,0
7,16435,0
7,16438,0
7,16439,0
7,16440,0
7,16441,0
7,16442,0
7,16443,0
7,16444,0
7,16445,0
7,16446,0
7,16447,0
7,16448,0
7,16451,0
7,16452,0
7,16453,0
7,16454,0
7,16455,0
7,16456,0
7,16457,0
7,16465,0
7,16466,0
7,16467,0
7,16468,0
7,16471,0
7,16473,0
7,16479,0
7,16480,0
7,16482,0
7,16483,0
7,16484,0
7,16485,0
7,16489,0
7,16490,0
7,16491,0
7,16492,0
7,16493,0
7,16494,0
7,16498,0
7,16500,0
7,16501,0
7,16502,0
7,16503,0
7,16504,0
7,16505,0
7,16506,0
7,16507,0
7,16509,0
7,16510,0
7,16511,0
7,16512,0
7,16513,0
7,16514,0
7,16515,0
7,16516,0
7,16517,0
7,16518,0
7,16519,0
7,16520,0
7,16521,0
7,16522,0
7,16523,0
7,16524,0
7,16525,0
7,16526,0
7,16527,0
7,16528,0
7,16529,0
7,16530,0
7,16533,0
7,16534,0
7,16535,0
7,16536,0
7,16537,0
7,16538,0
7,16539,0
7,16540,0
7,16541,0
7,16542,0
7,16543,0
7,16544,0
7,16545,0
7,16546,0
7,16547,0
7,16548,0
7,16549,0
7,16550,0
7,16551,0
7,16552,0
7,16553,0
7,16554,0
7,16555,0
7,16556,0
7,16557,0
7,16558,0
7,16559,0
7,16560,0
7,16561,0
7,16562,0
7,16563,0
7,16565,0
7,16566,0
7,16567,0
7,16568,0
7,16569,0
7,16571,0
7,16572,0
7,16574,0
7,16575,0
7,16576,0
7,16578,0
7,16580,0
7,16581,0
7,16582,0
7,16583,0
7,16584,0
7,16588,0
7,16589,0
7,16590,0
7,16591,0
7,16592,0
7,16593,0
7,16594,0
7,16596,0
7,16597,0
7,16598,0
7,16599,0
7,16600,0
7,16601,0
7,16602,0
7,16603,0
7,16604,0
7,16605,0
7,16607,0
7,16615,0
7,16623,0
7,16624,0
7,16625,0
7,16626,0
7,16627,0
7,16628,0
7,16629,0
7,16630,0
7,16631,0
7,16632,0
7,16633,0
7,16635,0
7,16636,0
7,16641,0
7,16642,0
7,16643,0
7,16644,0
7,16645,0
7,16646,0
7,16647,0
7,16648,0
7,16649,0
7,16650,0
7,16651,0
7,16652,0
7,16653,0
7,16654,0
7,16655,0
7,16656,0
7,16657,0
7,16658,0
7,16659,0
7,16660,0
7,16661,0
7,16662,0
7,16663,0
7,16664,0
7,16665,0
7,16666,0
7,16671,0
7,16672,0
7,16680,0
7,16681,0
7,16682,0
7,16683,0
7,16684,0
7,16685,0
7,16688,0
7,16705,0
7,16706,0
7,16707,0
7,16709,0
7,16710,0
7,16711,0
7,16712,0
7,16713,0
7,16714,0
7,16716,0
7,16717,0
7,16718,0
7,16721,0
7,16722,0
7,16723,0
7,16725,0
7,16726,0
7,16727,0
7,16728,0
7,16729,0
7,16732,0
7,16733,0
7,16734,0
7,16735,0
7,16737,0
7,16739,0
7,16740,0
7,16742,0
7,16743,0
7,16744,0
7,16745,0
7,16747,0
7,16748,0
7,16749,0
7,16751,0
7,16754,0
7,16755,0
7,16757,0
7,16758,0
7,16759,0
7,16760,0
7,16767,0
7,16768,0
7,16769,0
7,16770,0
7,16771,0
7,16772,0
7,16775,0
7,16776,0
7,16777,0
7,16778,0
7,16780,0
7,16781,0
7,16782,0
7,16783,0
7,16784,0
7,16785,0
7,16786,0
7,16787,0
7,16788,0
7,16791,0
7,16792,0
7,16793,0
7,16794,0
7,16795,0
7,16796,0
7,16797,0
7,16798,0
7,16799,0
7,16800,0
7,16801,0
7,16802,0
7,16803,0
7,16804,0
7,16805,0
7,16806,0
7,16807,0
7,16808,0
7,16809,0
7,16810,0
7,16811,0
7,16812,0
7,16813,0
7,16814,0
7,16815,0
7,16816,0
7,16817,0
7,16818,0
7,16819,0
7,16820,0
7,16821,0
7,16822,0
7,16823,0
7,16824,0
7,16825,0
7,16826,0
7,16829,0
7,16830,0
7,16831,0
7,16832,0
7,16833,0
7,16834,0
7,16835,0
7,16837,0
7,16838,0
7,16839,0
7,16840,0
7,16841,0
7,16842,0
7,16843,0
7,16845,0
7,16846,0
7,16847,0
7,16850,0
7,16852,0
7,16861,0
7,16862,0
7,16863,0
7,16864,0
7,16867,0
7,16868,0
7,16869,0
7,16871,0
7,16872,0
7,16875,0
7,16881,0
7,16882,0
7,16883,0
7,16884,0
7,16885,0
7,16901,0
7,16902,0
7,16903,0
7,16904,0
7,16905,0
7,16908,0
7,16909,0
7,16911,0
7,16912,0
7,16913,0
7,16914,0
7,16915,0
7,16916,0
7,16917,0
7,16918,0
7,16919,0
7,16920,0
7,16921,0
7,16922,0
7,16923,0
7,16924,0
7,16925,0
7,16926,0
7,16927,0
7,16928,0
7,16929,0
7,16930,0
7,16931,0
7,16932,0
7,16933,0
7,16934,0
7,16935,0
7,16937,0
7,16938,0
7,16942,0
7,16952,0
7,16962,0
7,16967,0
7,16968,0
7,16970,0
7,16971,0
7,16972,0
7,16991,0
7,16992,0
7,16993,0
7,16994,0
7,16995,0
7,16996,0
7,16997,0
7,16998,0
7,16999,0
7,17000,0
7,17001,0
7,17002,0
7,17003,0
7,17004,0
7,17006,0
7,17012,0
7,17013,0
7,17014,0
7,17015,0
7,17016,0
7,17017,0
7,17018,0
7,17019,0
7,17020,0
7,17021,0
7,17022,0
7,17023,0
7,17025,0
7,17026,0
7,17027,0
7,17028,0
7,17029,0
7,17030,0
7,17031,0
7,17032,0
7,17033,0
7,17034,0
7,17035,0
7,17036,0
7,17037,0
7,17038,0
7,17039,0
7,17040,0
7,17041,0
7,17044,0
7,17045,0
7,17046,0
7,17048,0
7,17049,0
7,17050,0
7,17051,0
7,17052,0
7,17053,0
7,17054,0
7,17055,0
7,17056,0
7,17057,0
7,17058,0
7,17059,0
7,17060,0
7,17061,0
7,17062,0
7,17063,0
7,17064,0
7,17065,0
7,17073,0
7,17077,0
7,17078,0
7,17079,0
7,17087,0
7,17092,0
7,17093,0
7,17094,0
7,17095,0
7,17096,0
7,17097,0
7,17098,0
7,17099,0
7,17100,0
7,17104,0
7,17115,0
7,17131,0
7,17132,0
7,17141,0
7,17142,0
7,17143,0
7,17144,0
7,17145,0
7,17155,0
7,17157,0
7,17158,0
7,17159,0
7,17160,0
7,17162,0
7,17163,0
7,17164,0
7,17165,0
7,17173,0
7,17174,0
7,17175,0
7,17201,0
7,17202,0
7,17203,0
7,17204,0
7,17205,0
7,17209,0
7,17210,0
7,17211,0
7,17212,0
7,17213,0
7,17214,0
7,17215,0
7,17216,0
7,17222,0
7,17223,0
7,17224,0
7,17225,0
7,17226,0
7,17227,0
7,17242,0
7,17317,0
7,17318,0
7,17319,0
7,17320,0
7,17321,0
7,17322,0
7,17323,0
7,17324,0
7,17325,0
7,17329,0
7,17330,0
7,17331,0
7,17332,0
7,17333,0
7,17334,0
7,17335,0
7,17336,0
7,17337,0
7,17338,0
7,17339,0
7,17340,0
7,17341,0
7,17342,0
7,17343,0
7,17344,0
7,17345,0
7,17346,0
7,17347,0
7,17348,0
7,17349,0
7,17350,0
7,17351,0
7,17352,0
7,17353,0
7,17354,0
7,17355,0
7,17356,0
7,17357,0
7,17358,0
7,17359,0
7,17360,0
7,17361,0
7,17362,0
7,17363,0
7,17364,0
7,17365,0
7,17366,0
7,17367,0
7,17369,0
7,17374,0
7,17375,0
7,17376,0
7,17377,0
7,17378,0
7,17379,0
7,17380,0
7,17382,0
28,9168,0
28,9194,0
28,9198,0
28,9200,0
28,9201,0
28,9202,0
28,9204,0
28,9205,0
28,9209,0
28,9776,0
28,9777,0
28,9778,0
28,9779,0
28,9780,0
28,10280,0
28,11642,0
28,11643,0
28,11646,0
28,11648,0
28,11652,0
28,11947,0
28,12111,0
28,12112,0
28,12238,0
28,12245,0
28,12483,0
28,12484,0
28,12485,0
28,12487,0
28,12488,0
28,12489,0
28,12490,0
28,12492,0
28,12493,0
28,12494,0
28,12495,0
28,12496,0
28,12499,0
28,12500,0
28,12504,0
28,12505,0
28,12507,0
28,12509,0
28,12510,0
28,12511,0
28,12512,0
28,12527,0
28,12528,0
28,12529,0
28,12530,0
28,12531,0
28,12533,0
28,12534,0
28,12536,0
28,12539,0
28,12540,0
28,12542,0
28,12543,0
28,12544,0
28,12545,0
28,12547,0
28,12555,0
28,12556,0
28,12557,0
28,12558,0
28,12559,0
28,12560,0
28,12561,0
28,12564,0
28,12565,0
28,12955,0
28,12956,0
28,14677,0
28,16268,0
28,16269,0
28,16270,0
28,16271,0
28,16272,0
28,16273,0
28,16276,0
28,16278,0
28,16279,0
28,16280,0
28,16281,0
28,16282,0
28,16283,0
28,16284,0
28,16285,0
28,16306,0
28,16307,0
28,16476,0
28,16724,0
28,16725,0
28,16726,0
28,16729,0
28,17206,0
28,17207,0
28,17292,0
28,17293,0
28,17294,0
47,3660,0
47,3758,0
47,3759,0
47,3779,0
47,3803,0
47,3805,0
47,3822,0
47,3823,0
47,3825,0
47,3830,0
47,3831,0
47,3832,0
47,3834,0
47,3836,0
47,3851,0
47,3856,0
47,3864,0
47,3868,0
47,3875,0
47,3877,0
47,3890,0
47,3891,0
47,3892,0
47,3893,0
47,3895,0
47,3896,0
47,3898,0
47,3909,0
47,3910,0
47,3912,0
47,3913,0
47,3916,0
47,3917,0
47,3923,0
47,3926,0
47,3931,0
47,3939,0
47,3957,0
47,3958,0
47,3991,0
47,4000,0
47,4001,0
47,4006,0
47,4008,0
47,4009,0
47,4018,0
47,4019,0
47,4026,0
47,4028,0
47,4029,0
47,4035,0
47,4036,0
47,4041,0
47,4042,0
47,4046,0
47,4047,0
47,4071,0
47,4072,0
47,4073,0
47,4074,0
47,4075,0
47,4087,0
47,4089,0
47,7935,0
47,7936,0
47,7942,0
47,7943,0
47,8133,0
47,8134,0
47,8149,0
47,8154,0
47,8156,0
47,8157,0
47,8171,0
47,8172,0
47,8177,0
47,8178,0
47,8180,0
47,8184,0
47,8185,0
47,8207,0
47,8208,0
47,8209,0
47,8216,0
47,8219,0
47,8231,0
47,8234,0
47,8235,0
47,8236,0
47,8237,0
47,8239,0
47,8246,0
47,8247,0
47,8248,0
47,8249,0
47,8250,0
47,8251,0
47,8252,0
47,8253,0
47,8254,0
47,8255,0
47,8256,0
47,8257,0
47,8258,0
47,8259,0
47,8267,0
47,8269,0
47,8270,0
47,8271,0
47,8272,0
47,8273,0
47,8275,0
47,8276,0
47,8281,0
47,8285,0
47,8286,0
47,8291,0
47,8292,0
47,8293,0
47,8294,0
47,8295,0
47,8296,0
47,8297,0
47,8298,0
47,8299,0
47,8300,0
47,8301,0
47,8303,0
47,8304,0
47,8306,0
47,8307,0
47,8308,0
47,8309,0
47,8312,0
47,8313,0
47,8314,0
47,8315,0
47,8316,0
47,8321,0
47,8343,0
47,8344,0
47,8345,0
47,8346,0
47,8348,0
47,8350,0
47,8353,0
47,8354,0
47,8355,0
47,8356,0
47,8357,0
47,8358,0
47,8360,0
47,8361,0
47,8363,0
47,8364,0
47,8367,0
47,8377,0
47,8382,0
47,8383,0
47,8384,0
47,8385,0
47,8386,0
47,8387,0
47,8388,0
47,8389,0
47,8390,0
47,8392,0
47,8407,0
47,8409,0
47,8410,0
47,8411,0
47,8412,0
47,8413,0
47,8416,0
47,8417,0
47,8418,0
47,8419,0
47,8433,0
47,8434,0
47,8435,0
47,8438,0
47,8439,0
47,8440,0
47,8441,0
47,8442,0
47,8443,0
47,8444,0
47,8445,0
47,8446,0
47,8447,0
47,8448,0
47,8449,0
47,8450,0
47,8451,0
47,8452,0
47,8453,0
47,8454,0
47,8455,0
47,8456,0
47,8458,0
47,8461,0
47,8470,0
47,8471,0
47,8473,0
47,8474,0
47,8475,0
47,8476,0
47,8477,0
47,8478,0
47,12285,0
47,12379,0
47,12388,0
47,12389,0
47,12390,0
47,12391,0
47,12407,0
47,12409,0
47,12410,0
47,12411,0
47,12412,0
47,12429,0
47,12430,0
47,12433,0
47,12480,0
47,12482,0
47,12483,0
47,12485,0
47,12486,0
47,12488,0
47,12489,0
47,12490,0
47,12499,0
47,12500,0
47,12501,0
47,12514,0
47,12515,0
47,12516,0
66,10327,0
66,10368,0
66,10369,0
66,11613,0
66,11614,0
66,14742,0
66,14743,0
66,14744,0
66,14756,0
66,14779,0
66,14780,0
66,15206,0
66,15605,0
66,15622,0
66,15623,0
0,2929,1
45,14508,1
7,5031,1
6,1462,1
7,9930,1
46,5199,1
45,9173,1
0,14528,1
0,9908,1
7,14686,1
0,3008,1
18,1619,1
7,4982,1
45,6274,1
7,15401,1
0,5752,1
45,4381,1
45,15533,1
7,11624,1
47,7694,1
47,7454,1
7,16213,1
0,5831,1
18,2391,1
45,10354,1
0,11329,1
7,8067,1
45,10081,1
7,5670,1
7,4123,1
7,6308,1
28,13816,1
45,10807,1
46,7220,1
0,6777,1
7,13683,1
45,14713,1
0,4516,1
7,6259,1
45,14200,1
45,4602,1
45,5491,1
7,14495,1
0,1617,1
6,1986,1
6,1724,1
45,9899,1
0,4584,1
0,15998,1
0,9987,1
7,15210,1
45,5726,1
6,4345,1
7,5719,1
0,14250,1
45,15738,1
45,15225,1
46,16665,1
0,3406,1
0,16356,1
0,9630,1
45,11080,1
18,8252,1
0,16435,1
0,5910,1
0,11408,1
7,6357,1
7,14447,1
7,10871,1
46,9705,1
7,5866,1
7,10118,1
7,4492,1
0,6856,1
28,10620,1
7,5817,1
6,2248,1
0,11013,1
7,15974,1
47,11333,1
0,4789,1
47,9429,1
7,15115,1
0,11092,1
18,8059,1
7,5768,1
28,15074,1
7,5277,1
45,7291,1
28,15472,1
45,7447,1
45,15430,1
7,5522,1
7,7143,1
18,7480,1
7,4590,1
0,2730,1
7,5228,1
47,6732,1
0,1339,1
7,9742,1
7,14256,1
7,7094,1
0,2054,1
7,4541,1
0,14608,1
7,13492,1
7,11106,1
0,2452,1
45,10444,1
7,4688,1
0,14687,1
0,5062,1
0,3167,1
7,15783,1
0,1776,1
0,15481,1
0,15085,1
18,6902,1
18,7287,1
7,11812,1
7,4639,1
7,14924,1
0,5515,1
0,5130,1
45,15943,1
7,5326,1
45,9536,1
7,6505,1
0,7991,1
45,6743,1
47,4809,1
0,5594,1
45,5882,1
7,9366,1
47,4569,1
7,5915,1
7,4786,1
28,15870,1
18,4128,1
63,11496,1
45,5961,1
0,13741,1
66,13178,1
7,8943,1
0,1418,1
7,15592,1
45,10717,1
47,6492,1
46,5873,1
7,4737,1
28,10961,1
7,11436,1
45,11170,1
0,2531,1
7,6603,1
7,15688,1
7,13397,1
0,3207,1
7,10353,1
45,13278,1
0,6620,1
0,14409,1
18,3935,1
28,13386,1
7,6554,1
45,15635,1
7,6063,1
0,15879,1
7,6701,1
7,11059,1
45,6195,1
7,14829,1
45,5178,1
0,5673,1
0,11171,1
7,14065,1
7,6014,1
7,6652,1
18,3452,1
47,6252,1
6,2117,1
45,11443,1
18,6709,1
18,6324,1
18,1715,1
7,6112,1
7,15497,1
18,3163,1
45,9627,1
7,7340,1
45,9354,1
45,13483,1
7,10683,1
7,9554,1
18,2487,1
7,15353,1
7,6750,1
18,6131,1
0,1498,1
0,15958,1
0,2253,1
7,16165,1
7,13874,1
45,10535,1
45,12971,1
18,2198,1
47,4329,1
45,5413,1
7,6210,1
0,1577,1
0,14131,1
0,14886,1
45,6978,1
0,2611,1
0,175,1
45,7134,1
7,13970,1
7,6161,1
0,15244,1
47,6012,1
45,11716,1
0,8082,1
7,9178,1
7,7536,1
45,13175,1
7,5621,1
7,14638,1
7,6849,1
18,1426,1
7,14543,1
7,7487,1
7,13779,1
7,11248,1
47,8953,1
18,1522,1
7,7438,1
7,6947,1
7,16070,1
45,6430,1
0,14210,1
0,2690,1
45,7213,1
0,10935,1
0,6304,1
0,1299,1
7,15306,1
0,3366,1
0,1975,1
0,15680,1
7,6898,1
45,13688,1
45,5648,1
0,15323,1
0,6383,1
0,14568,1
7,15926,1
7,15162,1
45,8991,1
6,2642,1
0,3088,1
0,16038,1
45,14405,1
46,6883,1
0,15402,1
47,6973,1
7,10212,1
45,9717,1
0,5436,1
7,13588,1
0,7804,1
45,10172,1
7,6996,1
0,8906,1
45,13585,1
7,10495,1
7,3991,1
7,6456,1
45,13380,1
7,11859,1
45,9264,1
45,7369,1
63,10602,1
47,5290,1
45,14918,1
47,5050,1
7,14971,1
0,6462,1
45,9990,1
7,6407,1
7,14352,1
7,7045,1
0,2412,1
0,16117,1
18,7866,1
7,15067,1
0,15045,1
0,3525,1
6,414,1
7,10777,1
7,15879,1
18,4225,1
45,10898,1
0,12040,1
6,2773,1
6,2511,1
46,12540,1
0,7488,1
7,13444,1
7,15735,1
45,5100,1
7,13349,1
45,15123,1
63,11049,1
45,6665,1
45,14610,1
45,6821,1
47,11809,1
18,3742,1
7,14161,1
47,9905,1
0,6541,1
45,15840,1
46,9447,1
7,14876,1
18,3838,1
0,10619,1
7,14017,1
7,8990,1
0,14369,1
28,9492,1
28,14246,1
18,3259,1
0,6067,1
0,1458,1
0,14767,1
18,3549,1
0,2134,1
0,2889,1
0,15839,1
45,9082,1
18,6516,1
0,14052,1
7,10024,1
7,15544,1
0,6146,1
18,2970,1
45,15328,1
0,10303,1
0,3247,1
45,14815,1
0,15561,1
45,6117,1
46,14602,1
7,15640,1
45,6900,1
7,7193,1
18,3066,1
45,10263,1
46,5536,1
0,7567,1
7,14781,1
18,5938,1
46,11509,1
7,13302,1
0,4311,1
18,2777,1
47,9191,1
0,10698,1
7,7291,1
6,676,1
0,7172,1
7,9648,1
0,8950,1
0,4379,1
7,13922,1
6,3297,1
0,10777,1
6,3035,1
7,7242,1
46,9963,1
0,2213,1
7,14734,1
0,6225,1
0,12119,1
18,1812,1
18,2294,1
0,14846,1
0,3326,1
45,16045,1
0,10382,1
7,11718,1
7,10589,1
0,1180,1
0,15640,1
0,1935,1
7,5080,1
45,6352,1
7,7389,1
7,10965,1
7,14590,1
45,5335,1
0,15204,1
18,2005,1
7,13826,1
45,7056,1
0,7646,1
0,2293,1
45,17079,1
47,5771,1
0,11803,1
6,2380,1
18,1329,1
7,16117,1
0,14926,1
0,7251,1
47,10857,1
7,15258,1
0,4720,1
7,6800,1
45,11261,1
0,4447,1
0,10856,1
0,7330,1
7,15449,1
46,12025,1
45,9445,1
45,5569,1
6,807,1
6,545,1
0,1259,1
0,874,1
7,13635,1
6,3166,1
6,2904,1
7,9836,1
45,6508,1
47,7213,1
45,4710,1
0,7725,1
46,13571,1
7,16022,1
0,3048,1
7,13731,1
0,11882,1
7,5178,1
47,5531,1
0,15005,1
0,4652,1
0,11961,1
0,10066,1
0,15720,1
46,10478,1
7,5129,1
45,11534,1
6,1069,1
0,7409,1
7,14399,1
45,13893,1
7,9460,1
0,11487,1
7,15019,1
18,8445,1
46,6546,1
0,16628,1
45,10626,1
0,10461,1
0,4857,1
0,6935,1
0,1657,1
45,6587,1
7,13540,1
45,11352,1
7,15831,1
0,10540,1
0,4925,1
0,2372,1
7,11530,1
0,8037,1
46,15118,1
0,14290,1
0,1736,1
7,4368,1
46,15633,1
0,2770,1
0,4993,1
0,3485,1
0,10145,1
0,8994,1
0,2849,1
0,15799,1
0,2094,1
7,9084,1
7,14208,1
46,14087,1
6,1593,1
0,5989,1
6,1331,1
18,7673,1
0,14727,1
6,3952,1
18,3645,1
7,14304,1
45,5804,1
6,3690,1
0,11566,1
6,3428,1
7,9037,1
46,10994,1
7,11154,1
45,13073,1
45,6039,1
0,7014,1
7,10401,1
7,5964,1
7,5473,1
18,7095,1
45,13790,1
7,5424,1
6,1855,1
45,14098,1
7,14113,1
0,10224,1
45,4656,1
18,2873,1
45,9808,1
6,4214,1
46,6210,1
7,5375,1
0,16197,1
0,1101,1
7,4884,1
45,5256,1
18,2584,1
7,13254,1
0,16276,1
0,11645,1
0,9750,1
0,15521,1
0,15164,1
7,4835,1
45,11625,1
45,10989,1
0,11724,1
0,7093,1
0,9829,1
46,13056,1
0,5198,1
18,2680,1
6,1200,1
45,13995,1
6,938,1
18,3356,1
7,9272,1
7,10306,1
0,5266,1
45,14303,1
18,2101,1
28,11301,1
0,11250,1
47,10381,1
18,5745,1
45,15020,1
7,4933,1
7,11342,1
7,5571,1
45,12757,1
0,6698,1
0,1816,1
0,2571,1
46,16149,1
18,1908,1
0,1895,1
0,14449,1
