3,3
3,5
3,8
3,2177
4,3
4,4
4,179
5,3
5,5
5,8
5,9
5,10
5,12
5,36
5,89
5,108
5,124
5,133
5,147
5,149
5,1621
5,1643
5,1682
5,1695
5,1709
5,1719
5,1732
5,1742
5,1747
5,1818
5,1824
5,1847
5,1869
5,1876
5,1887
5,1895
5,1898
5,1916
5,1919
5,1942
5,1950
5,1954
5,1957
5,1960
5,1964
5,1981
5,2020
5,2030
5,2047
5,2051
5,2057
5,2059
5,2065
5,2069
5,2076
5,2090
5,2105
5,4849
5,4854
5,4890
5,4891
5,4892
5,4893
5,4895
8,5
9,5
9,36
9,153
9,1675
9,1687
9,1701
9,1717
9,1847
9,1866
9,1875
9,1883
9,1887
9,1905
9,1913
9,1922
9,1931
9,1950
9,1989
9,2029
9,2030
9,2048
9,2051
9,2065
9,2090
9,2096
9,2109
10,36
12,5
12,4864
12,4865
15,9
16,369
17,392
36,5
36,9
36,15
36,36
36,145
36,1719
36,1742
36,1847
36,1866
36,1883
36,1905
36,1922
36,2069
36,4849
36,4885
37,4847
38,152
71,150
72,73
73,100
74,90
75,158
76,77
77,102
78,79
79,80
80,81
81,82
82,83
83,1596
84,131
85,84
86,85
87,86
88,87
89,5
89,88
89,124
90,91
91,92
92,93
93,78
94,1605
95,94
96,95
97,96
98,97
99,98
100,101
101,76
102,103
103,104
104,105
105,137
106,107
107,108
108,5
108,109
108,134
109,110
110,1589
111,1588
112,113
113,114
114,115
115,116
116,117
117,118
118,119
119,121
120,89
121,120
122,71
123,122
124,89
124,123
124,133
124,147
124,1719
125,124
126,125
127,126
128,127
129,128
130,129
131,132
132,133
133,5
133,36
133,124
133,134
134,108
134,133
134,135
135,136
136,138
137,75
138,106
139,154
140,139
141,72
142,141
143,142
144,143
145,5
145,146
145,147
146,147
147,5
147,124
147,145
147,147
147,148
147,149
147,1621
147,1732
147,1753
147,1824
148,130
149,5
149,140
149,147
149,1621
150,149
151,145
152,151
153,37
154,155
155,112
156,1600
157,165
158,157
159,166
160,162
161,164
162,163
163,168
164,171
165,159
166,74
167,170
168,167
169,1598
170,169
171,172
172,173
173,174
174,1593
179,4
179,179
179,191
179,2164
179,2177
180,2373
191,193
191,1527
192,192
192,196
193,199
194,1527
194,1529
195,192
195,195
196,197
196,1529
197,195
197,197
198,198
198,1527
199,191
199,193
200,5
200,4884
366,367
367,368
368,16
369,1665
370,371
371,366
372,373
373,378
374,372
375,1701
376,375
377,1712
378,387
379,382
380,379
381,394
382,381
383,380
384,383
385,397
386,396
387,391
388,389
389,404
390,388
391,390
392,374
393,17
394,399
395,377
396,384
397,398
398,395
399,400
400,403
401,385
402,393
403,402
404,401
531,4887
531,4888
532,532
532,4885
634,2374
1527,194
1527,196
1527,200
1528,634
1529,194
1529,198
1587,144
1588,1587
1589,111
1590,156
1591,1592
1592,1595
1593,1594
1594,1591
1595,1590
1596,1602
1597,1618
1598,1597
1599,1601
1600,1599
1601,99
1602,160
1603,1604
1604,1620
1605,1626
1606,1612
1607,1624
1608,1607
1609,1629
1610,1616
1611,1757
1612,1611
1613,1627
1614,1613
1615,1630
1616,1606
1617,1628
1618,1617
1619,1621
1620,5
1620,1614
1620,1621
1620,1858
1620,1960
1621,5
1621,147
1621,161
1621,1620
1621,1621
1621,1643
1621,1644
1621,1719
1622,1658
1623,1608
1624,1625
1625,1603
1626,1623
1627,1615
1628,1619
1629,1631
1630,1622
1631,1610
1632,1634
1633,1673
1634,1643
1635,370
1636,1633
1637,1724
1638,1640
1639,1636
1640,1639
1641,1644
1642,1648
1643,5
1643,89
1643,1621
1643,1642
1643,1646
1644,5
1644,1659
1644,1675
1645,1671
1646,5
1646,1632
1647,386
1648,1647
1649,1664
1650,1635
1651,1675
1652,1654
1653,1652
1654,1655
1655,1651
1656,1649
1657,1656
1658,1638
1659,1667
1660,1641
1661,1672
1662,1646
1663,1657
1664,1650
1665,1645
1666,1668
1667,1666
1668,1637
1669,1663
1670,1674
1671,1670
1672,1681
1673,1680
1674,1661
1675,5
1675,1676
1676,1677
1677,1660
1678,1609
1679,1678
1680,1662
1681,1679
1682,5
1682,1684
1682,1694
1683,1691
1684,1689
1685,1682
1686,1706
1687,9
1687,376
1687,1688
1688,1687
1688,1694
1689,1697
1690,1683
1691,1693
1692,1722
1693,1692
1694,1682
1694,1688
1695,5
1695,1696
1695,1701
1696,1698
1697,1694
1698,1699
1699,1725
1700,1702
1701,9
1701,1695
1701,1700
1702,1703
1703,1704
1704,1705
1705,1686
1706,1707
1707,1708
1708,1729
1709,5
1709,36
1709,1711
1709,1712
1710,1713
1711,1710
1712,1709
1712,1716
1712,1717
1713,1733
1714,1715
1715,1718
1716,1717
1717,9
1717,1712
1717,1714
1718,1685
1719,5
1719,36
1719,149
1719,1719
1719,1720
1719,1732
1719,1737
1719,1824
1720,1690
1721,1727
1722,1723
1723,1695
1724,1735
1725,1653
1726,1709
1727,1728
1728,1730
1729,1726
1730,1731
1731,1669
1732,5
1732,1719
1732,1734
1733,1732
1734,1719
1735,1721
1736,1746
1737,1719
1737,1736
1737,1742
1737,1747
1738,1749
1739,1738
1740,1850
1741,1758
1742,5
1742,1737
1742,1743
1743,149
1743,1741
1743,1753
1744,1970
1745,1742
1746,1739
1747,5
1747,149
1747,1737
1747,1769
1748,1744
1749,1748
1750,1782
1751,1791
1752,1753
1753,5
1753,1743
1753,1750
1754,1788
1755,1751
1756,1803
1757,1755
1758,1761
1759,1785
1760,1759
1761,1740
1762,1760
1763,1762
1764,1765
1765,1745
1766,1764
1767,1766
1768,1767
1769,1768
1770,1747
1771,1770
1772,1800
1773,1789
1774,1775
1775,1773
1776,1737
1777,1774
1778,1781
1779,1778
1780,1776
1781,1780
1782,1779
1783,1796
1784,1777
1785,1790
1786,1787
1787,1754
1788,1784
1789,1792
1790,1756
1791,1786
1792,1772
1793,1802
1794,1795
1795,1798
1796,1797
1797,1799
1798,1839
1799,1794
1800,1793
1801,1821
1802,1824
1803,1804
1804,1801
1805,1979
1806,1835
1807,1806
1808,1807
1809,1810
1810,1811
1811,1783
1812,1820
1813,1812
1814,1813
1815,1814
1816,1763
1817,1816
1818,5
1818,1719
1818,1819
1818,1898
1819,1823
1820,1826
1821,1822
1822,1825
1823,1817
1824,5
1824,9
1824,36
1824,1719
1824,1818
1824,1830
1824,1960
1825,1809
1826,1805
1827,1831
1828,1836
1829,1838
1830,1824
1830,1829
1830,1954
1831,1833
1832,1815
1833,1983
1834,1841
1835,1827
1836,1832
1837,1842
1838,1843
1839,1840
1840,1834
1841,1837
1842,1828
1843,1955
1844,1973
1845,5
1845,1858
1845,1902
1846,1847
1847,9
1847,1621
1847,1845
1847,1848
1847,1911
1847,1919
1847,1926
1848,1845
1849,1959
1850,5
1850,1851
1851,1852
1852,1853
1853,1918
1854,1855
1855,1985
1856,1752
1857,1858
1858,5
1858,149
1858,1859
1859,1908
1860,1861
1861,1862
1862,1863
1863,1864
1864,1960
1865,1897
1866,9
1866,1865
1866,1869
1867,1866
1868,1867
1869,5
1869,1866
1869,1868
1870,1901
1871,1870
1872,1929
1873,1872
1874,1873
1875,9
1875,1874
1875,1942
1876,5
1876,1877
1876,1905
1877,1878
1878,1879
1879,1880
1880,1881
1881,1914
1882,2121
1883,9
1883,36
1883,1882
1883,1981
1884,1883
1885,1884
1886,1887
1887,5
1887,9
1887,1719
1887,1953
1888,1889
1889,1846
1890,5
1890,1913
1891,1890
1892,1893
1893,1894
1894,1895
1895,5
1895,1896
1896,1844
1897,1906
1898,5
1898,1920
1898,1926
1899,1898
1900,1899
1901,1900
1902,1903
1903,1856
1904,1871
1905,9
1905,1876
1905,1961
1906,1905
1907,1962
1908,1909
1909,1910
1910,1911
1911,1850
1911,1912
1912,1849
1913,9
1913,1907
1913,1916
1914,1915
1915,1916
1916,5
1916,1913
1916,1917
1917,1934
1918,1919
1919,1888
1919,1890
1920,4848
1921,1904
1922,9
1922,1921
1922,1964
1923,1922
1924,1891
1925,1924
1926,9
1926,149
1926,1898
1926,1925
1927,1926
1928,1927
1929,1930
1930,1869
1931,9
1931,1932
1931,2057
1932,1933
1933,2051
1934,1935
1935,1936
1936,1937
1937,1938
1938,1939
1939,1966
1940,1876
1941,1942
1942,5
1942,1875
1942,1943
1943,1944
1944,1875
1945,1984
1946,1945
1947,1946
1948,1947
1949,1948
1950,5
1950,36
1950,1892
1950,1895
1951,1950
1952,1951
1953,1771
1954,5
1954,1830
1954,1978
1955,1954
1956,1886
1957,5
1957,1956
1958,1957
1959,1958
1960,5
1960,1719
1960,1824
1960,1830
1960,1957
1961,1940
1962,1963
1963,1964
1964,5
1964,1712
1964,1965
1965,1923
1966,1967
1967,1968
1968,1969
1969,1982
1970,1941
1971,2143
1972,1976
1973,1972
1974,1860
1975,1974
1976,1986
1977,1949
1978,1952
1979,1980
1980,1977
1981,5
1981,36
1981,1694
1981,1885
1982,1981
1983,1975
1984,1808
1985,1857
1986,1854
1987,2117
1988,2118
1989,36
1989,1988
1989,2020
1990,2064
1991,1990
1992,1991
1993,1992
1994,1993
1995,1994
1996,2026
1997,1996
1998,1997
1999,1998
2000,2110
2001,2000
2002,2029
2003,2031
2004,2003
2005,2004
2006,2104
2007,2006
2008,2007
2009,2008
2010,2009
2011,2010
2012,2136
2013,2012
2014,2013
2015,2014
2016,2120
2017,2016
2018,2036
2019,1989
2020,5
2020,1709
2020,1989
2020,2021
2021,2022
2022,2019
2023,2020
2024,2025
2025,2154
2026,2023
2027,2030
2028,1999
2029,5
2029,9
2029,2028
2029,2105
2030,5
2030,9
2030,2024
2031,2039
2032,2037
2033,2032
2034,2005
2035,2015
2036,2035
2037,2034
2038,2027
2039,2038
2040,2041
2041,2042
2042,2057
2043,1931
2044,2045
2045,2046
2046,2047
2047,5
2047,2048
2047,2081
2048,9
2048,2047
2048,2049
2049,2050
2050,2122
2051,5
2051,2088
2051,2090
2052,2114
2053,2052
2054,2053
2055,2054
2056,2043
2057,5
2057,1931
2057,2056
2058,2108
2059,5
2059,1883
2059,2058
2059,2109
2060,2059
2061,2060
2062,2125
2063,1987
2064,2063
2065,5
2065,9
2065,2077
2066,2065
2067,2066
2068,2067
2069,5
2069,36
2069,2068
2070,2099
2071,2011
2072,2071
2073,2074
2074,2062
2075,2076
2076,5
2076,2093
2076,2096
2077,2078
2078,2079
2079,2080
2080,2116
2081,2082
2082,2048
2083,2044
2084,2083
2085,2086
2086,2087
2087,2107
2088,2089
2089,2090
2090,5
2090,9
2090,2051
2090,2084
2091,2061
2092,2091
2093,2094
2094,2070
2095,2096
2096,9
2096,2076
2096,2097
2097,2098
2098,2092
2099,2100
2100,2101
2101,2102
2102,2103
2103,2085
2104,2105
2105,5
2105,2029
2105,2106
2106,2002
2107,2001
2108,2109
2109,9
2109,2055
2109,2059
2110,2111
2111,2112
2112,2113
2113,1995
2114,2069
2115,2075
2116,2115
2117,2017
2118,2018
2119,2072
2120,2119
2121,2124
2122,2095
2123,2073
2124,2123
2125,2040
2126,2127
2127,2128
2128,2156
2129,4859
2130,2033
2131,4883
2132,2131
2133,2135
2134,2133
2135,1971
2136,2130
2137,2140
2138,2137
2139,2126
2140,2141
2141,2139
2142,4849
2143,2150
2144,2145
2145,2155
2149,2142
2150,2152
2151,2153
2152,2151
2153,1928
2154,2138
2155,2134
2156,2144
2157,2168
2157,2179
2158,2161
2158,2162
2159,2157
2159,2170
2160,2185
2160,2217
2161,2157
2161,2160
2162,2163
2162,2179
2163,2159
2163,2161
2164,2172
2164,2187
2165,2180
2165,2188
2166,2165
2167,2199
2168,2169
2168,2178
2169,2171
2169,2187
2170,2174
2170,2186
2171,2178
2171,2182
2172,2173
2172,2233
2173,2181
2174,2183
2174,2204
2175,2171
2175,2184
2176,2173
2176,2184
2177,2176
2177,2284
2178,2182
2178,2183
2179,2158
2180,2159
2180,2163
2181,179
2181,2175
2182,2169
2182,2170
2183,2174
2183,2180
2184,179
2184,2164
2185,2167
2185,2191
2186,2162
2186,2168
2187,2166
2187,2188
2188,2166
2188,2186
2189,2202
2189,2205
2190,2160
2190,2201
2191,2201
2191,2204
2192,2194
2192,2203
2193,2189
2193,2202
2194,2195
2194,2196
2195,2190
2196,2189
2196,2197
2197,2193
2198,2185
2198,2191
2199,2198
2200,2208
2200,2227
2201,2192
2202,2200
2202,2205
2203,2167
2203,2194
2204,2195
2204,2203
2205,2200
2205,2227
2206,2211
2207,2223
2207,2234
2208,2212
2209,2221
2210,2220
2210,2229
2211,2213
2212,2215
2212,2216
2213,2253
2214,2207
2215,2210
2215,2214
2216,2220
2216,2223
2217,2196
2217,2216
2218,2225
2219,2218
2220,2210
2220,2214
2221,2228
2222,2219
2223,2215
2223,2217
2224,2236
2225,2224
2226,2206
2227,2197
2227,2208
2228,2222
2229,2231
2230,2232
2231,2176
2232,2235
2233,2175
2234,2230
2235,2172
2236,2226
2237,2238
2238,2257
2239,2276
2240,2239
2241,2242
2242,2250
2243,2270
2244,2267
2245,2244
2246,2245
2247,2246
2248,2247
2249,2281
2250,2249
2251,2209
2252,2251
2253,2240
2254,2273
2255,2254
2256,2252
2257,2260
2258,2272
2259,2258
2260,2274
2261,2259
2262,2266
2263,2264
2264,2265
2265,2248
2266,2263
2267,2255
2268,2241
2269,2256
2270,2268
2271,2269
2272,2271
2273,2243
2274,2262
2275,2317
2276,2275
2277,2280
2278,2261
2279,2278
2280,2279
2281,2277
2282,2285
2283,2375
2284,2237
2285,2287
2286,2288
2287,2286
2288,2283
2289,2292
2290,2304
2291,2296
2292,2291
2293,2297
2294,2295
2295,2293
2296,2298
2297,2311
2298,2312
2299,2315
2300,2299
2301,2290
2302,2301
2303,2313
2304,2308
2305,2282
2306,2305
2307,2306
2308,2309
2309,2289
2310,2302
2311,2300
2312,2303
2313,2294
2314,2310
2315,2307
2316,2324
2317,2329
2318,2338
2319,2348
2320,2316
2321,2320
2322,2323
2323,2318
2324,2326
2325,2330
2326,2327
2327,2335
2328,2325
2329,2322
2330,2332
2331,2341
2332,2331
2333,2334
2334,2344
2335,2339
2336,2349
2337,2328
2338,2340
2339,2350
2340,2337
2341,2343
2342,2314
2343,2342
2344,2355
2345,2321
2346,2361
2347,2346
2348,2347
2349,2353
2350,2333
2351,2352
2352,2319
2353,2351
2354,2356
2355,2354
2356,2365
2357,2336
2358,2391
2359,2357
2360,2369
2361,2360
2362,2366
2363,3
2364,2363
2365,2368
2366,2358
2367,2359
2368,2372
2369,2370
2370,2364
2371,2367
2372,2371
2373,2362
2374,180
2375,2382
2376,2377
2377,2381
2378,2376
2379,2387
2380,2379
2381,2386
2382,2397
2383,4846
2384,2383
2385,2384
2386,2388
2387,2389
2388,2380
2389,2390
2390,2403
2391,2392
2392,2396
2393,2378
2394,2393
2395,2385
2396,2394
2397,2395
2398,2405
2399,2402
2400,2413
2401,2407
2402,2414
2403,2415
2404,2345
2405,2406
2406,2399
2407,2408
2408,2409
2409,2398
2410,2411
2411,2412
2412,2418
2413,2421
2414,2422
2415,2400
2416,2419
2417,2416
2418,2401
2419,2404
2420,2417
2421,2410
2422,2420
4807,4882
4846,1528
4847,38
4848,2149
4849,5
4849,4850
4850,4851
4851,4852
4852,4853
4853,4854
4854,5
4854,36
4854,4855
4855,4856
4856,4857
4857,4858
4858,2129
4859,4860
4860,4861
4861,4862
4862,4863
4863,4864
4864,5
4864,12
4865,4866
4866,4867
4867,4868
4868,4869
4869,4870
4870,4871
4871,4872
4872,4873
4873,4874
4874,4875
4875,4876
4876,4877
4877,4878
4878,4879
4879,4880
4880,4881
4881,4807
4882,2132
4883,179
4884,200
4885,4885
4885,4886
4885,4887
4885,4889
4886,532
4886,4886
4887,531
4887,4885
4887,4887
4887,4889
4888,531
4888,4888
4889,1989
4889,4885
4889,4887
4889,4889
4890,5
4890,4890
4891,36
4891,4891
4892,5
4893,4894
4893,4896
4894,36
4894,4893
4895,4894
4895,4895
4895,4896
4896,5
4896,4895
