4,4
4,179
4,1807
4,1809
4,1810
4,1878
4,1951
6,10
6,16
6,2400
6,2401
6,2413
6,4807
6,5355
6,6017
7,2096
10,16
10,37
10,2412
10,2478
10,5336
10,5346
10,6008
10,6017
11,11
11,38
11,90
11,91
11,104
11,105
11,6095
12,12
12,5379
12,5384
12,5395
12,5398
12,5400
12,5401
15,15
15,366
15,370
15,371
15,379
16,6
16,10
16,16
16,37
16,2407
16,2413
16,5335
18,18
18,366
18,369
18,370
18,371
18,376
18,1636
18,1640
36,36
36,38
36,90
36,94
36,548
36,5136
37,10
37,11
37,16
37,37
37,2398
37,2415
37,4807
37,5346
37,5661
38,36
38,38
38,516
38,541
38,5136
38,5679
71,71
71,123
71,125
71,126
71,153
71,156
71,163
72,72
72,73
72,144
72,146
72,147
72,149
73,72
73,73
73,113
73,143
73,144
73,146
73,147
73,148
73,151
74,36
74,74
74,92
74,96
74,97
74,98
74,99
75,75
75,131
75,132
75,133
75,134
75,136
75,142
75,148
75,150
75,151
75,152
75,155
76,77
76,78
76,84
76,85
76,108
76,137
77,76
77,77
77,78
77,79
77,80
77,82
77,83
77,87
77,108
77,109
78,77
78,78
78,79
78,83
78,84
78,88
78,109
78,1588
79,76
79,77
79,78
79,83
79,85
79,106
79,107
79,108
79,138
80,78
80,79
80,80
80,82
80,83
80,84
80,85
80,88
81,77
81,80
81,81
81,82
81,108
81,109
82,80
82,81
82,82
82,86
82,87
82,106
82,138
83,79
83,80
83,82
83,83
83,84
83,137
83,138
84,77
84,81
84,83
84,85
84,86
84,87
84,89
84,109
85,76
85,77
85,80
85,81
85,84
85,87
85,88
85,137
85,1588
86,79
86,81
86,85
86,86
86,87
87,77
87,85
87,86
87,87
87,88
87,121
88,76
88,82
88,83
88,89
88,109
88,139
88,140
88,1588
89,84
89,88
89,89
89,98
89,99
89,121
89,140
90,11
90,93
90,98
90,99
90,104
90,105
90,121
90,139
90,154
91,11
91,38
91,90
91,91
91,92
91,104
91,105
92,74
92,92
92,93
92,95
92,96
92,139
93,74
93,91
93,92
93,94
93,95
94,90
94,92
94,93
94,94
94,97
94,104
94,5136
95,74
95,90
95,92
95,96
95,98
95,102
95,140
96,92
96,93
96,95
96,96
96,97
96,105
96,121
97,91
97,94
97,95
97,96
97,97
97,98
97,99
97,100
97,139
98,74
98,89
98,90
98,92
98,93
98,95
98,97
98,98
98,99
98,100
98,101
98,102
98,121
98,139
99,88
99,97
99,98
99,99
99,100
99,101
99,104
99,154
100,92
100,99
100,100
100,101
100,102
100,103
100,154
101,90
101,97
101,99
101,101
101,102
101,103
102,89
102,90
102,98
102,99
102,101
102,102
102,103
102,121
102,140
103,86
103,89
103,100
103,103
103,139
103,154
104,11
104,74
104,91
104,92
104,95
104,104
105,11
105,36
105,94
105,96
105,104
105,105
106,80
106,82
106,106
106,107
106,109
106,137
106,138
107,77
107,78
107,106
107,107
107,108
107,113
107,115
107,137
107,1588
108,78
108,81
108,83
108,87
108,108
108,109
108,110
108,119
108,1588
109,76
109,77
109,78
109,79
109,83
109,84
109,108
109,109
109,111
109,137
109,1587
109,1588
109,1589
110,108
110,110
110,112
110,113
110,116
110,1587
110,1588
110,1589
111,108
111,111
111,112
111,145
111,1587
111,1588
112,110
112,112
112,117
112,119
112,120
112,1587
113,108
113,113
113,114
113,120
113,1587
113,1588
113,1589
114,107
114,114
114,115
114,117
114,1587
114,1589
115,111
115,115
115,116
115,117
115,118
115,119
115,1589
116,110
116,111
116,114
116,115
116,116
116,117
116,120
117,112
117,113
117,115
117,116
117,117
117,118
117,119
117,1589
118,114
118,116
118,118
118,119
118,1589
119,73
119,110
119,114
119,117
119,120
119,145
120,107
120,110
120,111
120,112
120,115
120,118
120,120
120,1589
121,86
121,96
121,99
121,100
121,102
121,103
121,121
121,140
121,154
122,71
122,134
123,123
123,124
123,127
123,132
123,133
123,153
123,164
124,123
124,124
124,127
124,130
124,158
124,161
124,165
125,71
125,122
125,125
125,126
125,127
125,153
125,157
125,158
125,1593
126,125
126,126
126,127
126,129
126,131
126,153
126,156
127,123
127,126
127,127
127,128
127,131
127,164
128,124
128,125
128,127
128,128
128,130
128,135
128,136
128,161
129,128
129,135
129,136
130,75
130,128
130,129
130,130
130,132
130,135
130,136
130,155
131,123
131,128
131,130
131,131
131,132
131,133
131,135
131,152
131,155
132,75
132,131
132,132
132,133
132,134
132,135
133,122
133,128
133,130
133,133
133,134
133,135
133,136
133,148
133,150
134,124
134,128
134,130
134,131
134,133
134,134
134,135
134,147
134,151
135,75
135,125
135,130
135,132
135,133
135,134
135,135
135,158
136,75
136,125
136,131
136,132
136,134
136,135
136,136
136,149
136,152
137,76
137,80
137,85
137,106
137,119
137,137
137,138
138,78
138,81
138,106
138,107
138,112
138,138
139,99
139,102
139,103
139,121
139,139
139,140
139,154
140,76
140,79
140,89
140,95
140,97
140,99
140,102
140,121
140,139
140,140
141,72
141,73
141,141
141,142
141,143
141,146
141,149
141,152
142,72
142,134
142,141
142,142
142,143
142,144
142,150
143,119
143,141
143,142
143,144
143,145
143,147
143,150
144,75
144,142
144,143
144,144
144,145
144,147
144,148
145,73
145,119
145,136
145,141
145,145
145,146
145,147
145,152
145,155
146,72
146,141
146,144
146,145
146,146
146,147
146,148
146,149
146,155
147,75
147,141
147,142
147,145
147,146
147,147
147,148
147,149
147,150
147,151
148,75
148,134
148,143
148,145
148,146
148,147
148,148
148,155
149,75
149,143
149,146
149,147
149,148
149,149
149,150
149,152
149,155
150,72
150,136
150,146
150,149
150,150
150,152
150,155
151,123
151,134
151,146
151,150
151,151
151,152
151,155
152,72
152,75
152,146
152,147
152,148
152,151
152,152
152,155
153,71
153,126
153,153
153,158
153,161
154,87
154,95
154,96
154,98
154,101
154,103
154,140
154,154
155,75
155,129
155,130
155,134
155,135
155,136
155,143
155,144
155,150
155,151
155,155
156,124
156,127
156,156
156,158
156,165
156,173
157,124
157,125
157,157
157,163
157,164
157,165
157,174
157,1592
157,1595
158,71
158,123
158,156
158,158
158,161
158,171
158,172
159,160
159,162
159,166
159,167
159,168
159,169
159,1597
159,1602
159,1612
160,159
160,160
160,167
160,1597
160,1600
160,1603
161,71
161,122
161,153
161,156
161,158
161,161
162,159
162,162
162,167
162,1598
162,1602
162,1608
162,1610
163,125
163,126
163,157
163,163
163,164
163,165
163,172
163,1594
164,128
164,156
164,157
164,163
164,164
164,165
164,173
164,174
164,1592
164,1593
164,1594
165,157
165,164
165,165
165,172
165,173
166,160
166,162
166,166
166,1590
166,1594
166,1598
167,162
167,167
167,169
167,170
167,1590
167,1595
167,1612
168,159
168,168
168,169
168,170
168,1596
168,1601
168,1628
169,159
169,162
169,169
169,1596
169,1598
169,1608
169,1609
170,159
170,162
170,168
170,169
170,1601
170,1608
170,1609
170,1624
171,126
171,171
171,172
171,173
171,1591
172,157
172,163
172,171
172,1591
172,1592
172,1593
172,1594
173,163
173,164
173,171
173,172
173,1591
174,157
174,164
174,166
174,173
174,1591
174,1592
174,1594
174,1595
179,4
179,179
179,1529
179,2157
179,2401
179,2410
179,2414
179,2416
180,180
180,196
180,577
180,2369
180,2371
180,2372
180,2374
180,2392
196,197
196,2374
197,2374
197,2392
366,18
366,366
366,369
366,384
366,387
366,1639
367,18
367,367
367,371
367,384
367,387
367,1674
368,18
368,367
368,369
368,371
368,1638
369,15
369,18
369,367
369,368
369,370
369,384
369,386
369,387
369,1674
369,1679
370,15
370,18
370,368
370,369
370,370
370,1639
371,15
371,367
371,368
371,370
371,371
372,376
372,377
372,386
372,391
372,397
372,400
373,373
373,375
373,383
373,394
373,399
373,1721
374,374
374,379
374,381
374,385
374,396
374,403
375,373
375,375
375,382
375,388
375,399
376,369
376,372
376,376
376,377
376,386
377,377
377,378
377,384
377,385
377,386
377,397
378,372
378,376
378,378
378,392
378,400
379,374
379,385
379,392
379,401
379,403
380,380
380,389
380,396
380,398
380,402
380,404
381,374
381,381
381,385
381,396
381,403
382,373
382,382
382,401
382,402
383,373
383,380
383,383
383,388
383,394
383,1734
384,15
384,368
384,371
384,376
384,384
384,390
385,379
385,381
385,389
385,403
386,377
386,386
386,390
386,392
386,397
386,400
387,15
387,367
387,368
387,387
387,1654
388,375
388,382
388,388
388,395
388,398
389,373
389,383
389,389
389,393
389,402
390,372
390,378
390,386
390,390
391,377
391,384
391,391
391,392
392,372
392,377
392,378
392,386
392,391
392,392
392,397
393,398
393,402
393,404
394,375
394,383
394,389
394,393
394,399
395,383
395,388
395,394
396,379
396,396
396,398
396,401
397,381
397,386
397,390
397,391
397,392
397,397
398,374
398,375
398,380
398,395
398,398
398,403
399,388
399,393
399,395
399,399
400,372
400,378
400,391
400,397
400,400
401,383
401,389
401,393
401,396
401,401
402,375
402,380
402,395
402,402
402,1730
403,379
403,380
403,381
403,385
404,382
404,395
404,398
404,401
404,404
505,36
505,512
512,505
512,555
516,552
516,5678
523,523
523,548
526,526
526,562
541,512
541,6094
548,526
548,541
552,505
552,562
555,38
555,93
556,555
556,556
562,523
562,552
577,180
635,180
635,196
635,635
635,1528
635,2369
635,2376
635,2387
635,2393
1528,635
1528,2377
1528,2403
1529,179
1529,2168
1587,110
1587,111
1587,113
1587,115
1587,117
1587,118
1587,120
1587,1587
1587,1589
1588,77
1588,78
1588,85
1588,106
1588,109
1588,114
1588,117
1588,119
1588,143
1588,1588
1589,109
1589,110
1589,111
1589,113
1589,118
1589,120
1589,145
1589,1587
1589,1589
1590,166
1590,168
1590,1590
1590,1591
1590,1594
1590,1598
1590,1600
1590,1602
1590,1603
1591,163
1591,165
1591,172
1591,174
1591,1593
1591,1594
1591,1595
1591,1600
1592,164
1592,172
1592,173
1592,174
1592,1592
1592,1593
1592,1602
1593,164
1593,174
1593,1590
1593,1592
1593,1593
1593,1595
1593,1602
1594,164
1594,174
1594,1590
1594,1591
1594,1594
1594,1599
1595,159
1595,171
1595,1590
1595,1591
1595,1592
1595,1594
1595,1598
1596,160
1596,170
1596,1601
1596,1603
1596,1608
1596,1609
1596,1611
1596,1622
1597,159
1597,170
1597,1597
1597,1599
1597,1600
1598,166
1598,170
1598,1590
1598,1593
1598,1595
1598,1596
1598,1598
1598,1599
1599,160
1599,1590
1599,1595
1599,1597
1599,1599
1599,1602
1599,1611
1600,1597
1600,1599
1600,1600
1600,1602
1601,168
1601,169
1601,170
1601,1596
1601,1601
1601,1611
1601,1624
1602,160
1602,166
1602,167
1602,1593
1602,1595
1602,1597
1602,1598
1602,1599
1602,1600
1603,162
1603,1596
1603,1603
1603,1608
1603,1609
1603,1610
1603,1616
1603,1622
1603,1623
1604,1604
1604,1607
1604,1619
1604,1634
1605,1604
1605,1605
1605,1606
1605,1607
1605,1614
1606,1613
1606,1614
1606,1616
1606,1628
1606,1661
1606,1678
1607,1604
1607,1607
1607,1614
1607,1621
1607,1665
1607,1676
1608,170
1608,1601
1608,1603
1608,1608
1608,1609
1608,1610
1608,1611
1608,1623
1609,160
1609,168
1609,169
1609,1603
1609,1608
1609,1609
1609,1612
1609,1616
1609,1628
1610,1596
1610,1601
1610,1609
1610,1610
1610,1616
1610,1623
1610,1627
1611,162
1611,168
1611,1601
1611,1608
1611,1609
1611,1611
1611,1612
1611,1615
1611,1623
1611,1625
1611,1630
1612,167
1612,1596
1612,1603
1612,1610
1612,1611
1612,1612
1612,1624
1613,1613
1613,1614
1613,1620
1613,1621
1613,1649
1613,1668
1614,1605
1614,1614
1614,1619
1614,1620
1614,1621
1614,1629
1615,1611
1615,1613
1615,1615
1615,1626
1615,1630
1616,1610
1616,1615
1616,1616
1616,1627
1616,1676
1617,1606
1617,1621
1618,1603
1618,1615
1618,1616
1618,1618
1618,1624
1619,1604
1619,1605
1619,1619
1619,1620
1619,1634
1619,1669
1620,1617
1620,1620
1620,1631
1620,1634
1620,1661
1621,1605
1621,1620
1621,1621
1621,1631
1621,1676
1622,169
1622,1612
1622,1615
1622,1618
1622,1622
1622,1623
1622,1630
1623,168
1623,1609
1623,1612
1623,1622
1623,1623
1623,1624
1624,1611
1624,1612
1624,1623
1624,1624
1624,1625
1624,1626
1625,1606
1625,1611
1625,1618
1625,1622
1625,1628
1625,1630
1626,1610
1626,1612
1626,1622
1626,1626
1626,1627
1627,1618
1627,1624
1627,1627
1627,1628
1628,1610
1628,1618
1628,1625
1629,1604
1629,1605
1629,1606
1629,1629
1629,1680
1630,1606
1630,1622
1630,1626
1630,1628
1630,1630
1631,1605
1631,1607
1631,1613
1631,1617
1631,1629
1631,1678
1632,1665
1632,1668
1633,1632
1633,1633
1633,1662
1633,1665
1633,1672
1633,1678
1634,1631
1634,1664
1634,1668
1634,1669
1634,1680
1635,1635
1635,1636
1635,1641
1635,1675
1635,1679
1636,366
1636,369
1636,1635
1636,1654
1637,1637
1637,1648
1637,1649
1637,1662
1637,1666
1637,1667
1637,1672
1638,387
1638,1638
1638,1639
1638,1641
1638,1645
1638,1674
1639,1638
1639,1639
1639,1647
1639,1652
1639,1653
1639,1674
1640,1636
1640,1640
1640,1641
1640,1646
1640,1647
1640,1660
1641,1635
1641,1636
1641,1640
1641,1645
1641,1653
1642,1642
1642,1670
1642,1671
1642,1673
1642,1677
1643,1637
1643,1643
1643,1655
1643,1670
1643,1673
1643,1675
1644,1637
1644,1644
1644,1648
1644,1650
1644,1655
1644,1673
1644,1677
1644,1681
1645,1640
1645,1641
1645,1645
1645,1650
1645,1660
1646,1646
1646,1647
1646,1650
1646,1652
1646,1660
1646,1670
1647,1635
1647,1647
1647,1666
1647,1674
1648,1632
1648,1642
1648,1644
1648,1648
1648,1651
1648,1657
1648,1669
1648,1672
1649,1649
1649,1662
1649,1667
1649,1672
1649,1678
1650,369
1650,1636
1650,1645
1650,1653
1650,1679
1651,1651
1651,1656
1651,1666
1651,1668
1651,1675
1652,369
1652,1636
1652,1639
1652,1652
1652,1654
1653,1644
1653,1645
1653,1653
1653,1660
1653,1675
1653,1681
1654,366
1654,368
1654,1638
1654,1641
1654,1652
1655,1642
1655,1644
1655,1651
1655,1655
1655,1670
1656,1637
1656,1642
1656,1644
1656,1656
1656,1657
1656,1681
1657,1643
1657,1656
1657,1657
1657,1658
1657,1664
1657,1666
1658,1651
1658,1658
1658,1659
1658,1673
1659,1657
1659,1658
1659,1659
1659,1664
1659,1671
1660,369
1660,1638
1660,1645
1660,1646
1660,1647
1660,1660
1661,1613
1661,1620
1661,1633
1661,1661
1661,1676
1661,1678
1662,1633
1662,1649
1662,1661
1662,1662
1662,1663
1662,1667
1663,1664
1664,1657
1664,1664
1664,1667
1664,1668
1664,1670
1664,1672
1664,1677
1665,1606
1665,1637
1665,1648
1665,1664
1665,1669
1665,1680
1666,1643
1666,1658
1666,1659
1666,1668
1666,1677
1667,1633
1667,1634
1667,1666
1667,1667
1667,1668
1668,1637
1668,1646
1668,1648
1668,1651
1668,1659
1668,1664
1668,1669
1668,1680
1669,1613
1669,1619
1669,1644
1669,1661
1669,1665
1669,1669
1670,1666
1670,1670
1670,1671
1670,1679
1670,1681
1671,1646
1671,1648
1671,1655
1671,1657
1671,1671
1671,1681
1672,1648
1672,1649
1672,1662
1672,1672
1672,1676
1672,1677
1673,1643
1673,1656
1673,1671
1673,1673
1674,366
1674,1638
1674,1654
1675,1640
1675,1644
1675,1650
1675,1658
1675,1675
1676,1607
1676,1619
1676,1631
1676,1633
1676,1637
1676,1676
1677,1633
1677,1640
1677,1656
1677,1661
1677,1663
1677,1677
1678,1614
1678,1629
1678,1634
1678,1637
1678,1665
1678,1678
1679,1644
1679,1646
1679,1652
1679,1653
1679,1679
1680,1621
1680,1629
1680,1634
1680,1662
1680,1665
1680,1680
1681,1650
1681,1655
1681,1656
1681,1681
1682,1692
1682,1699
1682,1705
1682,1722
1682,1724
1683,1684
1683,1686
1683,1688
1683,1712
1683,1732
1684,1683
1684,1684
1684,1691
1684,1711
1684,1726
1684,1732
1685,1684
1685,1691
1685,1715
1685,1726
1685,1732
1686,1686
1686,1687
1686,1688
1686,1691
1686,1733
1687,1685
1687,1686
1687,1687
1687,1689
1687,1733
1688,1686
1688,1688
1688,1691
1688,1711
1688,1733
1689,1682
1689,1688
1689,1689
1689,1705
1689,1706
1689,1722
1689,1724
1690,1686
1690,1689
1690,1690
1690,1704
1690,1706
1690,1708
1691,1685
1691,1691
1691,1711
1691,1712
1691,1715
1691,1721
1691,1726
1691,1731
1691,1732
1691,1735
1692,1689
1692,1692
1692,1698
1692,1703
1692,1705
1692,1708
1692,1719
1692,1720
1692,1722
1692,1724
1693,1693
1693,1694
1693,1702
1693,1709
1693,1767
1694,1693
1694,1700
1694,1708
1694,1709
1694,1737
1694,1783
1695,1695
1695,1700
1695,1702
1695,1707
1695,1737
1695,1739
1696,1695
1696,1697
1696,1700
1696,1782
1697,1693
1697,1696
1697,1697
1697,1700
1697,1768
1698,1693
1698,1694
1698,1698
1698,1699
1698,1704
1698,1707
1698,1708
1698,1727
1699,1692
1699,1699
1699,1720
1699,1722
1699,1724
1700,1695
1700,1700
1700,1702
1700,1707
1700,1767
1700,1783
1701,1714
1701,1728
1702,1695
1702,1697
1702,1702
1702,1709
1702,1739
1702,1783
1703,1692
1703,1699
1703,1703
1703,1704
1703,1714
1703,1719
1704,1690
1704,1692
1704,1703
1704,1719
1704,1725
1705,1692
1705,1705
1705,1708
1705,1717
1705,1719
1705,1720
1705,1727
1706,1690
1706,1703
1706,1706
1707,1693
1707,1698
1707,1702
1707,1707
1707,1768
1708,1682
1708,1692
1708,1697
1708,1698
1708,1699
1708,1703
1708,1708
1708,1714
1708,1717
1708,1725
1708,1727
1709,1693
1709,1694
1709,1696
1709,1697
1709,1702
1709,1709
1709,1782
1710,1683
1710,1691
1710,1713
1710,1716
1710,1735
1711,1683
1711,1691
1711,1711
1711,1712
1711,1715
1711,1716
1711,1726
1711,1728
1711,1732
1712,1685
1712,1691
1712,1710
1712,1712
1712,1731
1712,1732
1713,1715
1713,1721
1713,1732
1713,1734
1713,1735
1714,1698
1714,1703
1714,1708
1714,1714
1714,1719
1714,1725
1715,1684
1715,1711
1715,1712
1715,1713
1715,1715
1715,1718
1715,1732
1716,1710
1716,1716
1716,1718
1716,1728
1717,1698
1717,1703
1717,1708
1717,1717
1717,1723
1718,1711
1718,1713
1718,1718
1718,1721
1718,1732
1718,1735
1719,1682
1719,1689
1719,1698
1719,1703
1719,1704
1719,1706
1719,1714
1719,1719
1720,1682
1720,1714
1720,1719
1720,1720
1720,1722
1720,1727
1721,1712
1721,1721
1721,1728
1721,1729
1721,1730
1721,1734
1721,1735
1722,1682
1722,1692
1722,1708
1722,1722
1722,1725
1723,1692
1723,1717
1723,1723
1723,1725
1724,1682
1724,1689
1724,1692
1724,1694
1724,1705
1724,1723
1725,1698
1725,1705
1725,1719
1725,1723
1726,1684
1726,1685
1726,1701
1726,1711
1726,1715
1726,1726
1727,1690
1727,1692
1727,1699
1727,1708
1727,1720
1727,1727
1728,1716
1728,1721
1728,1728
1728,1729
1728,1731
1728,1734
1729,1711
1729,1721
1729,1729
1729,1730
1729,1734
1730,399
1730,1711
1730,1728
1730,1729
1730,1730
1730,1731
1731,1686
1731,1718
1731,1731
1731,1732
1732,1685
1732,1686
1732,1687
1732,1688
1732,1691
1732,1701
1732,1710
1732,1715
1732,1726
1732,1732
1732,1733
1732,1734
1732,1735
1733,1687
1733,1689
1733,1690
1733,1732
1733,1733
1734,1691
1734,1718
1734,1721
1734,1726
1734,1728
1734,1732
1734,1734
1735,1683
1735,1713
1735,1715
1735,1718
1735,1730
1735,1735
1736,1736
1736,1737
1736,1739
1736,1767
1737,1693
1737,1696
1737,1707
1737,1736
1737,1773
1738,1738
1738,1744
1738,1770
1738,1773
1738,1788
1738,1792
1739,1736
1739,1739
1739,1740
1739,1745
1739,1770
1739,1773
1739,1774
1739,1785
1739,1790
1740,1740
1740,1744
1740,1766
1741,1741
1741,1743
1741,1749
1741,1789
1741,1797
1742,1742
1742,1749
1742,1775
1742,1776
1742,1794
1742,1795
1742,1798
1743,1746
1743,1749
1743,1761
1743,1776
1744,1744
1744,1753
1744,1769
1744,1771
1744,1772
1744,1785
1744,1790
1744,1792
1745,1738
1745,1739
1745,1744
1745,1745
1745,1772
1745,1773
1745,1790
1745,1792
1746,1746
1746,1747
1746,1749
1746,1794
1746,1797
1746,1800
1747,1759
1747,1793
1747,1798
1747,1819
1748,1748
1748,1750
1748,1765
1748,1778
1748,1779
1748,1791
1749,1741
1749,1742
1749,1749
1749,1761
1749,1775
1749,1789
1749,1798
1750,1748
1750,1750
1750,1756
1750,1763
1750,1765
1750,1781
1750,1791
1751,1751
1751,1755
1751,1763
1751,1764
1751,1778
1751,1781
1751,1784
1752,1752
1752,1753
1752,1762
1752,1792
1753,1744
1753,1753
1753,1769
1753,1787
1753,1792
1754,1754
1754,1760
1754,1772
1754,1787
1755,1755
1755,1756
1755,1758
1755,1762
1755,1765
1756,1750
1756,1756
1756,1784
1757,1751
1757,1757
1757,1764
1757,1776
1757,1784
1758,1750
1758,1757
1758,1758
1758,1779
1759,1741
1759,1742
1759,1747
1759,1799
1759,1806
1760,1752
1760,1760
1760,1762
1760,1791
1761,1741
1761,1742
1761,1749
1761,1759
1761,1761
1761,1776
1762,1752
1762,1753
1762,1754
1762,1757
1762,1790
1762,1791
1763,1751
1763,1763
1763,1764
1763,1791
1764,1748
1764,1751
1764,1757
1764,1758
1764,1763
1764,1764
1764,1779
1764,1791
1765,1750
1765,1755
1765,1764
1765,1765
1765,1777
1766,1738
1766,1745
1766,1766
1766,1772
1766,1780
1766,1788
1766,1790
1767,1736
1767,1739
1767,1773
1767,1774
1767,1782
1767,1786
1768,1707
1768,1768
1768,1782
1768,1786
1769,1738
1769,1766
1769,1770
1769,1785
1769,1790
1770,1736
1770,1737
1770,1744
1770,1762
1770,1767
1770,1770
1770,1771
1771,1739
1771,1770
1771,1774
1771,1786
1771,1788
1772,1745
1772,1752
1772,1760
1772,1772
1772,1779
1773,1736
1773,1739
1773,1745
1773,1766
1773,1767
1773,1770
1773,1771
1773,1773
1773,1780
1773,1785
1774,1696
1774,1771
1774,1774
1774,1780
1774,1786
1775,1742
1775,1746
1775,1775
1775,1776
1775,1777
1775,1789
1776,1741
1776,1743
1776,1761
1776,1775
1776,1776
1776,1777
1776,1795
1777,1749
1777,1750
1777,1755
1777,1765
1777,1776
1777,1777
1778,1748
1778,1756
1778,1777
1778,1779
1779,1743
1779,1751
1779,1778
1779,1781
1780,1740
1780,1745
1780,1766
1780,1769
1780,1780
1780,1788
1781,1748
1781,1756
1781,1764
1781,1765
1781,1781
1782,1694
1782,1697
1782,1709
1782,1774
1782,1782
1782,1783
1783,1709
1783,1737
1783,1768
1783,1782
1783,1783
1784,1756
1784,1757
1784,1762
1784,1784
1785,1738
1785,1744
1785,1753
1785,1766
1785,1785
1785,1788
1785,1792
1786,1695
1786,1700
1786,1768
1786,1773
1786,1774
1786,1786
1787,1764
1787,1772
1787,1785
1787,1787
1788,1740
1788,1744
1788,1745
1788,1773
1788,1780
1788,1790
1789,1743
1789,1759
1789,1761
1789,1776
1789,1789
1790,1738
1790,1739
1790,1766
1790,1769
1790,1773
1790,1780
1790,1785
1790,1790
1791,1754
1791,1758
1791,1778
1791,1779
1791,1781
1792,1745
1792,1754
1792,1760
1792,1762
1792,1769
1792,1773
1792,1785
1792,1787
1792,1788
1793,1747
1793,1793
1793,1796
1793,1797
1793,1806
1793,1819
1794,1742
1794,1747
1794,1789
1794,1794
1795,1743
1795,1746
1795,1749
1795,1799
1796,1793
1796,1796
1796,1797
1796,1799
1796,1800
1796,1812
1797,1775
1797,1793
1797,1796
1797,1798
1797,1800
1797,1819
1798,1741
1798,1793
1798,1795
1798,1798
1798,1799
1799,1747
1799,1759
1799,1794
1799,1795
1800,1746
1800,1793
1800,1796
1800,1800
1800,1806
1801,1801
1801,1809
1801,1811
1801,1815
1801,1826
1802,1802
1802,1803
1802,1804
1802,1807
1802,1808
1803,1803
1803,1813
1803,1818
1803,1825
1803,1826
1804,1802
1804,1804
1804,1810
1804,1811
1804,1813
1805,1807
1805,1810
1805,1812
1805,1815
1805,1822
1806,1804
1806,1806
1806,1812
1806,1815
1807,1801
1807,1802
1807,1804
1807,1807
1807,1813
1807,1826
1808,1803
1808,1808
1808,1813
1808,1814
1808,1818
1808,1821
1809,4
1809,1802
1809,1806
1809,1813
1809,1815
1810,4
1810,1809
1810,1810
1810,1812
1811,1807
1811,1811
1811,1823
1811,1824
1811,1826
1812,4
1812,1793
1812,1805
1812,1806
1812,1809
1812,1819
1813,1801
1813,1823
1813,1824
1813,1838
1814,1802
1814,1805
1814,1816
1814,1817
1814,1823
1815,1805
1815,1812
1815,1826
1816,1804
1816,1808
1816,1814
1816,1816
1816,1820
1816,1821
1817,1807
1817,1808
1817,1817
1817,1820
1817,1822
1818,1808
1818,1818
1818,1823
1818,1825
1819,1793
1819,1797
1819,1800
1819,1819
1820,1803
1820,1808
1820,1813
1820,1814
1820,1816
1820,1820
1821,1821
1821,1823
1821,1826
1821,1832
1821,1842
1822,1811
1822,1817
1823,1814
1823,1820
1823,1823
1823,1825
1824,1801
1824,1803
1824,1818
1824,1820
1824,1824
1825,1816
1825,1817
1825,1818
1825,1825
1825,1830
1826,1801
1826,1811
1826,1814
1826,1815
1826,1816
1826,1825
1827,1821
1827,1827
1827,1828
1827,1832
1827,1836
1827,1841
1828,1828
1828,1829
1828,1839
1829,1832
1829,1837
1829,1838
1829,1839
1829,1842
1830,1828
1830,1829
1830,1832
1830,1835
1830,1837
1831,1830
1831,1831
1831,1834
1831,1836
1831,1840
1831,1979
1832,1827
1832,1832
1832,1833
1832,1837
1832,1842
1833,1833
1833,1840
1833,1878
1833,1951
1834,1821
1834,1830
1834,1831
1834,1833
1834,1835
1834,1841
1835,1830
1835,1834
1835,1835
1835,1836
1835,1841
1836,1832
1836,1834
1836,1838
1836,1841
1836,1842
1837,1831
1837,1837
1837,1838
1837,1843
1838,1827
1838,1834
1838,1838
1838,1839
1839,1830
1839,1836
1839,1839
1839,1841
1840,1830
1840,1831
1840,1835
1840,1840
1840,1878
1840,1979
1841,1821
1841,1828
1841,1831
1841,1834
1841,1836
1841,1842
1842,1827
1842,1828
1842,1829
1842,1835
1842,1840
1843,1834
1843,1837
1844,1844
1844,1886
1844,1900
1844,1902
1844,1924
1844,1926
1845,1879
1845,1913
1845,1976
1845,1980
1845,1981
1846,1846
1846,1861
1846,1972
1846,1974
1847,1847
1847,1852
1847,1853
1847,1857
1847,1863
1847,1890
1847,1905
1847,1930
1848,1848
1848,1858
1848,1881
1848,1890
1848,1912
1848,1942
1849,1849
1849,1925
1849,1933
1849,1975
1850,1925
1850,1934
1850,1935
1850,1955
1850,1961
1850,1975
1851,1882
1851,1897
1852,1847
1852,1852
1852,1853
1852,1855
1852,1862
1852,1941
1853,1847
1853,1854
1853,1855
1853,1891
1853,1897
1853,1908
1854,1852
1854,1854
1854,1855
1854,1862
1854,1890
1854,1941
1855,1847
1855,1852
1855,1855
1855,1856
1855,1862
1855,1890
1855,1897
1856,1848
1856,1854
1856,1856
1856,1857
1856,1858
1856,1888
1856,1889
1856,1897
1856,1909
1857,1857
1857,1874
1857,1875
1857,1881
1857,1887
1857,1889
1857,1909
1858,1848
1858,1856
1858,1857
1858,1858
1858,1860
1858,1912
1859,1888
1859,1926
1860,1858
1860,1859
1860,1875
1860,1881
1860,1888
1860,1942
1861,1861
1861,1947
1861,1963
1861,1966
1861,1974
1862,1862
1862,1863
1862,1888
1862,1889
1862,1904
1862,1941
1863,1847
1863,1853
1863,1854
1863,1863
1863,1892
1863,1897
1864,1895
1864,1956
1864,2033
1864,2087
1865,1866
1865,1894
1865,1969
1866,1864
1866,1865
1866,1867
1866,1956
1866,1959
1866,1969
1866,2027
1866,2035
1867,1867
1867,1894
1867,1895
1867,2087
1868,1868
1868,1869
1868,1894
1868,1898
1868,2034
1868,2075
1868,2086
1868,2087
1869,1868
1869,1869
1869,1969
1869,2035
1869,2085
1869,2086
1869,2087
1869,2105
1870,1870
1870,1871
1870,1932
1870,1933
1870,1957
1870,1962
1870,1975
1870,1984
1871,1870
1871,1931
1871,1961
1871,1985
1872,1903
1872,1927
1873,1873
1873,1874
1873,1876
1873,1901
1873,1926
1873,1929
1874,1860
1874,1873
1874,1875
1874,1896
1874,1921
1875,1859
1875,1874
1875,1875
1875,1876
1875,1909
1876,1858
1876,1874
1877,1885
1877,1886
1877,1934
1878,4
1878,1833
1878,1878
1878,1944
1878,1950
1878,1951
1878,1965
1879,1845
1879,1853
1879,1882
1879,1907
1879,1913
1879,1976
1879,1981
1880,1880
1880,1883
1880,1886
1880,1910
1880,1920
1880,1970
1881,1848
1881,1856
1881,1860
1881,1881
1881,1888
1881,1912
1882,1879
1882,1906
1882,1908
1882,1976
1882,1977
1882,1986
1883,1883
1883,1884
1883,1885
1883,1911
1883,1923
1883,1957
1883,1970
1884,1883
1884,1884
1884,1910
1884,1911
1884,1920
1884,1922
1884,1961
1885,1884
1885,1885
1885,1886
1885,1893
1885,1911
1885,1920
1885,1935
1886,1877
1886,1880
1886,1885
1886,1886
1886,1887
1886,1896
1886,1910
1886,1911
1886,1920
1886,1924
1886,1970
1887,1880
1887,1884
1887,1885
1887,1886
1887,1887
1887,1893
1887,1921
1887,1943
1887,1957
1888,1858
1888,1881
1888,1888
1888,1889
1889,1854
1889,1860
1889,1888
1889,1889
1889,1890
1889,1914
1890,1852
1890,1854
1890,1855
1890,1856
1890,1941
1891,1855
1891,1892
1892,1863
1892,1897
1893,1885
1893,1893
1893,1896
1893,1901
1893,1902
1893,1921
1893,1927
1893,1929
1893,1970
1894,1864
1894,1867
1894,1894
1894,1895
1894,1968
1894,1969
1894,1978
1894,2019
1894,2087
1895,1866
1895,1867
1895,1868
1895,1894
1895,1895
1895,2087
1896,1873
1896,1896
1896,1902
1896,1903
1896,1926
1896,1927
1897,1847
1897,1852
1897,1863
1897,1888
1897,1897
1897,1905
1897,1930
1897,1941
1898,1865
1898,1894
1899,1844
1899,1927
1900,1886
1900,1926
1901,1873
1901,1893
1901,1899
1901,1900
1901,1901
1901,1902
1901,1923
1901,1926
1902,1901
1902,1902
1902,1903
1902,1920
1902,1923
1902,1924
1903,1872
1903,1873
1903,1893
1903,1926
1903,1929
1904,1851
1904,1904
1904,1905
1905,1847
1905,1863
1905,1904
1905,1906
1905,1977
1906,1845
1906,1904
1906,1905
1906,1906
1906,1907
1906,1913
1906,1976
1907,1879
1907,1882
1907,1907
1907,1908
1907,1913
1907,1977
1907,1980
1908,1879
1908,1905
1908,1906
1908,1907
1908,1913
1908,1980
1909,1848
1909,1857
1909,1909
1909,1914
1909,1942
1910,1877
1910,1880
1910,1885
1910,1910
1910,1924
1910,1925
1910,1933
1910,1943
1910,1957
1911,1883
1911,1884
1911,1885
1911,1887
1911,1910
1911,1911
1912,1881
1912,1909
1912,1942
1913,1845
1913,1879
1913,1882
1913,1906
1913,1907
1913,1913
1913,1980
1914,1848
1914,1875
1915,1915
1915,1916
1915,1917
1915,1946
1915,1961
1915,1962
1915,1968
1916,1915
1916,1916
1916,1917
1916,1918
1916,1946
1916,1960
1916,1962
1916,1968
1917,1915
1917,1916
1917,1918
1917,1956
1917,1962
1917,1978
1918,1917
1918,1918
1918,1919
1918,1946
1918,1956
1918,1962
1918,1978
1919,1916
1919,1917
1919,1918
1919,1919
1919,1971
1920,1880
1920,1884
1920,1886
1920,1887
1920,1911
1920,1920
1920,1926
1921,1885
1921,1886
1921,1893
1921,1896
1921,1921
1921,1926
1922,1911
1922,1921
1923,1883
1923,1893
1923,1901
1923,1910
1923,1922
1923,1923
1923,1927
1924,1844
1924,1885
1924,1886
1924,1923
1924,1924
1924,1927
1925,1849
1925,1850
1925,1925
1925,1932
1925,1934
1925,1955
1925,1975
1926,1872
1926,1886
1926,1893
1926,1901
1926,1902
1926,1903
1926,1921
1926,1924
1926,1926
1926,1927
1927,1844
1927,1873
1927,1896
1927,1899
1927,1902
1927,1923
1927,1926
1927,1927
1927,1929
1928,1849
1928,1871
1929,1844
1929,1874
1929,1893
1929,1929
1930,1852
1930,1897
1931,1870
1931,1928
1931,1931
1931,1932
1931,1934
1931,1957
1931,1984
1932,1870
1932,1925
1932,1931
1932,1933
1932,1934
1933,1871
1933,1910
1933,1925
1933,1928
1933,1933
1933,1934
1933,1935
1933,1958
1933,1975
1933,1984
1934,1850
1934,1871
1934,1910
1934,1932
1934,1933
1934,1934
1934,1955
1934,1958
1934,1961
1934,1985
1935,1870
1935,1933
1935,1935
1935,1955
1935,1958
1935,1971
1935,1985
1936,1845
1936,1936
1936,1940
1936,1977
1936,1982
1936,1983
1937,1845
1937,1937
1937,1938
1937,1949
1937,1964
1937,1972
1938,1937
1938,1938
1938,1939
1938,1952
1938,1983
1939,1940
1939,1952
1939,1963
1939,1982
1940,1861
1940,1939
1940,1952
1940,1965
1941,1853
1941,1854
1941,1855
1941,1856
1941,1862
1941,1891
1941,1941
1942,1857
1942,1875
1942,1881
1942,1909
1942,1912
1942,1942
1943,1883
1943,1887
1943,1943
1944,1840
1944,1945
1944,1963
1944,1966
1945,1944
1945,1945
1945,1949
1945,1950
1945,1972
1946,1916
1946,1917
1946,1946
1946,1960
1946,1978
1947,1861
1947,1936
1947,1937
1947,1947
1947,1952
1947,1953
1948,1936
1948,1937
1948,1939
1948,1947
1948,1948
1949,1846
1949,1949
1949,1954
1949,1974
1950,1944
1950,1950
1950,1951
1950,1963
1951,4
1951,1833
1951,1878
1951,1945
1951,1947
1951,1951
1951,1953
1952,1938
1952,1940
1952,1948
1952,1952
1952,1982
1952,1986
1953,1953
1953,1964
1953,1966
1954,1953
1954,1954
1954,1965
1954,1966
1954,1967
1955,1850
1955,1870
1955,1932
1955,1934
1955,1935
1955,1955
1955,1958
1955,1975
1955,1984
1955,1985
1956,1869
1956,1968
1956,1969
1956,1978
1956,2035
1957,1850
1957,1887
1957,1911
1957,1923
1957,1925
1957,1955
1957,1985
1958,1849
1958,1870
1958,1931
1958,1934
1958,1957
1958,1958
1958,1962
1959,1894
1959,1917
1960,1978
1961,1850
1961,1870
1961,1877
1961,1925
1961,1957
1961,1961
1961,1962
1961,1971
1961,1975
1962,1916
1962,1918
1962,1919
1962,1961
1962,1971
1962,1978
1963,1861
1963,1905
1963,1944
1963,1945
1963,1964
1963,1972
1964,1944
1964,1951
1964,1963
1964,1964
1964,1973
1965,1937
1965,1945
1965,1965
1965,1967
1965,1973
1965,1974
1966,1846
1966,1938
1966,1939
1966,1963
1966,1965
1966,1973
1967,1846
1967,1948
1967,1950
1967,1966
1967,1967
1968,1866
1968,1919
1968,1946
1968,1959
1968,1978
1969,1865
1969,1866
1969,1894
1969,1895
1969,1898
1969,1956
1969,1969
1969,2087
1969,2104
1970,1880
1970,1924
1970,1943
1970,1970
1971,1915
1971,1916
1971,1919
1971,1958
1971,1971
1971,2087
1972,1949
1972,1965
1972,1966
1972,1972
1973,1947
1973,1954
1973,1967
1973,1973
1974,1938
1974,1948
1974,1967
1974,1972
1974,1973
1974,1974
1975,1849
1975,1850
1975,1870
1975,1925
1975,1931
1975,1933
1975,1934
1975,1961
1975,1971
1975,1975
1976,1906
1976,1907
1976,1908
1976,1941
1976,1976
1976,1980
1977,1879
1977,1882
1977,1907
1977,1977
1977,1986
1978,1868
1978,1916
1978,1917
1978,1946
1978,1968
1978,1969
1978,1971
1979,1833
1979,1878
1980,1882
1980,1948
1980,1977
1980,1981
1980,1982
1981,1854
1981,1908
1981,1936
1981,1981
1981,1982
1981,1983
1982,1913
1982,1936
1982,1937
1982,1981
1982,1982
1982,1983
1982,1986
1983,1845
1983,1879
1983,1936
1983,1939
1983,1940
1983,1982
1984,1850
1984,1931
1984,1932
1984,1934
1984,1955
1985,1870
1985,1935
1985,1984
1985,1985
1986,1980
1986,1981
1986,1982
1986,1983
1986,1986
1987,1987
1987,1988
1987,1994
1987,2038
1987,2118
1988,1987
1988,1988
1988,1992
1988,1994
1988,2012
1988,2038
1988,2060
1988,2088
1988,2117
1988,2123
1988,2124
1989,1989
1989,1990
1989,1991
1989,2002
1989,2004
1989,2007
1989,2049
1990,1989
1990,1990
1990,2002
1990,2042
1990,2043
1990,2102
1991,2005
1991,2007
1991,2014
1991,2023
1991,2042
1992,1988
1992,1992
1992,1993
1992,1994
1992,2012
1992,2060
1992,2089
1993,1992
1993,1994
1993,2012
1993,2030
1994,1988
1994,1993
1994,2038
1994,2091
1994,2092
1994,2094
1994,2118
1994,2123
1995,1995
1995,1996
1995,2000
1995,2030
1995,2113
1996,1997
1996,2001
1996,2013
1996,2029
1996,2033
1997,1997
1997,1999
1997,2000
1997,2017
1997,2029
1997,2031
1997,2106
1998,2000
1998,2018
1998,2032
1998,2101
1999,1998
1999,1999
1999,2000
1999,2017
1999,2113
2000,1997
2000,1998
2000,1999
2000,2000
2000,2029
2000,2032
2000,2090
2000,2103
2000,2106
2000,2113
2000,2114
2001,1996
2001,2030
2001,2032
2001,2033
2001,2036
2002,1990
2002,1991
2002,2002
2002,2004
2002,2005
2002,2023
2002,2110
2003,1989
2003,2006
2003,2042
2003,2043
2003,2109
2004,1989
2004,1990
2004,2002
2004,2004
2004,2005
2004,2006
2004,2039
2004,2042
2004,2054
2004,2107
2005,2002
2005,2003
2005,2005
2005,2006
2005,2015
2005,2042
2005,2054
2006,2005
2006,2006
2006,2042
2006,2043
2006,2110
2007,1989
2007,2042
2007,2108
2007,2120
2008,2008
2008,2009
2008,2040
2008,2053
2008,2059
2008,2061
2009,2008
2009,2009
2009,2010
2009,2061
2009,2072
2009,2115
2010,2009
2010,2010
2010,2040
2010,2059
2010,2116
2010,2125
2011,2016
2012,1987
2012,1992
2012,1996
2012,2012
2012,2013
2012,2031
2012,2032
2012,2033
2012,2117
2013,1992
2013,2001
2013,2012
2013,2013
2013,2033
2013,2037
2013,2124
2014,2011
2014,2014
2014,2015
2014,2016
2014,2112
2015,2004
2015,2005
2015,2015
2015,2047
2015,2109
2015,2112
2016,2014
2016,2015
2016,2016
2017,2029
2017,2090
2017,2099
2017,2100
2018,2000
2018,2018
2018,2100
2018,2103
2019,2034
2019,2075
2019,2105
2020,1868
2020,2104
2020,2105
2021,2003
2021,2024
2021,2054
2021,2116
2021,2125
2022,2057
2022,2058
2022,2059
2022,2068
2022,2071
2022,2119
2023,1989
2023,1991
2023,2003
2023,2023
2023,2056
2024,2039
2024,2054
2025,2020
2025,2034
2025,2075
2025,2104
2026,1969
2026,2019
2027,2025
2027,2027
2027,2084
2027,2104
2027,2124
2028,2004
2028,2028
2028,2039
2028,2046
2028,2054
2028,2056
2028,2122
2029,1995
2029,1998
2029,2018
2029,2103
2030,1995
2030,2030
2030,2033
2030,2036
2031,1995
2031,2000
2031,2029
2031,2031
2031,2032
2031,2036
2031,2037
2032,1996
2032,1997
2032,1999
2032,2000
2032,2001
2032,2012
2032,2031
2033,1996
2033,2000
2033,2012
2033,2013
2033,2033
2033,2060
2033,2091
2033,2092
2033,2124
2034,1869
2034,1894
2034,1956
2034,2019
2034,2035
2034,2085
2034,2087
2035,1868
2035,1895
2035,1969
2035,2026
2035,2034
2035,2035
2035,2086
2035,2104
2035,2124
2036,1994
2036,2001
2036,2012
2036,2013
2036,2033
2036,2037
2036,2124
2037,2032
2037,2036
2037,2037
2037,2038
2037,2092
2038,1988
2038,1992
2038,2031
2038,2060
2038,2088
2038,2124
2039,2021
2039,2023
2039,2028
2039,2049
2039,2050
2039,2054
2039,2122
2040,2058
2040,2059
2040,2070
2040,2072
2040,2115
2041,2010
2041,2041
2041,2051
2041,2053
2041,2076
2041,2077
2041,2121
2042,1989
2042,1990
2042,1991
2042,2002
2042,2003
2042,2004
2042,2006
2042,2007
2042,2024
2042,2042
2042,2043
2042,2054
2042,2102
2042,2107
2042,2109
2042,2110
2042,2121
2043,1990
2043,2002
2043,2042
2043,2043
2043,2102
2043,2108
2044,2041
2044,2076
2045,7
2045,2045
2045,2067
2045,2069
2045,2078
2045,2080
2046,2050
2046,2054
2047,2049
2047,2121
2047,2125
2048,2041
2048,2047
2048,2122
2049,2021
2049,2039
2049,2048
2049,2049
2049,2050
2049,2054
2049,2122
2050,2010
2050,2028
2050,2044
2050,2048
2050,2049
2050,2050
2050,2056
2050,2125
2051,2008
2051,2010
2051,2051
2051,2053
2051,2055
2051,2061
2052,2053
2052,2072
2053,2008
2053,2009
2053,2051
2053,2052
2053,2061
2053,2071
2053,2072
2054,2015
2054,2021
2054,2028
2054,2039
2054,2042
2054,2048
2054,2049
2054,2050
2054,2054
2054,2056
2054,2077
2054,2109
2054,2120
2054,2121
2054,2122
2054,2125
2055,2097
2056,2004
2056,2050
2056,2116
2056,2120
2056,2122
2057,2057
2057,2058
2057,2070
2057,2071
2057,2081
2058,2010
2058,2058
2058,2059
2058,2061
2058,2098
2058,2115
2059,2022
2059,2041
2059,2059
2059,2061
2059,2071
2059,2115
2059,2119
2060,1987
2060,1988
2060,1993
2060,2088
2060,2089
2060,2118
2060,2123
2061,2008
2061,2040
2061,2041
2061,2051
2061,2055
2061,2058
2062,2062
2062,2064
2062,2066
2062,2074
2063,2062
2063,2063
2063,2066
2063,2095
2063,2096
2064,2064
2064,2074
2064,2095
2064,2096
2064,2154
2065,2063
2065,2064
2065,2066
2065,2074
2065,2095
2065,2137
2066,2062
2066,2065
2066,2073
2066,2083
2067,2057
2067,2067
2067,2068
2067,2070
2067,2080
2067,2081
2067,2082
2068,2069
2068,2070
2068,2078
2068,2079
2068,2082
2069,2068
2069,2069
2069,2070
2069,2080
2069,2082
2070,2067
2070,2070
2070,2078
2070,2079
2070,2080
2070,2081
2070,2119
2071,2008
2071,2045
2071,2058
2071,2071
2071,2072
2071,2097
2071,2115
2072,2008
2072,2009
2072,2051
2072,2061
2072,2067
2072,2072
2073,2062
2073,2073
2073,2083
2073,2095
2074,2065
2074,2066
2074,2073
2074,2074
2075,2020
2075,2075
2075,2092
2075,2104
2076,2041
2076,2050
2076,2054
2076,2076
2076,2077
2077,2010
2077,2044
2077,2076
2077,2077
2077,2120
2077,2122
2078,2045
2078,2063
2078,2066
2078,2068
2078,2078
2078,2082
2078,2096
2079,2022
2079,2068
2079,2069
2079,2082
2080,2070
2080,2079
2080,2081
2080,2082
2080,2096
2080,2119
2081,2022
2081,2045
2081,2069
2081,2081
2081,2082
2081,2096
2082,2045
2082,2057
2082,2069
2082,2070
2082,2079
2082,2080
2082,2081
2082,2082
2082,2119
2083,2062
2083,2063
2083,2065
2083,2074
2083,2083
2084,2027
2084,2085
2085,1869
2085,2027
2085,2086
2085,2087
2085,2093
2086,1869
2086,1994
2086,2025
2086,2034
2086,2035
2086,2075
2086,2085
2086,2086
2086,2124
2087,1864
2087,1865
2087,1868
2087,1869
2087,2034
2087,2035
2087,2086
2087,2087
2088,1994
2088,2012
2088,2038
2088,2089
2088,2091
2088,2117
2089,2013
2089,2060
2089,2088
2089,2089
2089,2118
2090,1997
2090,2000
2090,2017
2090,2090
2090,2099
2090,2100
2090,2101
2091,1988
2091,1992
2091,2060
2091,2091
2091,2117
2091,2123
2092,1987
2092,1994
2092,2036
2092,2085
2092,2092
2092,2093
2092,2094
2092,2123
2093,1864
2093,2026
2093,2086
2093,2093
2093,2094
2094,2025
2094,2034
2094,2036
2094,2091
2094,2092
2094,2094
2094,2105
2094,2124
2095,2063
2095,2065
2095,2073
2095,2095
2095,2137
2096,2045
2096,2062
2096,2068
2096,2073
2096,2078
2096,2096
2097,2059
2097,2071
2097,2097
2098,2022
2098,2040
2098,2098
2099,2017
2099,2099
2099,2100
2099,2103
2099,2111
2100,1997
2100,1999
2100,2000
2100,2090
2100,2100
2100,2101
2100,2103
2100,2112
2101,1997
2101,2101
2101,2114
2102,1990
2102,1991
2102,2006
2102,2042
2102,2043
2102,2102
2103,1996
2103,1997
2103,1998
2103,2000
2103,2001
2103,2017
2103,2042
2103,2100
2103,2103
2103,2106
2104,1869
2104,2025
2104,2035
2104,2075
2104,2093
2104,2104
2104,2105
2104,2124
2105,1866
2105,2019
2105,2020
2105,2035
2105,2086
2105,2092
2105,2105
2105,2123
2106,1997
2106,1999
2106,2018
2106,2103
2106,2106
2106,2113
2107,2004
2107,2023
2108,2003
2108,2006
2108,2042
2108,2108
2109,1990
2109,1991
2109,2015
2109,2042
2109,2043
2109,2109
2109,2111
2110,2002
2110,2007
2110,2108
2110,2110
2111,2011
2111,2112
2112,2099
2112,2112
2112,2113
2112,2114
2113,2000
2113,2014
2113,2090
2113,2109
2113,2112
2113,2113
2113,2114
2114,2000
2114,2018
2114,2090
2114,2100
2114,2106
2114,2109
2114,2113
2115,2040
2115,2053
2115,2058
2115,2071
2116,2046
2116,2049
2116,2076
2116,2077
2116,2121
2117,1988
2117,1992
2117,1994
2117,2012
2117,2036
2117,2088
2117,2117
2117,2124
2118,1993
2118,1994
2118,2088
2118,2091
2118,2117
2118,2118
2119,2022
2119,2067
2119,2080
2119,2082
2119,2096
2119,2119
2120,2021
2120,2054
2120,2098
2120,2116
2120,2121
2120,2122
2121,2004
2121,2028
2121,2041
2121,2050
2121,2054
2121,2121
2121,2122
2122,2028
2122,2049
2122,2050
2122,2054
2122,2076
2122,2120
2122,2121
2122,2122
2123,2033
2123,2037
2123,2038
2123,2091
2123,2094
2123,2123
2123,2124
2124,1866
2124,2019
2124,2027
2124,2033
2124,2036
2124,2060
2124,2075
2124,2086
2124,2089
2124,2092
2124,2094
2124,2104
2124,2118
2124,2123
2124,2124
2125,2021
2125,2039
2125,2047
2125,2050
2125,2054
2125,2077
2125,2125
2126,2126
2126,2129
2126,2142
2126,2153
2126,6096
2127,2130
2127,2132
2127,2136
2127,2138
2127,2148
2127,2151
2127,2156
2128,2064
2128,2130
2128,2137
2128,2156
2129,2129
2129,2135
2129,2142
2129,2153
2129,6096
2130,2064
2130,2130
2130,2133
2130,2148
2131,2131
2131,2133
2131,2152
2131,2155
2132,2127
2132,2132
2132,2134
2132,2139
2132,2148
2132,2155
2133,2127
2133,2131
2133,2132
2133,2133
2133,2149
2134,2127
2134,2131
2134,2134
2134,2154
2135,2129
2135,2135
2135,2136
2135,2147
2135,2155
2136,2127
2136,2129
2136,2131
2136,2135
2136,2150
2137,2128
2137,2137
2137,2138
2137,2140
2137,2146
2138,2128
2138,2132
2138,2137
2138,2138
2138,2140
2139,2132
2139,2136
2139,2138
2139,2139
2139,2146
2140,2134
2140,2138
2140,2140
2140,2147
2141,2126
2141,2129
2141,2141
2141,2147
2141,2150
2142,2136
2142,2141
2142,2147
2142,2151
2142,2153
2146,2128
2146,2133
2146,2134
2146,2146
2146,2148
2146,2154
2147,2127
2147,2142
2147,2147
2147,2149
2147,2152
2147,2155
2148,2140
2148,2146
2148,2148
2148,2154
2149,2133
2149,2151
2149,2152
2149,5379
2150,2131
2150,2135
2150,2147
2150,2150
2150,2152
2151,2127
2151,2136
2151,2149
2152,2135
2152,2141
2152,2142
2152,2151
2152,2152
2153,2126
2153,2136
2153,2141
2153,2150
2153,2153
2153,2155
2153,5384
2153,6096
2154,2139
2154,2146
2154,2153
2154,2156
2155,2126
2155,2132
2155,2142
2155,2150
2155,2153
2155,2155
2156,2127
2156,2128
2156,2130
2156,2139
2156,2146
2156,2156
2157,179
2157,2157
2157,2163
2157,2167
2157,2168
2157,2172
2157,2387
2157,2412
2158,2158
2158,2159
2158,2171
2158,2173
2158,2184
2158,2185
2158,2186
2158,2187
2159,2159
2159,2166
2159,2170
2159,2175
2159,2180
2159,2188
2160,2160
2160,2161
2160,2178
2160,2179
2160,2182
2160,2183
2161,2160
2161,2175
2161,2182
2161,2183
2161,2196
2161,2197
2161,2198
2162,2158
2162,2162
2162,2166
2162,2169
2162,2179
2163,2157
2163,2163
2163,2167
2163,2168
2163,2172
2163,2184
2163,2387
2163,2399
2163,2401
2163,2411
2163,2414
2164,2164
2164,2174
2164,2176
2164,2177
2164,2202
2164,2204
2164,2233
2165,2163
2165,2165
2165,2166
2165,2167
2165,2168
2165,2173
2166,2159
2166,2160
2166,2162
2166,2166
2166,2178
2166,2185
2166,2187
2166,2188
2166,2199
2167,2157
2167,2163
2167,2167
2167,2168
2167,2170
2167,2172
2167,2184
2167,2383
2167,2413
2167,6093
2168,1529
2168,2158
2168,2163
2168,2167
2168,2168
2168,2172
2168,2180
2168,2184
2168,2377
2168,2392
2168,2418
2168,2422
2169,2158
2169,2162
2169,2169
2169,2171
2169,2179
2169,2187
2169,2197
2170,2169
2170,2170
2170,2180
2170,2185
2171,2165
2171,2166
2171,2171
2171,2173
2171,2186
2171,2187
2172,2157
2172,2163
2172,2168
2172,2172
2172,2184
2172,2381
2172,2392
2172,2398
2172,2400
2172,2401
2172,2412
2172,2413
2172,2414
2173,2160
2173,2162
2173,2166
2173,2171
2173,2173
2173,2186
2173,2187
2174,2161
2174,2164
2174,2174
2174,2175
2174,2176
2174,2189
2174,2197
2175,2160
2175,2162
2175,2175
2175,2177
2175,2179
2175,2181
2175,2199
2176,2161
2176,2164
2176,2182
2176,2191
2176,2194
2176,2203
2176,2204
2177,2161
2177,2164
2177,2174
2177,2175
2177,2176
2177,2177
2177,2182
2177,2199
2177,2202
2178,2158
2178,2159
2178,2160
2178,2175
2178,2178
2178,2179
2178,2188
2179,2159
2179,2161
2179,2164
2179,2170
2179,2171
2179,2175
2179,2179
2179,2186
2179,2187
2180,2165
2180,2173
2180,2180
2180,2185
2180,2186
2181,2161
2181,2176
2181,2178
2181,2182
2181,2183
2181,2194
2181,2204
2182,2161
2182,2164
2182,2176
2182,2177
2182,2181
2182,2182
2182,2197
2182,2204
2183,2176
2183,2179
2183,2181
2183,2183
2183,2200
2184,2163
2184,2165
2184,2168
2184,2170
2184,2178
2184,2184
2184,2187
2185,2162
2185,2165
2185,2169
2185,2170
2185,2180
2185,2184
2185,2185
2185,2186
2186,2158
2186,2165
2186,2166
2186,2173
2186,2185
2186,2186
2186,2188
2187,2158
2187,2160
2187,2169
2187,2170
2187,2171
2187,2184
2187,2185
2187,2187
2187,2188
2188,2159
2188,2166
2188,2169
2188,2177
2188,2179
2188,2186
2188,2187
2188,2188
2189,2174
2189,2189
2189,2191
2189,2192
2189,2205
2189,2223
2189,2226
2190,2190
2190,2194
2190,2201
2190,2203
2190,2205
2190,2225
2191,2164
2191,2189
2191,2191
2191,2193
2191,2196
2191,2198
2191,2199
2191,2205
2192,2189
2192,2192
2192,2195
2192,2201
2192,2203
2192,2214
2192,2223
2193,2181
2193,2182
2193,2183
2193,2190
2193,2191
2193,2193
2193,2203
2193,2205
2193,2214
2194,2174
2194,2177
2194,2194
2194,2196
2194,2198
2194,2202
2195,2189
2195,2193
2195,2195
2195,2200
2195,2201
2195,2202
2195,2203
2195,2223
2195,2233
2196,2161
2196,2191
2196,2192
2196,2193
2196,2196
2196,2200
2196,2202
2196,2205
2196,2233
2197,2174
2197,2182
2197,2193
2197,2197
2197,2199
2197,2204
2198,2190
2198,2194
2198,2196
2198,2198
2198,2200
2198,2203
2198,2205
2198,2219
2199,2177
2199,2178
2199,2181
2199,2182
2199,2193
2199,2199
2200,2193
2200,2198
2200,2200
2200,2202
2200,2205
2200,2214
2201,2190
2201,2191
2201,2195
2201,2196
2201,2201
2201,2205
2201,2214
2202,2161
2202,2174
2202,2189
2202,2194
2202,2197
2202,2198
2202,2202
2203,2177
2203,2193
2203,2196
2203,2198
2203,2200
2203,2203
2203,2214
2204,2177
2204,2183
2204,2191
2204,2197
2204,2199
2204,2204
2205,2190
2205,2191
2205,2192
2205,2195
2205,2205
2205,2214
2205,2223
2206,2206
2206,2213
2206,2228
2206,2235
2206,2236
2207,2207
2207,2208
2207,2209
2207,2210
2207,2215
2207,2218
2207,2219
2207,2220
2207,2223
2207,2227
2208,2207
2208,2208
2208,2218
2208,2222
2208,2224
2208,2225
2208,2232
2208,2236
2209,2210
2209,2216
2209,2220
2209,2228
2209,2234
2209,2236
2210,2207
2210,2208
2210,2210
2210,2211
2210,2215
2210,2222
2210,2228
2210,2234
2211,2209
2211,2211
2211,2216
2211,2217
2211,2230
2211,2246
2211,2258
2212,2217
2212,2228
2212,2239
2212,2246
2212,2258
2212,2263
2212,2266
2213,2213
2213,2220
2213,2222
2213,2224
2213,2225
2213,2226
2213,2227
2213,2232
2213,2236
2214,2190
2214,2198
2214,2201
2214,2214
2214,2221
2214,2223
2215,2208
2215,2209
2215,2215
2215,2236
2215,2246
2215,2260
2216,2209
2216,2216
2216,2218
2216,2224
2216,2230
2216,2239
2216,2244
2216,2246
2216,2263
2217,2211
2217,2212
2217,2217
2217,2239
2217,2247
2217,2260
2217,2261
2218,2206
2218,2209
2218,2218
2218,2220
2218,2225
2218,2226
2218,2227
2218,2233
2219,2206
2219,2216
2219,2218
2219,2219
2219,2221
2219,2225
2219,2231
2219,2235
2220,2207
2220,2209
2220,2215
2220,2219
2220,2222
2220,2225
2220,2229
2220,2236
2221,2206
2221,2207
2221,2221
2221,2226
2221,2235
2221,2236
2222,2207
2222,2208
2222,2213
2222,2219
2222,2220
2222,2222
2223,2190
2223,2192
2223,2207
2223,2214
2223,2221
2223,2223
2224,2208
2224,2215
2224,2224
2224,2230
2224,2232
2225,2207
2225,2213
2225,2218
2225,2219
2225,2221
2225,2222
2225,2225
2225,2227
2225,2231
2225,2233
2225,2234
2225,2235
2226,2189
2226,2206
2226,2218
2226,2222
2226,2223
2226,2226
2226,2233
2226,2235
2227,2206
2227,2213
2227,2218
2227,2219
2227,2221
2227,2226
2227,2231
2227,2235
2228,2207
2228,2210
2228,2212
2228,2220
2228,2224
2228,2228
2228,2232
2229,2211
2229,2212
2229,2216
2229,2229
2229,2246
2229,2279
2229,2280
2230,2210
2230,2212
2230,2216
2230,2229
2230,2230
2230,2232
2230,2246
2230,2267
2231,2213
2231,2222
2231,2226
2231,2227
2231,2231
2231,2233
2231,2235
2232,2207
2232,2208
2232,2216
2232,2228
2232,2232
2233,2189
2233,2195
2233,2213
2233,2218
2233,2226
2233,2227
2233,2233
2234,2208
2234,2211
2234,2215
2234,2216
2234,2230
2234,2234
2234,2261
2235,2209
2235,2210
2235,2220
2235,2225
2235,2226
2235,2231
2235,2233
2236,2206
2236,2208
2236,2209
2236,2213
2236,2220
2236,2224
2236,2225
2236,2231
2236,2234
2236,2236
2237,2237
2237,2242
2237,2245
2237,2249
2237,2259
2237,2266
2238,2259
2238,2286
2238,2287
2239,2239
2239,2240
2239,2241
2239,2247
2239,2251
2239,2260
2239,2266
2240,2240
2240,2241
2240,2242
2240,2261
2240,2266
2240,2280
2241,2241
2241,2242
2241,2267
2241,2273
2241,2274
2242,2217
2242,2237
2242,2242
2242,2243
2242,2258
2242,2262
2242,2267
2242,2277
2242,2278
2243,2211
2243,2242
2243,2243
2243,2244
2243,2245
2243,2258
2243,2271
2244,2259
2244,2275
2245,2245
2245,2249
2245,2251
2245,2254
2245,2256
2245,2262
2245,2265
2245,2271
2245,2273
2245,2277
2245,2278
2246,2212
2246,2217
2246,2230
2246,2234
2246,2239
2246,2240
2246,2246
2246,2263
2246,2280
2247,2237
2247,2247
2247,2248
2247,2260
2247,2261
2248,2230
2248,2239
2248,2246
2248,2248
2249,2242
2249,2243
2249,2245
2249,2249
2249,2254
2249,2262
2249,2268
2249,2273
2249,2277
2250,2264
2250,2268
2250,2278
2251,2244
2251,2250
2251,2251
2251,2254
2251,2272
2251,2280
2251,2281
2251,2287
2252,2255
2252,2269
2252,2286
2253,2249
2253,2251
2253,2278
2254,2249
2254,2251
2254,2254
2254,2262
2254,2268
2254,2271
2254,2273
2254,2275
2254,2281
2255,2238
2255,2255
2255,2269
2255,2270
2255,2285
2255,2306
2256,2252
2256,2269
2256,2270
2257,2270
2257,2286
2257,2306
2258,2210
2258,2212
2258,2247
2258,2258
2258,2261
2258,2263
2258,2266
2259,2255
2259,2257
2259,2259
2259,2270
2259,2281
2259,2282
2259,2284
2259,2309
2260,2229
2260,2239
2260,2248
2260,2258
2260,2260
2260,2266
2260,2267
2261,2211
2261,2229
2261,2234
2261,2242
2261,2243
2261,2258
2261,2261
2261,2266
2262,2239
2262,2241
2262,2242
2262,2245
2262,2249
2262,2254
2262,2262
2262,2273
2262,2274
2262,2278
2262,2280
2262,2281
2263,2216
2263,2230
2263,2241
2263,2248
2263,2263
2263,2267
2264,2241
2264,2245
2264,2254
2265,2237
2265,2254
2265,2264
2266,2212
2266,2215
2266,2217
2266,2229
2266,2240
2266,2247
2266,2266
2266,2267
2267,2210
2267,2212
2267,2240
2267,2258
2267,2261
2267,2263
2267,2266
2267,2267
2268,2245
2268,2249
2268,2251
2268,2262
2268,2265
2268,2268
2268,2275
2268,2277
2269,2256
2269,2259
2269,2269
2269,2270
2269,2282
2269,2284
2269,2286
2269,2287
2269,2308
2270,2269
2270,2282
2270,2283
2270,2287
2271,2237
2271,2242
2271,2271
2271,2273
2271,2278
2271,2279
2272,2245
2272,2250
2272,2253
2273,2240
2273,2241
2273,2243
2273,2245
2273,2249
2273,2250
2273,2264
2273,2271
2273,2273
2273,2277
2273,2278
2273,2281
2274,2272
2274,2278
2274,2281
2275,2273
2275,2277
2276,2252
2276,2269
2276,2286
2277,2245
2277,2249
2277,2251
2277,2262
2277,2268
2277,2277
2277,2281
2278,2245
2278,2251
2278,2262
2278,2271
2278,2273
2278,2274
2278,2278
2278,2279
2279,2253
2279,2272
2280,2211
2280,2240
2280,2242
2280,2249
2280,2254
2280,2259
2280,2280
2281,2237
2281,2249
2281,2251
2281,2254
2281,2255
2281,2262
2281,2268
2281,2273
2281,2278
2281,2281
2282,2251
2282,2270
2282,2282
2282,2283
2282,2285
2282,2290
2282,2310
2282,2311
2283,2270
2283,2276
2283,2282
2283,2283
2283,2286
2283,2287
2283,2308
2284,2255
2284,2256
2284,2269
2284,2282
2284,2285
2284,2286
2284,2288
2284,2309
2284,2310
2285,2276
2285,2282
2285,2284
2285,2285
2285,2286
2285,2295
2285,2309
2285,2311
2286,2251
2286,2252
2286,2255
2286,2257
2286,2259
2286,2283
2286,2285
2286,2287
2287,2255
2287,2257
2287,2259
2287,2276
2287,2284
2287,2287
2287,2294
2287,2309
2288,2282
2288,2288
2288,2290
2288,2291
2288,2292
2288,2294
2288,2300
2288,2308
2289,2289
2289,2293
2289,2295
2289,2305
2289,2315
2289,2321
2289,2326
2289,2335
2290,2290
2290,2291
2290,2299
2290,2300
2290,2306
2290,2310
2290,2313
2291,2284
2291,2288
2291,2290
2291,2291
2291,2292
2291,2308
2291,2311
2292,2291
2292,2292
2292,2304
2292,2306
2292,2310
2292,2311
2293,2293
2293,2295
2293,2297
2293,2312
2293,2314
2293,2315
2293,2327
2294,2288
2294,2291
2294,2294
2294,2297
2294,2299
2294,2300
2294,2306
2294,2310
2295,2289
2295,2300
2295,2302
2295,2303
2295,2307
2296,2296
2296,2297
2296,2298
2296,2303
2296,2305
2296,2307
2297,2293
2297,2296
2297,2297
2297,2301
2297,2302
2297,2313
2297,2320
2298,2296
2298,2297
2298,2298
2298,2305
2298,2313
2298,2337
2299,2288
2299,2290
2299,2292
2299,2294
2299,2299
2299,2302
2299,2313
2300,2294
2300,2295
2300,2299
2300,2300
2300,2305
2300,2308
2301,2289
2301,2297
2301,2301
2301,2305
2301,2320
2301,2326
2301,2334
2301,2343
2302,2299
2302,2300
2302,2302
2302,2313
2302,2315
2303,2295
2303,2297
2303,2298
2303,2302
2303,2303
2303,2305
2303,2307
2304,2284
2304,2296
2304,2298
2304,2300
2304,2304
2304,2313
2304,2314
2305,2296
2305,2298
2305,2305
2305,2307
2305,2312
2306,2255
2306,2269
2306,2285
2306,2292
2306,2294
2306,2306
2306,2309
2307,2289
2307,2295
2307,2301
2307,2303
2307,2304
2307,2307
2307,2327
2308,2284
2308,2290
2308,2291
2308,2292
2308,2294
2308,2308
2309,2270
2309,2283
2309,2284
2309,2285
2309,2290
2309,2309
2309,2311
2310,2288
2310,2291
2310,2292
2310,2294
2310,2306
2310,2309
2310,2310
2310,2311
2311,2282
2311,2288
2311,2291
2311,2295
2311,2299
2311,2308
2311,2310
2311,2311
2312,2293
2312,2297
2312,2301
2313,2301
2313,2303
2313,2304
2313,2313
2314,2289
2314,2293
2314,2314
2314,2315
2314,2326
2314,2327
2315,2307
2315,2315
2315,2320
2315,2322
2315,2325
2315,2335
2315,2337
2315,2338
2316,2316
2316,2317
2316,2331
2316,2338
2316,2341
2316,2346
2316,2347
2317,2332
2317,2341
2317,2353
2318,2318
2318,2324
2318,2329
2318,2331
2318,2357
2318,2365
2318,2366
2319,2319
2319,2336
2319,2341
2319,2346
2319,2350
2319,2353
2320,2295
2320,2296
2320,2315
2320,2320
2320,2326
2320,2327
2320,2343
2320,2352
2321,2314
2321,2321
2321,2327
2321,2350
2321,2352
2322,2293
2322,2301
2322,2320
2322,2322
2322,2325
2322,2326
2322,2327
2322,2343
2322,2351
2323,2323
2323,2328
2323,2330
2323,2333
2323,2334
2323,2344
2323,2346
2323,2357
2323,2373
2324,2318
2324,2323
2324,2324
2324,2328
2324,2330
2324,2345
2325,2325
2325,2326
2325,2327
2325,2335
2325,2336
2325,2352
2326,2289
2326,2314
2326,2322
2326,2326
2326,2336
2326,2342
2326,2343
2326,2352
2327,2315
2327,2320
2327,2321
2327,2322
2327,2327
2328,2318
2328,2323
2328,2324
2328,2328
2328,2329
2328,2340
2328,2348
2329,2318
2329,2323
2329,2324
2329,2328
2329,2329
2329,2333
2329,2334
2330,2323
2330,2330
2330,2331
2330,2339
2330,2344
2330,2345
2331,2324
2331,2331
2331,2339
2331,2347
2331,2348
2331,2349
2332,2316
2332,2332
2332,2341
2332,2344
2332,2345
2332,2351
2333,2318
2333,2324
2333,2328
2333,2333
2333,2353
2333,2357
2334,2316
2334,2323
2334,2330
2334,2334
2334,2340
2334,2345
2334,2347
2334,2348
2335,2289
2335,2301
2335,2316
2335,2319
2335,2325
2335,2335
2335,2336
2335,2337
2335,2366
2336,2314
2336,2315
2336,2320
2336,2322
2336,2335
2336,2337
2336,2342
2336,2351
2337,2325
2337,2326
2337,2332
2337,2335
2337,2336
2337,2342
2337,2350
2337,2351
2338,2317
2338,2331
2338,2332
2338,2338
2338,2341
2338,2345
2339,2316
2339,2339
2339,2341
2339,2344
2339,2345
2339,2346
2339,2352
2339,2353
2340,2345
2340,2349
2340,2357
2341,2316
2341,2321
2341,2338
2341,2339
2341,2341
2341,2345
2341,2347
2341,2348
2341,2350
2341,2351
2341,2353
2342,2325
2342,2332
2342,2338
2342,2342
2342,2352
2343,2293
2343,2301
2343,2321
2343,2322
2343,2336
2343,2337
2343,2343
2343,2350
2344,2333
2344,2339
2344,2344
2344,2345
2344,2361
2344,2367
2345,2316
2345,2338
2345,2340
2345,2344
2345,2346
2345,2347
2345,2348
2345,2351
2346,2316
2346,2319
2346,2329
2346,2330
2346,2339
2346,2341
2346,2344
2346,2346
2346,2348
2346,2349
2347,2324
2347,2331
2347,2334
2347,2341
2347,2347
2347,2353
2347,2366
2348,2328
2348,2339
2348,2344
2348,2346
2348,2347
2348,2348
2348,2349
2348,2351
2349,2330
2349,2331
2349,2332
2349,2333
2349,2334
2349,2345
2349,2349
2349,2353
2350,2319
2350,2321
2350,2322
2350,2335
2350,2337
2350,2350
2351,2319
2351,2324
2351,2326
2351,2336
2351,2337
2351,2338
2351,2343
2351,2351
2352,2289
2352,2319
2352,2321
2352,2325
2352,2336
2352,2343
2352,2352
2353,2323
2353,2329
2353,2334
2353,2337
2353,2339
2353,2347
2353,2348
2353,2353
2354,2354
2354,2355
2354,2361
2354,2363
2354,2365
2354,2366
2354,2373
2355,635
2355,2354
2355,2355
2355,2359
2355,2366
2355,2368
2355,2371
2355,2374
2356,2356
2356,2361
2356,2363
2356,2365
2356,2366
2356,2370
2356,2373
2357,2329
2357,2333
2357,2345
2357,2348
2357,2357
2357,2366
2358,2355
2358,2359
2358,2360
2358,2365
2358,2369
2358,2386
2359,635
2359,2355
2359,2358
2359,2359
2359,2364
2359,2368
2359,2370
2359,2372
2360,2354
2360,2355
2360,2358
2360,2360
2360,2362
2360,2369
2360,2372
2361,2361
2361,2362
2361,2363
2361,2364
2361,2367
2361,2373
2362,2354
2362,2356
2362,2361
2362,2362
2362,2368
2362,2371
2363,2356
2363,2360
2363,2362
2363,2363
2363,2364
2363,2365
2363,2367
2363,2379
2364,2354
2364,2356
2364,2364
2364,2373
2365,2318
2365,2356
2365,2362
2365,2363
2365,2365
2365,2367
2366,2328
2366,2345
2366,2354
2366,2356
2366,2357
2366,2361
2366,2363
2366,2366
2367,2354
2367,2355
2367,2363
2367,2365
2367,2367
2367,2371
2368,2355
2368,2358
2368,2359
2368,2368
2368,2369
2368,2370
2369,2358
2369,2360
2369,2368
2369,2369
2369,2370
2369,2372
2370,577
2370,2355
2370,2358
2370,2368
2370,2370
2370,2372
2370,2374
2370,2393
2370,2406
2371,180
2371,2318
2371,2359
2371,2363
2371,2367
2371,2370
2371,2371
2372,2358
2372,2368
2372,2369
2372,2370
2372,2371
2372,2372
2372,2374
2372,2377
2372,2403
2373,2356
2373,2358
2373,2365
2373,2367
2373,2373
2374,180
2374,197
2374,635
2374,2368
2374,2369
2374,2374
2374,2391
2374,2392
2374,2394
2375,2380
2375,2383
2375,2394
2375,2404
2376,180
2376,635
2376,2376
2376,2377
2376,2382
2376,2387
2376,2392
2376,2393
2376,2404
2376,2406
2377,2369
2377,2374
2377,2377
2377,2378
2377,2379
2377,2382
2377,2387
2377,2392
2377,2396
2377,2397
2377,2404
2377,5609
2378,2377
2378,2387
2378,2392
2378,2395
2379,2369
2379,2378
2379,2379
2379,2384
2379,2392
2379,2406
2380,2379
2380,2387
2380,2394
2380,2403
2381,1528
2381,2157
2381,2387
2381,2394
2382,2374
2382,2378
2382,2382
2382,2387
2382,2391
2382,2392
2382,2393
2382,2394
2382,2397
2382,2403
2382,2408
2383,2370
2383,2375
2383,2377
2383,2383
2383,2386
2383,2387
2383,2388
2383,2390
2383,2393
2383,2395
2383,2404
2383,2406
2384,2377
2384,2379
2384,2386
2384,2389
2384,2392
2385,2187
2385,2382
2385,2383
2385,2384
2385,2385
2385,2386
2385,2392
2385,2394
2386,2163
2386,2392
2386,2404
2386,2406
2387,2376
2387,2377
2387,2378
2387,2379
2387,2380
2387,2381
2387,2383
2387,2384
2387,2385
2387,2387
2387,2392
2387,2394
2387,2406
2388,2378
2388,2388
2388,2390
2388,5609
2389,2383
2389,2387
2389,2390
2390,2376
2390,2388
2390,2389
2390,2390
2390,2393
2390,2397
2391,2382
2391,2390
2391,2392
2391,2406
2392,635
2392,2163
2392,2168
2392,2374
2392,2375
2392,2377
2392,2378
2392,2379
2392,2382
2392,2383
2392,2384
2392,2385
2392,2387
2392,2391
2392,2392
2392,2394
2392,2395
2392,2403
2392,2404
2393,2374
2393,2376
2393,2383
2393,2387
2393,2390
2393,2391
2393,2393
2393,2396
2393,2406
2393,2420
2394,2376
2394,2377
2394,2385
2394,2387
2394,2392
2394,2394
2394,2403
2394,2404
2394,2406
2394,2420
2395,2377
2395,2383
2395,2385
2395,2392
2395,2406
2395,2412
2396,2168
2396,2377
2396,2386
2396,2393
2396,2403
2396,2406
2397,2376
2397,2382
2397,2392
2398,179
2398,2398
2398,2399
2398,2401
2398,2402
2398,2405
2398,2410
2398,2411
2399,37
2399,2163
2399,2172
2399,2399
2399,2405
2399,2407
2399,2408
2399,2414
2399,2415
2399,2416
2399,2417
2400,10
2400,2163
2400,2398
2401,37
2401,179
2401,2167
2401,2168
2401,2172
2401,2401
2401,2413
2402,2157
2402,2398
2403,2375
2403,2377
2403,2382
2403,2383
2403,2385
2403,2394
2403,2396
2403,2403
2403,2404
2403,2406
2403,2411
2403,5609
2404,2163
2404,2383
2404,2393
2404,2396
2404,2398
2404,2403
2404,2404
2404,2406
2404,2408
2404,2411
2404,2412
2404,2419
2404,2421
2404,2422
2405,2157
2405,2398
2405,2400
2405,2402
2405,2405
2405,2407
2405,2409
2405,2416
2405,2419
2406,2372
2406,2376
2406,2380
2406,2382
2406,2383
2406,2385
2406,2390
2406,2392
2406,2403
2406,2404
2406,2406
2406,2413
2406,2419
2407,6
2407,2399
2407,2407
2407,2409
2407,2412
2408,2394
2408,2405
2408,2406
2408,2408
2408,2411
2408,2417
2408,2419
2408,2422
2409,2405
2409,2407
2410,2163
2410,2398
2410,2405
2411,2376
2411,2393
2411,2408
2411,2411
2411,2418
2411,2419
2411,2420
2412,10
2412,2167
2412,2172
2412,2399
2412,2406
2412,2408
2412,2412
2412,2413
2413,6
2413,38
2413,179
2413,2163
2413,2168
2413,2401
2413,2412
2413,2413
2413,2414
2413,2417
2413,2422
2413,5661
2414,2157
2414,2401
2414,2403
2414,2413
2415,2399
2415,2422
2416,2399
2416,6093
2417,2399
2417,2401
2417,2407
2418,2163
2418,2408
2418,2419
2419,2398
2419,2404
2419,2406
2419,2408
2419,2411
2419,2415
2419,2419
2420,2394
2420,2404
2420,2419
2421,2404
2421,2407
2421,2418
2422,16
2422,2172
2422,2414
2422,2421
2422,2422
2478,6
2478,16
4807,6
4807,10
4807,2478
4807,4807
4807,5335
4807,6008
5136,11
5136,36
5136,97
5136,105
5136,5136
5288,10
5288,4807
5288,5136
5288,5335
5288,5346
5288,6008
5289,5289
5289,6008
5335,6
5335,5335
5335,5349
5335,5350
5335,5355
5335,6008
5335,6097
5336,16
5336,5335
5336,5336
5336,5391
5336,5393
5346,5288
5346,5346
5346,5355
5346,6005
5349,5336
5349,5349
5349,5355
5349,5381
5349,5382
5349,6100
5350,5288
5350,6006
5355,16
5355,5288
5355,5335
5355,5346
5355,5349
5355,5350
5355,5355
5355,6006
5358,12
5358,5358
5358,5379
5358,5395
5358,5398
5358,5404
5358,5405
5362,5398
5362,5400
5379,12
5379,5358
5379,5379
5379,5384
5379,5398
5379,5401
5380,5382
5380,5383
5380,5392
5380,5403
5381,5383
5381,5385
5381,5386
5381,5388
5381,5391
5381,5406
5382,6
5382,5382
5382,5387
5382,5389
5382,5391
5383,5385
5383,5389
5383,5402
5383,5403
5383,5406
5384,12
5384,5379
5384,5380
5384,5384
5384,5398
5384,5404
5385,5336
5385,5381
5385,5385
5385,5386
5385,5387
5385,5389
5385,5391
5385,5406
5385,5437
5386,5349
5386,5382
5386,5385
5386,5386
5386,5389
5386,5390
5386,5391
5387,5381
5387,5387
5387,5388
5388,5387
5388,5388
5388,5390
5388,5406
5389,5386
5389,5387
5389,5388
5389,5389
5389,5390
5389,5394
5390,5381
5390,5385
5390,5386
5390,5389
5390,5390
5391,5349
5391,5381
5391,5385
5391,5386
5391,5391
5391,6098
5392,5380
5392,5397
5392,5401
5393,5381
5393,5391
5393,5393
5393,5394
5393,6099
5394,5335
5394,5336
5394,5393
5394,5394
5395,5358
5395,5398
5395,5399
5395,5405
5396,5380
5396,5383
5396,5396
5396,5402
5396,5405
5397,5380
5397,5396
5397,5397
5397,5403
5398,5379
5398,5384
5398,5395
5398,5399
5398,5401
5398,5405
5399,5399
5399,5400
5399,5404
5399,5405
5400,5379
5400,5392
5400,5395
5400,5398
5400,5399
5400,5400
5400,5404
5401,12
5401,5362
5401,5379
5401,5399
5401,5400
5401,5404
5402,5392
5402,5402
5402,5405
5403,5383
5403,5396
5403,5397
5403,5403
5403,5437
5404,12
5404,5379
5404,5380
5404,5400
5404,5401
5404,5402
5405,5358
5405,5392
5405,5399
5405,5401
5405,5405
5406,5383
5406,5386
5406,5389
5406,5391
5406,5396
5406,5406
5437,5349
5437,5394
5609,1528
5609,2381
5609,2388
5609,2390
5609,5609
5661,10
5661,37
5678,516
5678,5679
5679,38
5679,5678
6005,5288
6005,5355
6006,4807
6006,5289
6008,10
6008,37
6008,4807
6008,5288
6008,5355
6008,6005
6017,6
6017,6008
6093,2163
6093,2398
6094,556
6094,6094
6095,11
6095,6095
6096,2126
6096,2129
6096,2141
6096,2153
6096,6096
6097,5336
6097,5391
6098,5393
6098,6099
6099,6097
6099,6100
6100,5335
6100,6098
