3,3
3,179
3,1819
3,1823
3,1978
4,3
5,5
5,10
5,15
5,179
5,2478
5,4807
7,2038
9,9
9,37
9,38
9,139
9,140
9,153
9,4853
10,5
10,10
10,15
10,2410
10,2413
10,4807
10,4848
10,4852
10,4882
10,4888
12,12
12,4855
12,4857
12,4858
12,4860
15,5
15,10
15,15
15,36
15,4888
15,4889
16,16
16,368
16,369
16,402
17,17
17,371
17,392
17,393
36,10
36,15
36,36
37,9
37,37
37,554
37,4849
37,4850
37,4852
38,37
38,38
38,153
38,154
38,505
38,4852
71,71
71,72
71,73
71,122
71,123
71,141
71,142
72,72
72,73
72,124
72,127
72,141
72,143
72,148
73,72
73,73
73,122
73,128
73,146
74,74
74,90
74,165
74,166
75,75
75,76
75,80
75,82
75,84
75,98
75,102
75,103
75,137
75,157
76,75
76,76
76,77
76,137
77,76
77,77
77,78
77,103
78,77
78,78
78,79
78,85
78,137
79,77
79,78
79,79
79,87
79,88
79,137
80,75
80,78
80,80
80,81
80,82
81,80
81,81
81,82
81,84
81,88
81,105
82,76
82,79
82,80
82,81
82,82
82,83
82,87
83,76
83,81
83,83
83,87
83,120
84,75
84,83
84,84
84,85
84,87
85,83
85,84
85,85
85,86
86,78
86,85
86,86
86,87
87,80
87,86
87,87
87,88
87,89
88,80
88,81
88,82
88,86
88,88
88,89
89,81
89,82
89,84
89,88
89,89
89,119
90,74
90,90
90,92
90,100
91,90
91,92
91,94
92,91
92,92
92,93
92,94
92,95
92,96
93,92
93,93
93,96
93,103
93,159
93,161
94,90
94,93
94,94
94,95
94,104
94,172
95,94
95,95
95,96
96,95
96,96
96,97
96,165
96,172
97,91
97,93
97,96
97,98
97,99
97,100
97,159
97,166
98,97
98,100
98,137
99,93
99,97
99,98
99,99
99,100
99,104
99,137
100,76
100,100
100,101
100,103
100,104
101,100
101,101
101,102
102,91
102,93
102,101
102,102
102,103
102,105
103,75
103,79
103,97
103,99
103,102
103,103
103,104
103,105
104,99
104,102
104,103
104,104
104,105
104,159
105,79
105,94
105,104
105,105
105,137
106,106
106,107
106,130
107,106
107,107
107,108
107,109
107,133
107,138
108,106
108,107
108,108
108,112
108,138
108,1589
109,108
109,109
109,110
109,111
109,114
109,127
109,133
109,1589
110,109
110,110
110,111
110,128
110,134
110,136
110,1589
111,111
111,113
111,117
111,1587
111,1588
111,1589
112,110
112,112
112,113
112,116
112,119
112,1587
113,112
113,113
113,114
113,121
113,1587
114,111
114,113
114,114
114,116
114,120
114,121
114,1587
115,111
115,114
115,115
115,117
115,118
115,1587
116,114
116,115
116,116
116,1587
116,1588
117,116
117,117
117,118
117,1589
118,111
118,112
118,114
118,117
118,118
118,121
119,88
119,115
119,118
119,119
119,120
119,1588
120,89
120,114
120,116
120,119
120,120
120,121
120,1589
121,89
121,113
121,120
121,121
121,1588
122,71
122,122
122,124
122,127
122,145
123,71
123,122
123,123
123,124
123,126
123,146
124,123
124,124
124,125
124,132
124,142
125,73
125,124
125,125
125,126
125,128
125,132
125,135
126,125
126,126
126,127
126,135
127,72
127,109
127,126
127,127
127,128
127,131
127,133
127,1589
128,123
128,128
128,129
128,134
128,138
129,106
129,108
129,124
129,128
129,130
129,132
129,133
129,136
130,129
130,130
130,131
130,133
131,109
131,129
131,130
131,131
131,132
132,106
132,129
132,131
132,132
132,138
133,110
133,124
133,125
133,132
133,133
133,134
134,126
134,133
134,134
134,135
134,136
135,127
135,133
135,134
135,135
135,136
136,109
136,110
136,127
136,128
136,133
136,135
136,136
136,138
137,75
137,76
137,79
137,99
137,103
137,104
137,105
137,137
138,106
138,107
138,129
138,136
138,138
138,1589
139,139
139,140
140,9
140,140
140,145
140,148
140,149
140,150
140,153
141,72
141,123
141,141
141,142
141,146
142,72
142,123
142,125
142,127
142,142
142,143
142,146
142,148
142,149
143,71
143,141
143,142
143,143
143,144
144,72
144,142
144,143
144,144
144,145
144,146
145,140
145,143
145,144
145,145
145,146
145,147
145,155
146,123
146,142
146,143
146,144
146,145
146,146
146,147
146,148
146,149
146,152
146,154
147,71
147,145
147,146
147,147
147,148
148,139
148,141
148,144
148,145
148,147
148,148
148,149
149,142
149,147
149,148
149,149
149,150
149,154
150,150
150,151
150,154
150,4852
151,142
151,150
151,151
151,152
152,151
152,152
152,154
152,155
153,9
153,148
153,152
153,153
153,4852
154,71
154,139
154,140
154,146
154,147
154,150
154,151
154,153
154,154
155,146
155,152
155,154
155,155
156,156
156,170
156,1595
156,1600
157,157
157,158
157,161
157,164
157,171
157,173
157,1592
158,93
158,157
158,158
158,161
158,164
159,90
159,97
159,159
159,165
159,166
160,160
160,162
160,1596
160,1598
160,1600
160,1602
160,1621
161,157
161,158
161,161
161,164
161,174
161,1594
161,1595
162,160
162,162
162,163
162,168
162,169
162,1620
163,162
163,163
163,168
163,1590
164,92
164,157
164,158
164,159
164,161
164,164
164,171
165,96
165,157
165,158
165,159
165,161
165,165
166,74
166,95
166,97
166,159
166,166
166,171
167,162
167,167
167,168
167,170
168,162
168,163
168,167
168,168
168,1599
168,1600
169,169
169,170
169,1600
169,1617
169,1618
169,1625
169,1628
170,167
170,169
170,170
170,1598
170,1599
170,1600
170,1604
170,1619
171,159
171,164
171,171
171,172
171,173
171,1590
172,164
172,167
172,171
172,172
172,173
172,1592
173,161
173,165
173,171
173,172
173,173
173,174
173,1591
174,172
174,173
174,174
174,1591
174,1593
174,1600
179,179
179,2172
179,2173
179,2176
179,2181
179,2399
179,4847
180,180
180,194
180,634
180,2372
180,2374
180,2379
194,198
194,634
198,194
198,2381
366,366
366,367
366,371
366,392
366,1632
367,366
367,367
367,369
367,370
367,392
367,393
368,16
368,367
368,368
368,369
368,380
368,1648
369,16
369,17
369,369
369,370
369,1637
369,1665
370,16
370,370
370,371
370,393
371,17
371,366
371,369
371,370
371,371
372,372
372,373
372,374
372,385
373,372
373,373
373,378
373,387
373,389
374,372
374,374
374,375
374,376
374,397
375,372
375,374
375,375
375,376
376,375
376,376
376,391
376,1687
377,377
377,386
377,395
378,373
378,378
378,390
378,397
379,379
379,380
379,382
379,394
379,402
380,379
380,380
380,381
380,383
381,379
381,381
381,382
381,383
381,394
382,379
382,381
382,382
382,394
383,383
383,384
383,402
383,403
384,384
384,388
384,396
384,398
385,385
385,389
385,397
385,398
385,401
385,1689
386,377
386,385
386,386
386,395
386,398
387,375
387,387
387,388
387,390
387,391
388,378
388,388
388,389
388,401
389,387
389,389
389,404
390,372
390,387
390,388
390,390
390,391
390,401
391,373
391,390
391,391
391,404
392,17
392,370
392,371
392,380
392,392
393,17
393,366
393,368
393,371
393,380
393,393
394,381
394,383
394,394
394,399
395,377
395,386
395,395
395,396
396,384
396,386
396,396
397,373
397,378
397,385
397,396
397,397
398,377
398,385
398,386
398,397
398,398
399,386
399,394
399,399
399,400
400,379
400,382
400,400
400,403
401,372
401,385
401,391
401,397
401,401
401,404
402,368
402,382
402,383
402,393
402,400
402,402
403,399
403,400
403,402
403,403
404,387
404,401
404,404
404,1697
505,38
505,523
512,140
512,505
516,4849
516,4850
523,523
523,526
526,526
526,548
541,37
541,512
548,541
548,4851
553,548
553,553
554,554
554,562
556,556
556,4851
562,556
562,562
577,180
577,577
634,634
634,1528
634,2357
634,2374
634,2392
1528,2378
1528,4846
1529,179
1587,111
1587,112
1587,116
1587,118
1587,119
1587,1587
1587,1588
1588,111
1588,112
1588,115
1588,118
1588,119
1588,120
1588,121
1588,1587
1588,1588
1589,83
1589,89
1589,108
1589,109
1589,110
1589,112
1589,124
1589,133
1589,1589
1590,156
1590,1590
1590,1591
1590,1595
1590,1601
1591,161
1591,172
1591,174
1591,1590
1591,1591
1591,1592
1591,1599
1592,174
1592,1590
1592,1591
1592,1592
1592,1594
1593,173
1593,174
1593,1593
1593,1594
1594,1591
1594,1592
1594,1593
1594,1594
1594,1595
1594,1600
1595,158
1595,163
1595,1590
1595,1592
1595,1594
1595,1595
1596,1596
1596,1601
1596,1602
1597,169
1597,1597
1597,1598
1597,1618
1597,1624
1598,162
1598,167
1598,169
1598,1597
1598,1604
1598,1619
1598,1620
1599,156
1599,170
1599,1595
1599,1596
1599,1598
1599,1599
1599,1600
1599,1601
1599,1602
1600,156
1600,163
1600,1590
1600,1594
1600,1595
1600,1599
1600,1618
1601,160
1601,170
1601,1596
1601,1599
1601,1601
1602,160
1602,1596
1602,1601
1602,1602
1603,1598
1603,1603
1603,1604
1603,1609
1603,1617
1603,1625
1604,169
1604,1597
1604,1603
1604,1604
1604,1617
1604,1620
1605,1604
1605,1605
1605,1622
1606,1606
1606,1612
1606,1616
1607,1607
1607,1608
1607,1620
1607,1624
1608,1607
1608,1608
1608,1615
1608,1623
1608,1628
1609,1606
1609,1609
1609,1612
1609,1615
1609,1661
1610,1610
1610,1629
1610,1631
1611,1610
1611,1614
1612,1612
1612,1614
1612,1616
1612,1627
1612,1675
1613,1613
1613,1614
1613,1627
1613,1679
1614,1609
1614,1611
1614,1613
1614,1614
1615,1603
1615,1609
1615,1612
1615,1613
1615,1624
1615,1627
1616,1606
1616,1609
1616,1612
1616,1627
1616,1629
1616,1670
1617,1597
1617,1598
1617,1608
1617,1617
1617,1628
1618,170
1618,1597
1618,1617
1618,1618
1618,1622
1619,163
1619,1608
1619,1619
1619,1621
1619,1625
1620,1597
1620,1604
1620,1619
1620,1620
1620,1621
1620,1630
1621,169
1621,1598
1621,1603
1621,1620
1621,1621
1622,1605
1622,1622
1622,1626
1622,1630
1623,1622
1623,1623
1623,1626
1623,1628
1624,1597
1624,1622
1624,1624
1624,1625
1625,1603
1625,1607
1625,1624
1625,1625
1625,1630
1626,1608
1626,1619
1626,1623
1626,1626
1627,1612
1627,1613
1627,1615
1627,1627
1628,160
1628,1617
1628,1619
1628,1626
1628,1628
1629,1606
1629,1610
1629,1616
1629,1629
1629,1661
1629,1679
1630,1607
1630,1615
1630,1629
1630,1630
1631,1629
1631,1631
1632,1632
1632,1634
1632,1643
1632,1646
1633,366
1633,1633
1633,1637
1633,1640
1633,1646
1633,1673
1634,1632
1634,1634
1634,1642
1634,1643
1634,1646
1634,1673
1635,1633
1635,1635
1635,1641
1635,1653
1636,1632
1636,1633
1636,1636
1636,1640
1636,1646
1637,1637
1637,1638
1637,1639
1637,1647
1638,1636
1638,1638
1638,1647
1638,1648
1639,1632
1639,1636
1639,1637
1639,1639
1640,1637
1640,1639
1640,1640
1640,1646
1641,1641
1641,1644
1641,1651
1641,1660
1641,1661
1641,1666
1641,1674
1642,1642
1642,1643
1642,1648
1642,1673
1642,1680
1643,367
1643,1634
1643,1642
1643,1643
1644,1641
1644,1644
1644,1652
1644,1658
1644,1659
1645,1645
1645,1646
1645,1648
1645,1665
1646,1632
1646,1633
1646,1639
1646,1645
1646,1646
1646,1665
1647,16
1647,1639
1647,1640
1647,1642
1647,1643
1647,1647
1648,368
1648,1633
1648,1647
1648,1648
1649,1649
1649,1656
1649,1664
1650,1635
1650,1650
1650,1660
1650,1664
1651,1636
1651,1651
1651,1657
1651,1664
1651,1675
1651,1676
1651,1677
1652,1652
1652,1653
1652,1654
1652,1658
1652,1662
1653,1652
1653,1653
1653,1655
1654,1654
1654,1655
1654,1659
1654,1662
1655,1651
1655,1654
1655,1655
1656,1649
1656,1656
1656,1657
1657,1655
1657,1656
1657,1657
1657,1663
1658,1644
1658,1650
1658,1658
1658,1675
1659,1644
1659,1659
1659,1666
1659,1667
1659,1668
1659,1680
1660,1635
1660,1659
1660,1660
1660,1677
1660,1678
1661,1661
1661,1670
1661,1672
1662,1641
1662,1662
1662,1663
1662,1680
1663,1652
1663,1662
1663,1663
1663,1664
1664,1649
1664,1650
1664,1664
1664,1677
1665,369
1665,1645
1665,1665
1666,1644
1666,1658
1666,1666
1666,1668
1667,1671
1667,1678
1668,1659
1668,1667
1668,1668
1668,1670
1668,1679
1669,1641
1669,1660
1669,1669
1669,1671
1669,1679
1670,1610
1670,1669
1670,1670
1670,1671
1670,1674
1671,1668
1671,1669
1671,1671
1671,1681
1672,1611
1672,1659
1672,1661
1672,1674
1672,1678
1672,1681
1673,1636
1673,1638
1673,1651
1673,1653
1673,1673
1674,1606
1674,1641
1674,1669
1674,1674
1674,1681
1675,1651
1675,1656
1675,1675
1676,1675
1676,1677
1677,1651
1677,1660
1677,1676
1677,1677
1678,1627
1678,1641
1678,1666
1678,1669
1678,1674
1678,1679
1679,1670
1679,1672
1679,1678
1679,1679
1679,1681
1680,1642
1680,1647
1680,1673
1680,1680
1681,1666
1681,1672
1681,1678
1681,1681
1682,1682
1682,1685
1682,1687
1682,1713
1683,1683
1683,1691
1683,1704
1683,1734
1684,1682
1684,1684
1684,1686
1684,1697
1684,1716
1685,1685
1685,1697
1685,1718
1686,1683
1686,1686
1686,1706
1686,1713
1687,376
1687,1685
1687,1687
1687,1688
1687,1697
1688,1687
1688,1688
1688,1689
1688,1697
1689,1684
1689,1689
1689,1694
1689,1697
1689,1714
1690,1690
1690,1693
1690,1720
1690,1722
1690,1734
1691,1683
1691,1691
1691,1693
1691,1734
1692,1692
1692,1700
1692,1722
1692,1723
1692,1733
1693,1683
1693,1691
1693,1696
1693,1700
1693,1701
1694,1682
1694,1688
1694,1689
1694,1694
1694,1697
1694,1716
1694,1726
1695,1692
1695,1695
1695,1696
1695,1719
1695,1723
1696,1690
1696,1696
1696,1720
1696,1723
1697,1688
1697,1689
1697,1694
1697,1697
1697,1714
1697,1726
1698,1696
1698,1698
1698,1699
1698,1701
1698,1704
1698,1723
1699,1693
1699,1698
1699,1699
1699,1701
1700,1698
1700,1699
1700,1700
1700,1701
1701,1696
1701,1698
1701,1699
1701,1701
1701,1722
1701,1723
1702,1700
1702,1702
1702,1703
1703,1702
1703,1703
1703,1704
1703,1705
1704,1691
1704,1701
1704,1703
1704,1704
1704,1705
1704,1723
1705,1690
1705,1705
1705,1706
1705,1707
1706,1686
1706,1704
1706,1705
1706,1706
1706,1707
1706,1708
1707,1686
1707,1706
1707,1707
1707,1708
1708,1707
1708,1708
1708,1712
1708,1726
1708,1729
1709,1709
1709,1710
1709,1711
1709,1713
1709,1726
1710,1709
1710,1710
1710,1711
1710,1713
1710,1716
1710,1717
1711,1709
1711,1711
1711,1713
1711,1715
1712,1697
1712,1705
1712,1710
1712,1711
1712,1712
1712,1713
1712,1716
1712,1717
1713,1685
1713,1686
1713,1704
1713,1708
1713,1710
1713,1712
1713,1713
1713,1714
1713,1716
1713,1717
1714,1694
1714,1712
1714,1713
1714,1714
1714,1717
1715,1684
1715,1694
1715,1712
1715,1713
1715,1715
1716,1682
1716,1685
1716,1689
1716,1710
1716,1712
1716,1714
1716,1715
1716,1716
1717,1710
1717,1713
1717,1715
1717,1716
1717,1717
1718,1682
1718,1685
1718,1715
1718,1716
1719,1693
1719,1719
1719,1720
1719,1732
1719,1734
1720,1692
1720,1695
1720,1719
1720,1720
1720,1734
1721,1721
1721,1735
1721,1746
1721,1748
1722,1693
1722,1719
1722,1723
1722,1734
1723,1690
1723,1692
1723,1695
1723,1699
1723,1701
1723,1703
1723,1722
1723,1723
1724,1724
1724,1725
1724,1735
1724,1740
1725,1725
1725,1727
1725,1732
1725,1733
1725,1737
1725,1746
1726,1709
1726,1711
1726,1712
1726,1726
1726,1729
1727,1721
1727,1727
1727,1728
1727,1748
1728,1727
1728,1728
1728,1731
1728,1734
1728,1739
1729,1708
1730,1721
1730,1728
1730,1730
1730,1731
1730,1733
1731,1730
1731,1731
1731,1736
1732,1690
1732,1719
1732,1732
1732,1733
1732,1734
1733,1721
1733,1727
1733,1731
1733,1733
1734,1690
1734,1703
1734,1704
1734,1719
1734,1723
1734,1725
1734,1728
1734,1732
1734,1734
1735,1724
1735,1730
1735,1735
1736,1721
1736,1725
1736,1736
1736,1737
1736,1746
1737,1724
1737,1736
1737,1737
1738,1738
1738,1739
1738,1743
1739,1725
1739,1738
1739,1739
1739,1746
1740,1740
1740,1761
1741,1741
1741,1742
1741,1743
1741,1744
1742,1741
1742,1742
1742,1743
1742,1745
1742,1781
1743,1739
1743,1741
1743,1742
1743,1743
1743,1782
1744,1744
1744,1745
1744,1748
1745,1741
1745,1742
1745,1744
1745,1745
1745,1749
1745,1761
1746,1731
1746,1736
1746,1737
1746,1746
1746,1749
1747,1747
1747,1755
1747,1769
1747,1770
1748,1735
1748,1744
1748,1748
1748,1749
1749,1738
1749,1744
1749,1749
1749,1780
1750,1750
1750,1753
1750,1774
1750,1782
1751,1751
1751,1754
1751,1755
1752,1740
1752,1752
1752,1753
1753,1750
1753,1752
1753,1753
1754,1754
1754,1783
1754,1786
1754,1787
1754,1788
1755,1751
1755,1755
1755,1756
1755,1757
1755,1787
1755,1790
1755,1797
1756,1756
1756,1757
1756,1798
1757,1754
1757,1755
1757,1756
1757,1757
1757,1786
1757,1787
1757,1788
1758,1741
1758,1758
1758,1777
1758,1779
1759,1759
1759,1760
1759,1765
1759,1790
1760,1759
1760,1760
1760,1762
1761,1741
1761,1758
1761,1761
1761,1775
1761,1778
1761,1779
1762,1760
1762,1762
1762,1763
1763,1762
1763,1763
1763,1765
1763,1771
1763,1772
1763,1785
1764,1764
1764,1765
1764,1770
1765,1762
1765,1763
1765,1764
1765,1765
1765,1770
1766,1764
1766,1766
1766,1767
1766,1770
1767,1766
1767,1767
1767,1768
1768,1759
1768,1768
1768,1769
1768,1792
1769,1747
1769,1769
1769,1772
1770,1747
1770,1757
1770,1763
1770,1765
1770,1770
1771,1769
1771,1771
1771,1772
1772,1763
1772,1766
1772,1768
1772,1771
1772,1772
1772,1792
1773,1773
1773,1774
1773,1775
1773,1789
1774,1773
1774,1774
1774,1781
1774,1782
1774,1785
1774,1789
1775,1774
1775,1775
1775,1776
1775,1792
1776,1776
1776,1777
1776,1780
1777,1775
1777,1776
1777,1777
1778,1758
1778,1777
1778,1778
1778,1781
1779,1743
1779,1750
1779,1761
1779,1778
1779,1779
1779,1782
1780,1758
1780,1760
1780,1775
1780,1778
1780,1780
1780,1781
1781,1752
1781,1761
1781,1774
1781,1778
1781,1780
1781,1781
1782,1750
1782,1779
1782,1782
1783,1783
1783,1784
1783,1795
1783,1802
1784,1754
1784,1784
1784,1788
1784,1796
1784,1800
1785,1759
1785,1767
1785,1785
1786,1754
1786,1786
1786,1790
1786,1791
1786,1795
1787,1757
1787,1786
1787,1787
1788,1783
1788,1784
1788,1788
1788,1791
1788,1797
1789,1773
1789,1789
1789,1792
1790,1756
1790,1757
1790,1766
1790,1767
1790,1790
1791,1751
1791,1757
1791,1786
1791,1791
1792,1772
1792,1773
1792,1780
1792,1792
1793,1798
1793,1800
1793,1802
1793,1818
1794,1794
1794,1795
1794,1799
1795,1756
1795,1783
1795,1794
1795,1795
1795,1798
1795,1800
1796,1755
1796,1783
1796,1796
1796,1799
1797,1794
1797,1796
1797,1797
1797,1799
1798,1793
1798,1795
1798,1798
1798,1800
1799,1784
1799,1794
1799,1797
1799,1799
1800,1793
1800,1798
1800,1800
1800,1802
1800,1824
1801,1801
1801,1804
1801,1805
1801,1811
1801,1820
1801,1821
1802,1784
1802,1793
1802,1798
1802,1802
1802,1824
1803,1801
1803,1803
1803,1804
1803,1805
1803,1810
1804,1801
1804,1803
1804,1804
1804,1825
1805,1801
1805,1803
1805,1805
1805,1826
1806,1801
1806,1805
1806,1806
1806,1827
1806,1835
1807,1804
1807,1806
1807,1807
1807,1808
1807,1811
1808,1807
1808,1808
1808,1826
1809,1809
1809,1810
1810,1808
1810,1810
1810,1811
1810,1825
1811,1803
1811,1808
1811,1811
1811,1814
1811,1841
1812,1812
1812,1813
1812,1820
1812,1823
1813,1812
1813,1813
1813,1816
1813,1820
1813,1821
1814,1801
1814,1813
1814,1814
1814,1815
1814,1817
1815,1814
1815,1815
1815,1816
1816,1805
1816,1815
1816,1816
1816,1818
1816,1824
1816,1825
1817,1807
1817,1816
1817,1817
1817,1826
1818,1802
1818,1815
1818,1818
1818,1819
1818,1824
1819,3
1819,1819
1819,1823
1820,1811
1820,1812
1820,1814
1820,1820
1820,1822
1820,1826
1821,1806
1821,1810
1821,1821
1821,1822
1822,1825
1823,3
1823,1817
1823,1823
1824,1793
1824,1816
1824,1818
1824,1824
1825,1807
1825,1809
1825,1814
1825,1821
1825,1825
1826,1812
1826,1813
1826,1820
1826,1826
1826,1842
1827,1827
1827,1831
1827,1834
1827,1835
1827,1837
1828,1828
1828,1830
1828,1832
1828,1843
1829,1829
1829,1830
1829,1840
1829,1842
1830,1829
1830,1830
1830,1831
1830,1842
1830,1954
1831,1827
1831,1831
1831,1836
1831,1840
1832,1832
1832,1836
1832,1838
1833,1831
1833,1833
1833,1839
1834,1834
1834,1839
1834,1840
1834,1841
1835,1806
1835,1835
1835,1839
1835,1841
1836,1828
1836,1832
1837,1834
1837,1837
1837,1838
1837,1841
1837,1842
1838,1830
1838,1838
1838,1843
1838,1954
1838,1955
1839,1827
1839,1829
1839,1833
1839,1834
1839,1839
1840,1806
1840,1827
1840,1834
1840,1840
1841,1833
1841,1834
1841,1837
1841,1839
1841,1841
1842,1827
1842,1828
1842,1829
1842,1832
1842,1837
1843,1830
1843,1838
1843,1842
1843,1843
1843,1945
1843,1954
1843,1979
1844,1896
1845,1845
1845,1847
1845,1848
1845,1851
1845,1902
1845,1903
1846,1845
1846,1846
1846,1847
1846,1856
1846,1953
1847,1845
1847,1846
1847,1847
1847,1848
1847,1910
1848,1845
1848,1847
1848,1848
1848,1857
1848,1908
1848,1909
1849,1848
1849,1849
1849,1910
1849,1911
1849,1912
1849,1924
1850,1850
1850,1851
1850,1871
1850,1889
1850,1891
1850,1919
1851,1850
1851,1851
1851,1852
1851,1853
1851,1889
1852,1850
1852,1912
1853,1851
1853,1852
1853,1853
1853,1912
1853,1919
1854,1854
1854,1855
1854,1986
1855,1855
1855,1863
1855,1976
1855,1983
1855,1985
1856,1847
1856,1856
1856,1857
1856,1903
1856,1908
1857,1856
1857,1857
1857,1858
1858,1849
1858,1858
1858,1859
1859,1844
1859,1847
1859,1849
1859,1858
1859,1859
1860,1860
1860,1953
1860,1974
1861,1860
1861,1861
1861,1862
1861,1953
1862,1862
1862,1957
1862,1958
1862,1973
1863,1854
1863,1862
1863,1863
1863,1957
1864,1863
1864,1864
1864,1958
1865,1865
1865,1866
1865,1874
1865,1962
1865,1963
1866,1865
1866,1866
1866,1867
1866,1868
1866,1869
1866,1874
1866,1875
1866,1923
1866,1930
1866,1944
1867,1865
1867,1866
1867,1867
1867,1868
1867,1944
1867,1964
1868,1865
1868,1866
1868,1867
1868,1922
1868,1962
1869,1867
1869,1869
1869,1930
1869,1944
1869,1964
1869,1965
1870,1870
1870,1899
1870,1900
1870,1905
1871,1870
1871,1871
1871,1879
1871,1907
1871,1927
1872,1873
1873,1867
1873,1869
1873,1873
1873,1944
1874,1868
1874,1874
1874,1875
1874,1943
1874,1944
1874,1962
1875,1869
1875,1873
1875,1874
1875,1875
1875,1943
1875,1944
1876,1876
1876,1877
1876,1899
1876,1907
1876,1914
1876,1915
1877,1876
1877,1877
1877,1878
1877,1906
1878,1879
1879,1877
1879,1879
1879,1880
1879,1907
1879,1917
1880,1880
1880,1913
1880,1914
1880,1915
1881,1881
1881,1882
1881,1969
1882,1881
1882,1882
1882,1883
1882,1941
1882,1942
1882,1981
1883,1882
1883,1883
1883,1884
1883,1940
1883,1941
1884,1881
1884,1882
1884,1883
1884,1884
1884,1885
1884,1942
1884,1982
1885,1883
1885,1884
1885,1885
1885,1941
1885,1967
1885,1969
1886,1863
1886,1886
1886,1887
1886,1956
1887,1886
1887,1887
1887,1892
1887,1893
1887,1894
1887,1953
1888,1889
1888,1891
1888,1919
1888,1926
1889,1849
1889,1850
1889,1888
1889,1889
1889,1890
1889,1919
1890,1889
1890,1890
1890,1891
1890,1912
1891,1850
1891,1888
1891,1890
1891,1891
1892,1892
1892,1893
1892,1894
1892,1950
1892,1951
1893,1846
1893,1887
1893,1893
1893,1894
1893,1952
1893,1953
1894,1847
1894,1893
1894,1894
1894,1895
1894,1950
1895,1856
1895,1886
1895,1894
1895,1895
1895,1896
1896,1894
1896,1895
1896,1896
1897,1897
1897,1898
1897,1927
1898,1870
1898,1898
1898,1899
1898,1907
1898,1927
1899,1876
1899,1898
1899,1900
1899,1905
1899,1907
1900,1899
1900,1901
1901,1870
1901,1899
1902,1846
1902,1903
1903,1845
1903,1856
1903,1859
1903,1902
1903,1903
1904,1871
1904,1876
1904,1904
1904,1905
1904,1906
1905,1877
1905,1904
1905,1905
1905,1906
1906,1871
1906,1899
1906,1905
1906,1906
1906,1907
1906,1926
1906,1928
1907,1871
1907,1876
1907,1879
1907,1904
1907,1906
1907,1907
1907,1913
1907,1914
1908,1857
1908,1909
1909,1910
1910,1848
1910,1849
1910,1859
1910,1910
1910,1911
1910,1912
1911,1853
1911,1910
1911,1911
1911,1912
1911,1918
1912,1849
1912,1853
1912,1890
1912,1903
1912,1911
1912,1912
1913,1879
1913,1880
1913,1913
1913,1914
1913,1962
1914,1880
1914,1904
1914,1913
1914,1914
1914,1915
1914,1921
1914,1971
1915,1876
1915,1880
1915,1907
1915,1914
1915,1915
1915,1916
1915,1917
1915,1922
1915,1923
1916,1914
1916,1916
1916,1917
1916,1920
1916,1921
1916,1961
1917,1916
1917,1917
1917,1970
1917,1971
1918,1919
1919,1850
1919,1888
1919,1889
1919,1901
1919,1918
1919,1919
1920,1880
1920,1920
1920,1921
1921,1880
1921,1913
1921,1916
1921,1917
1921,1921
1921,1965
1922,1866
1922,1867
1922,1916
1922,1920
1922,1922
1922,1923
1922,1965
1923,1914
1923,1922
1923,1965
1924,1851
1924,1925
1925,1924
1925,1925
1925,1926
1926,1904
1926,1925
1926,1926
1926,1927
1926,1928
1927,1853
1927,1897
1927,1906
1927,1926
1927,1927
1928,1897
1929,1865
1929,1869
1929,1872
1929,1930
1930,1929
1930,1930
1930,1943
1930,1961
1931,1931
1931,1932
1931,1938
1931,2042
1931,2043
1931,2056
1932,1931
1932,1932
1932,1933
1932,1938
1932,1967
1932,2057
1933,1932
1933,1933
1933,1938
1934,1933
1934,1939
1935,1934
1935,1935
1936,1931
1936,1935
1936,1938
1937,1966
1937,1982
1937,2043
1937,2057
1938,1937
1938,1938
1938,1939
1938,1966
1938,2043
1939,1931
1939,1937
1939,1938
1939,1939
1939,1966
1939,1967
1939,2056
1940,1982
1941,1865
1941,1941
1941,1942
1941,1943
1942,1883
1942,1884
1942,1885
1942,1938
1942,1941
1942,1942
1942,1943
1943,1875
1943,1884
1943,1929
1943,1941
1943,1942
1943,1943
1943,1944
1943,1965
1944,1869
1944,1872
1944,1875
1944,1930
1944,1943
1944,1944
1945,1861
1945,1945
1945,1946
1945,1947
1946,1855
1946,1945
1946,1946
1946,1949
1946,1976
1946,1979
1947,1945
1947,1946
1947,1947
1947,1948
1948,1948
1948,1949
1948,1984
1949,1854
1949,1948
1949,1949
1949,1980
1950,1846
1950,1892
1950,1950
1950,1951
1951,1950
1951,1951
1951,1952
1951,1960
1952,1951
1952,1952
1952,1953
1952,1956
1953,1844
1953,1887
1953,1893
1953,1951
1953,1953
1953,1956
1954,3
1954,1947
1954,1954
1954,1955
1954,1978
1954,1979
1955,1843
1956,1861
1956,1886
1956,1887
1956,1956
1956,1957
1956,1959
1956,1960
1957,1887
1957,1956
1957,1957
1957,1958
1958,1892
1958,1952
1958,1957
1958,1960
1958,1975
1959,1864
1959,1956
1959,1959
1959,1960
1960,1864
1960,1958
1960,1959
1960,1960
1961,1866
1961,1867
1961,1961
1961,1962
1961,1963
1962,1867
1962,1961
1962,1963
1963,1866
1963,1885
1963,1930
1963,1961
1963,1962
1963,1963
1963,1964
1964,1866
1964,1963
1964,1964
1964,1965
1965,1866
1965,1884
1965,1916
1965,1922
1965,1923
1965,1963
1966,1932
1966,1936
1966,1939
1966,1966
1966,2082
1967,1932
1967,1936
1967,1938
1967,1939
1967,1966
1967,1968
1968,1969
1968,1982
1969,1883
1969,1968
1969,1982
1970,1917
1970,1920
1970,1970
1971,1922
1971,1970
1971,1971
1972,1947
1972,1972
1972,1973
1972,1974
1972,1984
1973,1972
1973,1973
1973,1984
1974,1861
1974,1974
1974,1975
1974,1983
1975,1860
1975,1959
1975,1975
1975,1976
1975,1984
1976,1855
1976,1972
1976,1976
1976,1980
1976,1985
1977,1977
1977,1979
1977,1980
1978,1843
1978,1855
1978,1954
1978,1977
1978,1978
1978,1980
1979,1838
1979,1954
1979,1972
1979,1977
1979,1978
1979,1980
1980,1838
1980,1946
1980,1977
1980,1978
1980,1979
1980,1980
1981,1884
1981,1940
1981,1969
1981,1981
1981,1982
1982,1883
1982,1885
1982,1938
1982,1967
1982,1969
1982,1981
1982,1982
1983,1854
1983,1975
1983,1983
1983,1985
1984,1945
1984,1946
1984,1972
1984,1974
1984,1984
1985,1860
1985,1863
1985,1949
1985,1983
1985,1985
1986,1976
1986,1985
1986,1986
1987,2017
1987,2063
1987,2120
1988,1988
1988,1989
1988,2011
1988,2118
1989,1989
1989,2019
1989,2026
1989,2118
1990,1992
1990,2017
1990,2064
1991,1987
1991,1990
1991,1991
1991,1992
1991,2016
1991,2017
1991,2063
1992,1991
1992,1992
1992,1993
1992,1994
1992,1998
1992,2106
1993,1991
1993,1992
1993,1993
1993,1994
1993,2002
1993,2016
1993,2028
1994,1993
1994,1994
1994,1995
1994,2016
1994,2064
1995,1994
1995,1995
1995,1996
1995,1997
1996,1994
1996,1995
1996,1996
1996,1998
1997,1996
1998,1987
1998,1997
1998,1998
1998,2017
1998,2028
1999,2106
1999,2117
2000,2000
2000,2001
2000,2086
2000,2107
2000,2110
2001,2000
2001,2001
2001,2070
2001,2071
2001,2085
2001,2086
2001,2087
2001,2100
2001,2101
2001,2102
2001,2103
2001,2107
2001,2110
2002,2002
2002,2006
2002,2028
2002,2029
2002,2106
2003,2003
2003,2004
2003,2005
2003,2032
2003,2039
2004,2003
2004,2004
2004,2005
2004,2136
2005,2003
2005,2004
2005,2005
2005,2034
2006,2006
2006,2007
2006,2009
2006,2012
2006,2013
2006,2104
2006,2105
2007,2007
2007,2008
2007,2106
2008,2009
2009,1988
2009,2006
2009,2010
2009,2011
2009,2104
2009,2118
2010,2006
2010,2008
2010,2009
2010,2010
2011,1988
2011,2010
2011,2011
2011,2012
2011,2014
2011,2104
2012,2011
2012,2012
2012,2013
2012,2014
2012,2015
2012,2118
2013,2011
2013,2012
2013,2013
2013,2014
2013,2036
2013,2106
2014,2012
2014,2013
2014,2015
2015,2006
2015,2007
2015,2013
2015,2019
2015,2022
2015,2035
2016,1987
2016,1991
2016,1992
2016,2016
2016,2017
2016,2063
2016,2100
2017,1987
2017,1991
2017,1992
2017,1993
2017,1994
2017,1998
2017,2017
2017,2063
2017,2064
2017,2117
2018,2015
2018,2035
2019,1989
2019,2019
2019,2020
2019,2021
2019,2022
2019,2025
2020,2019
2020,2020
2020,2021
2020,2023
2020,2025
2020,2026
2021,2019
2021,2022
2021,2024
2021,2038
2022,1989
2022,2019
2022,2021
2022,2022
2022,2035
2023,2019
2023,2020
2023,2023
2023,2025
2023,2026
2023,2037
2024,2020
2024,2021
2024,2024
2024,2025
2024,2038
2025,1989
2025,2021
2025,2023
2025,2024
2025,2030
2026,2023
2026,2025
2027,2021
2027,2026
2027,2027
2027,2030
2027,2038
2028,2002
2028,2009
2028,2028
2028,2029
2029,1999
2029,2028
2029,2029
2029,2106
2030,2024
2030,2027
2030,2030
2030,2039
2031,2004
2031,2031
2031,2039
2032,2031
2032,2032
2032,2037
2033,2005
2033,2033
2033,2037
2033,2038
2033,2130
2034,2032
2034,2033
2034,2034
2034,2037
2034,2128
2035,2011
2035,2015
2035,2035
2035,2036
2036,2018
2036,2030
2036,2036
2037,2003
2037,2032
2037,2033
2037,2034
2037,2037
2038,7
2038,2004
2038,2027
2038,2030
2038,2033
2038,2038
2039,2031
2039,2034
2039,2038
2039,2039
2040,2125
2041,1931
2041,1932
2041,2040
2041,2042
2041,2057
2041,2089
2042,1931
2042,2041
2042,2042
2042,2050
2042,2057
2042,2062
2042,2073
2043,1931
2043,1937
2043,2041
2043,2043
2043,2056
2044,2045
2044,2046
2044,2049
2044,2108
2044,2109
2045,2045
2045,2046
2045,2053
2045,2082
2046,2044
2046,2045
2046,2046
2046,2047
2046,2051
2046,2052
2047,2046
2047,2047
2047,2052
2047,2081
2048,2048
2048,2049
2048,2051
2048,2054
2048,2062
2048,2073
2048,2074
2048,2081
2048,2082
2048,2090
2049,2048
2049,2049
2049,2081
2049,2082
2050,2049
2050,2050
2050,2074
2050,2082
2050,2122
2051,2046
2051,2051
2051,2052
2051,2053
2051,2088
2052,2052
2052,2053
2052,2082
2052,2083
2052,2090
2052,2108
2053,2044
2053,2051
2053,2052
2053,2054
2053,2081
2053,2090
2054,2054
2054,2055
2055,2048
2055,2055
2055,2058
2055,2082
2055,2092
2055,2109
2056,1931
2056,1932
2056,1936
2056,1939
2056,1966
2056,2042
2056,2043
2056,2048
2056,2056
2056,2074
2057,1936
2057,2042
2057,2043
2057,2056
2057,2074
2057,2121
2058,2052
2058,2053
2058,2058
2058,2059
2058,2090
2058,2094
2058,2108
2058,2109
2059,2055
2059,2058
2059,2059
2059,2060
2059,2094
2059,2098
2060,2054
2060,2059
2060,2060
2060,2093
2060,2096
2060,2098
2061,2058
2061,2060
2061,2061
2061,2096
2062,2062
2062,2074
2062,2082
2062,2123
2063,1994
2063,2017
2063,2063
2063,2064
2063,2119
2064,1987
2064,1990
2064,1993
2064,2064
2065,2065
2065,2066
2065,2067
2065,2079
2066,2066
2066,2067
2066,2069
2066,2076
2066,2078
2066,2079
2066,2107
2066,2111
2067,2000
2067,2065
2067,2066
2067,2067
2067,2068
2067,2079
2068,2067
2068,2080
2069,2017
2069,2067
2069,2069
2069,2114
2070,2070
2070,2085
2070,2099
2071,2070
2071,2071
2071,2072
2072,2071
2072,2100
2073,2042
2073,2049
2073,2062
2073,2073
2073,2123
2073,2124
2074,2041
2074,2049
2074,2050
2074,2056
2074,2062
2074,2073
2074,2074
2074,2081
2074,2123
2074,2125
2075,2066
2075,2075
2075,2080
2075,2115
2076,2066
2076,2075
2076,2076
2076,2093
2076,2097
2077,2065
2077,2077
2078,2065
2078,2077
2078,2078
2078,2079
2078,2080
2078,2093
2079,2077
2079,2078
2079,2079
2079,2080
2079,2096
2079,2116
2080,2067
2080,2078
2080,2080
2080,2116
2081,2047
2081,2048
2081,2052
2081,2058
2081,2073
2081,2081
2081,2082
2081,2088
2082,2042
2082,2047
2082,2048
2082,2058
2082,2074
2082,2081
2082,2082
2082,2089
2082,2090
2082,2109
2082,2125
2083,2044
2083,2081
2083,2083
2083,2084
2084,2048
2084,2083
2084,2084
2084,2108
2085,2085
2085,2086
2085,2101
2085,2103
2085,2110
2086,2001
2086,2069
2086,2085
2086,2086
2086,2087
2087,2001
2087,2107
2087,2119
2088,2046
2088,2051
2088,2052
2088,2088
2088,2089
2088,2090
2088,2108
2089,2088
2089,2090
2089,2109
2090,2044
2090,2048
2090,2051
2090,2081
2090,2084
2090,2088
2090,2089
2090,2090
2091,2061
2091,2091
2091,2092
2092,2058
2092,2091
2092,2092
2092,2098
2093,2076
2093,2078
2093,2079
2093,2093
2093,2096
2093,2097
2094,2093
2094,2096
2094,2098
2094,2116
2095,2059
2095,2094
2095,2096
2095,2097
2096,2075
2096,2076
2096,2093
2096,2094
2096,2095
2096,2096
2096,2097
2096,2111
2097,2059
2097,2093
2097,2096
2097,2097
2098,2058
2098,2060
2098,2091
2098,2092
2098,2098
2099,2001
2099,2085
2099,2099
2099,2100
2099,2101
2099,2119
2100,1991
2100,2016
2100,2099
2100,2100
2100,2101
2100,2103
2101,2000
2101,2063
2101,2099
2101,2100
2101,2101
2101,2102
2102,2000
2102,2001
2102,2101
2102,2102
2102,2103
2103,2001
2103,2070
2103,2085
2103,2110
2104,2006
2104,2009
2104,2104
2104,2105
2105,2006
2105,2010
2105,2104
2105,2105
2106,1998
2106,2002
2106,2011
2106,2012
2106,2106
2107,2001
2107,2069
2108,2055
2108,2058
2108,2060
2108,2061
2108,2083
2108,2088
2108,2092
2108,2108
2108,2109
2109,2051
2109,2055
2109,2083
2109,2091
2109,2108
2109,2109
2110,2000
2110,2086
2110,2087
2110,2107
2110,2110
2111,2066
2111,2110
2111,2111
2111,2112
2111,2114
2112,2069
2112,2111
2112,2112
2112,2114
2113,2111
2113,2112
2114,2069
2114,2112
2114,2113
2114,2114
2115,2075
2115,2076
2115,2078
2115,2093
2116,2065
2116,2075
2116,2080
2116,2093
2116,2115
2116,2116
2117,1992
2117,2016
2117,2017
2118,1988
2118,2012
2118,2015
2118,2020
2118,2036
2118,2118
2119,2072
2119,2099
2119,2119
2119,2120
2120,2016
2120,2100
2121,2074
2121,2122
2121,2124
2122,2050
2122,2121
2123,2057
2123,2062
2123,2073
2123,2074
2123,2124
2124,2073
2124,2121
2124,2123
2125,1931
2125,1932
2125,2040
2125,2041
2125,2125
2126,2126
2126,2139
2126,2150
2126,2152
2127,2126
2127,2127
2127,2129
2127,2137
2127,2143
2128,2127
2128,2128
2128,2139
2128,2156
2129,2129
2129,2131
2129,2137
2129,2142
2129,2149
2129,4855
2130,2130
2130,2134
2130,2136
2131,2131
2131,2132
2131,4854
2132,2132
2132,2142
2132,2149
2132,2151
2133,2133
2133,2135
2133,2141
2134,2033
2134,2133
2134,2134
2134,2155
2135,2033
2135,2130
2135,2133
2135,2135
2135,2136
2136,2133
2136,2135
2136,2136
2136,2145
2136,2155
2137,2127
2137,2140
2137,2141
2137,2143
2137,2151
2138,2129
2138,2137
2138,2138
2138,2143
2138,2154
2139,2126
2139,2139
2139,2140
2140,2137
2140,2138
2140,2140
2140,2141
2140,2144
2141,2134
2141,2139
2141,2140
2141,2141
2142,2132
2142,2142
2142,2143
2142,2149
2142,4854
2143,2143
2143,2150
2143,2154
2143,4854
2144,2144
2144,2145
2144,2156
2145,2128
2145,2134
2145,2136
2145,2145
2145,2155
2149,2129
2149,2131
2149,2142
2149,2149
2150,2126
2150,2131
2150,2138
2150,2150
2151,2138
2151,2151
2151,2152
2151,2154
2152,2127
2152,2150
2152,2152
2152,2153
2153,2132
2153,2137
2153,2151
2153,2153
2154,2138
2154,2153
2154,2154
2155,2144
2155,2145
2155,2151
2155,2155
2156,2128
2156,2144
2156,2156
2157,2157
2157,2178
2157,2179
2157,2185
2157,2190
2157,2191
2158,2158
2158,2162
2158,2163
2158,2179
2158,2185
2158,2191
2158,2196
2159,2157
2159,2159
2159,2169
2159,2170
2159,2180
2159,2183
2160,2160
2160,2163
2160,2185
2160,2194
2161,2158
2161,2160
2161,2161
2161,2179
2162,2157
2162,2158
2162,2162
2162,2163
2162,2179
2162,2198
2162,2203
2163,2158
2163,2161
2163,2163
2163,2203
2164,1529
2164,2164
2164,2168
2164,2178
2164,2184
2165,2165
2165,2166
2165,2171
2165,2183
2165,2187
2166,2165
2166,2166
2166,2187
2167,2167
2167,2185
2167,2199
2168,2168
2168,2169
2168,2186
2169,2159
2169,2168
2169,2169
2169,2171
2169,2188
2170,2157
2170,2170
2170,2174
2170,2183
2170,2187
2171,2168
2171,2169
2171,2171
2171,2174
2171,2178
2172,179
2172,2172
2172,2173
2172,2177
2172,2181
2172,2417
2173,2166
2173,2169
2173,2172
2173,2173
2173,2175
2173,2176
2173,2177
2173,2181
2173,2419
2174,2165
2174,2170
2174,2174
2174,2182
2174,2183
2175,2169
2175,2172
2175,2175
2175,2177
2175,2187
2176,1529
2176,2172
2176,2173
2176,2176
2176,2177
2176,2181
2176,2184
2176,2420
2177,2173
2177,2175
2177,2176
2177,2177
2177,2181
2177,2387
2177,2410
2178,2170
2178,2171
2178,2178
2178,2182
2178,2183
2179,2157
2179,2158
2179,2162
2179,2179
2179,2189
2180,2159
2180,2168
2180,2180
2181,2173
2181,2175
2181,2176
2181,2177
2181,2181
2181,2184
2182,2170
2182,2171
2182,2178
2182,2180
2182,2182
2183,2159
2183,2160
2183,2170
2183,2174
2183,2179
2183,2180
2183,2183
2184,2164
2184,2175
2184,2177
2184,2182
2184,2184
2185,2160
2185,2162
2185,2167
2185,2183
2185,2185
2185,2195
2186,2162
2186,2186
2186,2188
2187,2164
2187,2166
2187,2175
2187,2187
2188,2165
2188,2168
2188,2174
2188,2186
2188,2188
2189,2189
2189,2195
2189,2200
2189,2202
2189,2205
2190,2190
2190,2192
2190,2195
2190,2201
2190,2204
2191,2157
2191,2191
2191,2198
2191,2199
2191,2204
2192,2190
2192,2192
2192,2193
2192,2194
2192,2195
2192,2203
2193,2189
2193,2193
2193,2196
2193,2202
2193,2208
2193,2215
2194,2192
2194,2194
2194,2196
2194,2203
2195,2185
2195,2190
2195,2195
2195,2201
2195,2204
2196,2192
2196,2196
2196,2197
2196,2198
2197,2191
2197,2193
2197,2197
2197,2202
2198,2163
2198,2185
2198,2191
2198,2198
2198,2199
2199,2197
2199,2198
2199,2199
2200,2189
2200,2200
2200,2205
2200,2227
2201,2161
2201,2190
2201,2192
2201,2201
2201,2203
2202,2189
2202,2193
2202,2194
2202,2197
2202,2202
2202,2205
2202,2227
2203,2160
2203,2179
2203,2192
2203,2194
2203,2203
2204,2157
2204,2158
2204,2195
2204,2200
2204,2204
2205,2193
2205,2200
2205,2202
2205,2205
2205,2208
2205,2214
2205,2227
2206,2206
2206,2211
2206,2226
2206,2232
2206,2252
2207,2207
2207,2212
2207,2214
2207,2233
2208,2189
2208,2208
2208,2212
2208,2227
2209,2209
2209,2226
2209,2251
2209,2269
2210,2210
2210,2220
2210,2229
2211,2211
2211,2213
2211,2236
2212,2208
2212,2212
2212,2217
2212,2223
2212,2234
2213,2211
2213,2213
2213,2216
2213,2218
2213,2235
2214,2210
2214,2214
2214,2215
2214,2216
2215,2212
2215,2215
2215,2216
2215,2217
2216,2206
2216,2215
2216,2216
2216,2217
2216,2220
2216,2231
2217,2207
2217,2212
2217,2217
2217,2223
2217,2225
2217,2230
2218,2213
2218,2218
2218,2219
2218,2224
2218,2236
2219,2218
2219,2219
2219,2222
2219,2225
2219,2261
2219,2279
2220,2214
2220,2216
2220,2220
2220,2232
2221,2209
2221,2219
2221,2221
2221,2228
2221,2260
2222,2209
2222,2219
2222,2221
2222,2222
2222,2228
2222,2235
2222,2256
2222,2259
2223,2207
2223,2217
2223,2223
2224,2206
2224,2224
2224,2225
2224,2236
2225,2218
2225,2221
2225,2224
2225,2225
2226,2206
2226,2226
2226,2236
2227,2200
2227,2205
2227,2207
2227,2212
2227,2227
2227,2230
2228,2221
2228,2222
2228,2228
2228,2258
2229,2207
2229,2210
2229,2229
2229,2230
2229,2231
2229,2234
2229,2235
2230,2211
2230,2225
2230,2230
2230,2231
2230,2233
2230,2234
2231,2217
2231,2229
2231,2230
2231,2231
2231,2234
2231,2235
2232,2220
2232,2222
2232,2232
2232,2233
2232,2235
2232,2236
2233,2210
2233,2223
2233,2229
2233,2230
2233,2232
2233,2233
2233,2234
2234,2209
2234,2226
2234,2230
2234,2231
2234,2233
2234,2234
2235,2206
2235,2213
2235,2232
2235,2234
2235,2235
2236,2221
2236,2224
2236,2225
2236,2230
2236,2231
2236,2233
2236,2236
2236,2261
2237,2237
2237,2262
2237,2265
2237,2282
2238,2237
2238,2238
2238,2262
2238,2284
2238,2285
2239,2239
2239,2240
2239,2273
2240,2240
2240,2253
2240,2270
2240,2279
2240,2284
2241,2241
2241,2242
2241,2249
2241,2250
2241,2253
2241,2268
2242,2241
2242,2242
2242,2250
2242,2254
2242,2268
2242,2273
2242,2277
2243,2239
2243,2243
2243,2270
2243,2273
2244,2245
2244,2267
2245,2244
2245,2246
2246,2245
2246,2247
2247,2240
2247,2241
2247,2246
2248,2247
2248,2250
2248,2260
2249,2248
2249,2249
2249,2250
2249,2260
2249,2270
2250,2241
2250,2242
2250,2249
2250,2250
2251,2209
2251,2222
2251,2228
2251,2251
2251,2252
2251,2272
2252,2222
2252,2251
2252,2252
2252,2256
2252,2277
2253,2240
2253,2253
2253,2270
2253,2277
2253,2281
2254,2255
2254,2267
2254,2273
2255,2254
2255,2267
2255,2270
2256,2252
2256,2256
2256,2269
2256,2271
2256,2277
2257,2260
2257,2265
2257,2284
2258,2258
2258,2269
2258,2271
2258,2272
2259,2252
2259,2258
2259,2259
2259,2276
2260,2237
2260,2260
2260,2274
2260,2282
2260,2285
2261,2219
2261,2259
2261,2261
2261,2278
2262,2263
2262,2266
2263,2264
2264,2265
2264,2286
2265,2237
2265,2257
2265,2262
2265,2265
2266,2263
2266,2293
2267,2244
2267,2250
2267,2255
2268,2241
2268,2242
2268,2257
2268,2268
2268,2273
2268,2274
2269,2228
2269,2256
2269,2269
2269,2278
2270,2241
2270,2242
2270,2243
2270,2249
2270,2270
2270,2273
2270,2276
2271,2218
2271,2269
2271,2271
2271,2280
2272,2258
2272,2271
2272,2272
2272,2281
2273,2240
2273,2243
2273,2253
2273,2254
2273,2255
2273,2270
2273,2273
2274,2260
2274,2268
2275,2239
2275,2244
2275,2261
2275,2275
2275,2276
2275,2281
2276,2221
2276,2239
2276,2275
2276,2276
2277,2261
2277,2275
2277,2277
2277,2278
2277,2280
2277,2281
2278,2243
2278,2251
2278,2261
2278,2278
2278,2279
2278,2280
2279,2251
2279,2275
2279,2278
2279,2279
2279,2280
2280,2270
2280,2277
2280,2279
2280,2280
2281,2275
2281,2277
2281,2281
2281,2286
2282,2282
2282,2283
2282,2287
2282,2299
2282,2305
2282,2306
2283,2238
2283,2268
2283,2283
2283,2286
2283,2287
2284,2238
2284,2283
2284,2284
2284,2285
2284,2286
2285,2282
2285,2283
2285,2285
2285,2287
2285,2309
2285,2315
2286,2266
2286,2284
2286,2286
2286,2287
2287,2268
2287,2284
2287,2285
2287,2287
2287,2307
2287,2311
2287,2315
2288,2288
2288,2294
2288,2306
2288,2310
2289,2289
2289,2292
2289,2296
2289,2309
2290,2290
2290,2300
2290,2304
2290,2308
2290,2329
2291,2291
2291,2292
2291,2296
2291,2301
2291,2303
2292,2289
2292,2292
2292,2296
2292,2302
2292,2304
2292,2309
2293,2293
2293,2295
2293,2297
2293,2302
2293,2304
2293,2307
2293,2311
2294,2285
2294,2288
2294,2294
2294,2295
2294,2301
2295,2288
2295,2293
2295,2295
2295,2297
2295,2299
2296,2290
2296,2291
2296,2296
2296,2314
2297,2293
2297,2297
2297,2300
2297,2311
2298,2296
2298,2298
2298,2314
2298,2322
2298,2329
2299,2285
2299,2299
2299,2300
2299,2302
2299,2311
2299,2315
2300,2294
2300,2297
2300,2299
2300,2300
2300,2311
2301,2288
2301,2290
2301,2301
2301,2302
2302,2291
2302,2302
2302,2304
2302,2310
2303,2296
2303,2312
2303,2313
2304,2289
2304,2290
2304,2291
2304,2301
2304,2304
2304,2308
2304,2309
2304,2323
2305,2282
2305,2284
2305,2295
2305,2299
2305,2305
2305,2306
2306,2293
2306,2305
2306,2306
2306,2307
2307,2238
2307,2297
2307,2305
2307,2307
2307,2315
2308,2290
2308,2292
2308,2304
2308,2308
2309,2289
2309,2291
2309,2301
2309,2308
2309,2309
2309,2328
2310,2288
2310,2302
2310,2303
2310,2304
2310,2310
2311,2287
2311,2294
2311,2297
2311,2300
2311,2306
2311,2311
2312,2298
2312,2312
2312,2318
2312,2330
2312,2340
2312,2350
2313,2289
2313,2303
2313,2313
2313,2329
2313,2338
2314,2312
2314,2313
2314,2314
2314,2323
2314,2325
2314,2329
2314,2331
2315,2285
2315,2288
2315,2299
2315,2307
2315,2311
2315,2315
2316,2316
2316,2326
2316,2351
2316,2353
2317,2317
2317,2333
2317,2342
2318,2298
2318,2312
2318,2313
2318,2318
2318,2323
2318,2338
2319,2319
2319,2326
2319,2327
2319,2346
2319,2352
2320,2320
2320,2321
2320,2324
2320,2327
2320,2345
2320,2354
2321,2320
2321,2321
2321,2327
2321,2345
2322,2314
2322,2322
2322,2323
2322,2328
2323,2298
2323,2314
2323,2318
2323,2322
2323,2323
2323,2343
2324,2316
2324,2320
2324,2324
2324,2326
2324,2360
2325,2323
2325,2325
2325,2330
2325,2337
2325,2338
2326,2321
2326,2324
2326,2326
2326,2327
2326,2348
2327,2319
2327,2326
2327,2327
2327,2345
2327,2365
2327,2369
2328,2312
2328,2328
2328,2337
2328,2338
2328,2341
2329,2313
2329,2314
2329,2322
2329,2329
2330,2313
2330,2325
2330,2330
2330,2332
2330,2342
2331,2325
2331,2331
2331,2332
2331,2333
2331,2339
2331,2341
2331,2342
2332,2314
2332,2329
2332,2330
2332,2332
2332,2349
2333,2328
2333,2333
2333,2334
2333,2335
2333,2341
2333,2348
2333,2349
2333,2350
2334,2317
2334,2331
2334,2334
2334,2335
2334,2342
2334,2344
2334,2350
2335,2331
2335,2333
2335,2335
2335,2339
2335,2340
2335,2347
2335,2349
2335,2351
2336,2319
2336,2321
2336,2335
2337,2328
2337,2334
2337,2337
2337,2340
2337,2353
2338,2318
2338,2331
2338,2332
2338,2337
2338,2338
2338,2340
2339,2333
2339,2335
2339,2339
2339,2348
2339,2350
2339,2353
2340,2318
2340,2323
2340,2325
2340,2337
2340,2338
2340,2340
2341,2331
2341,2341
2341,2343
2342,2331
2342,2341
2342,2342
2342,2343
2342,2344
2342,2349
2342,2353
2343,2333
2343,2338
2343,2339
2343,2341
2343,2342
2343,2343
2343,2349
2344,2317
2344,2334
2344,2339
2345,2320
2345,2321
2345,2345
2345,2346
2346,2316
2346,2324
2346,2336
2346,2345
2346,2346
2346,2353
2347,2321
2347,2339
2347,2346
2347,2347
2347,2348
2347,2352
2347,2365
2348,2319
2348,2347
2348,2348
2348,2369
2349,2316
2349,2339
2349,2343
2349,2347
2349,2348
2349,2349
2349,2353
2350,2333
2350,2335
2350,2342
2350,2350
2351,2335
2351,2351
2351,2352
2351,2353
2352,2317
2352,2347
2352,2351
2352,2352
2352,2353
2353,2324
2353,2336
2353,2343
2353,2346
2353,2347
2353,2349
2353,2350
2353,2353
2354,2354
2354,2356
2354,2360
2354,2361
2354,2363
2354,2370
2354,2371
2355,2354
2355,2355
2355,2356
2355,2367
2356,2354
2356,2356
2356,2357
2356,2363
2356,2370
2356,2372
2357,2357
2357,2358
2357,2359
2358,2355
2358,2357
2358,2358
2358,2362
2358,2366
2358,2370
2359,577
2359,2357
2359,2359
2359,2362
2359,2367
2359,2369
2359,2371
2360,2327
2360,2336
2360,2360
2360,2367
2360,2369
2361,2355
2361,2361
2361,2366
2362,2362
2362,2366
2362,2372
2362,2373
2362,2374
2362,2414
2363,2355
2363,2363
2363,2364
2363,2365
2364,2364
2364,2365
2364,2370
2365,2354
2365,2356
2365,2365
2365,2368
2366,2358
2366,2362
2366,2366
2366,2367
2366,2373
2366,2382
2366,2385
2367,2359
2367,2363
2367,2367
2367,2371
2368,2361
2368,2365
2368,2368
2368,2372
2369,2348
2369,2354
2369,2360
2369,2363
2369,2369
2369,2373
2370,2361
2370,2363
2370,2365
2370,2370
2370,2371
2371,2358
2371,2367
2371,2369
2371,2371
2371,2372
2371,2373
2372,180
2372,2358
2372,2359
2372,2368
2372,2369
2372,2372
2372,2373
2373,180
2373,2362
2373,2366
2373,2373
2373,2381
2374,180
2374,198
2374,634
2374,2374
2374,2412
2375,2382
2376,2375
2376,2376
2376,2378
2376,2381
2376,2387
2376,2393
2376,2397
2376,2405
2377,2381
2377,2387
2377,2405
2378,2376
2378,2394
2378,2398
2379,2374
2379,2379
2379,2380
2379,2387
2379,2392
2380,2379
2380,2387
2380,2395
2381,2376
2381,2377
2381,2381
2381,2387
2381,2391
2382,634
2382,2375
2382,2376
2382,2380
2382,2381
2382,2382
2382,2389
2382,2390
2382,2391
2382,2397
2382,2408
2383,2383
2383,2384
2383,4846
2384,2383
2384,2384
2384,2385
2384,2387
2384,2395
2385,2362
2385,2384
2386,2387
2386,2388
2387,634
2387,2376
2387,2377
2387,2379
2387,2380
2387,2381
2387,2384
2387,2386
2387,2387
2387,2388
2387,2389
2387,2393
2387,2394
2387,2396
2387,2397
2387,2398
2388,2379
2388,2386
2388,2387
2388,2388
2388,2389
2388,2394
2389,2376
2389,2382
2389,2397
2390,2382
2390,2391
2391,2173
2391,2375
2391,2382
2391,2386
2391,2387
2391,2391
2391,2392
2391,2397
2391,2398
2391,2401
2391,2405
2391,2406
2391,2408
2392,2387
2392,2388
2392,2391
2392,2392
2392,2396
2392,2398
2392,2405
2393,2376
2393,2387
2393,2405
2393,2406
2394,2387
2394,2393
2394,2394
2394,2396
2394,2397
2395,2384
2395,2397
2396,2387
2396,2394
2396,2397
2397,1528
2397,2382
2397,2387
2397,2388
2397,2389
2397,2391
2397,2392
2397,2397
2397,2398
2398,2374
2398,2376
2398,2377
2398,2391
2398,2392
2398,2398
2398,2405
2398,2406
2398,2409
2399,2177
2399,2399
2399,2419
2399,2420
2400,10
2400,2400
2400,2403
2400,2413
2400,2418
2401,2391
2401,2401
2401,2407
2401,2408
2401,2409
2401,2413
2402,2173
2402,2404
2403,2403
2403,2404
2403,2415
2403,2420
2403,2422
2404,36
2404,2402
2404,2403
2404,2404
2404,2414
2404,2422
2405,2184
2405,2362
2405,2373
2405,2387
2405,2390
2405,2398
2405,2405
2405,2406
2405,2421
2406,2376
2406,2391
2406,2396
2406,2398
2406,2405
2406,2406
2406,2407
2407,2398
2407,2401
2407,2404
2407,2407
2407,2408
2408,2401
2408,2405
2408,2406
2408,2407
2408,2408
2408,2409
2409,2398
2409,2408
2410,5
2410,179
2410,2399
2410,2410
2410,2411
2410,2413
2410,2421
2411,516
2411,2411
2411,2412
2411,2413
2412,2400
2412,2418
2413,2181
2413,2410
2413,2413
2413,2420
2413,2421
2414,2404
2415,2400
2416,2173
2416,2420
2417,2420
2418,2401
2418,2408
2419,2399
2419,2420
2420,2176
2420,2400
2420,2403
2420,2404
2420,2411
2420,2416
2420,2417
2420,2420
2420,2422
2421,2410
2422,2403
2422,2404
2478,15
2478,4901
4807,5
4807,10
4807,2478
4807,4807
4807,4888
4807,4889
4846,2376
4846,2383
4846,4846
4847,2176
4847,4847
4848,36
4848,4848
4849,37
4849,516
4850,37
4850,541
4851,512
4851,553
4852,9
4852,37
4852,38
4852,146
4852,149
4852,4852
4853,9
4853,4853
4854,2129
4854,2131
4854,2132
4854,4854
4854,4865
4855,4855
4855,4856
4855,4857
4855,4861
4855,4863
4855,4867
4856,4855
4856,4856
4856,4857
4857,12
4857,4855
4857,4856
4857,4857
4857,4858
4857,4866
4858,4856
4858,4858
4858,4859
4858,4862
4858,4864
4859,4858
4859,4859
4859,4860
4860,12
4860,4858
4860,4860
4860,4861
4860,4892
4861,4855
4861,4858
4861,4861
4861,4864
4861,4868
4862,4862
4862,4863
4862,4868
4862,4870
4862,4879
4863,4855
4863,4861
4863,4863
4863,4864
4863,4867
4863,4871
4864,4856
4864,4857
4864,4861
4864,4864
4864,4865
4864,4869
4865,4864
4865,4865
4865,4866
4866,4859
4866,4865
4866,4866
4866,4867
4867,4862
4867,4863
4867,4867
4868,4862
4868,4868
4868,4869
4868,4871
4869,4868
4869,4869
4869,4870
4869,4872
4870,4862
4870,4864
4870,4870
4871,4868
4871,4870
4871,4871
4871,4881
4872,4872
4872,4873
4872,4874
4872,4875
4872,4876
4872,4877
4872,4881
4872,4882
4873,4872
4873,4873
4873,4874
4873,4880
4873,4881
4873,4883
4873,4893
4874,4872
4874,4874
4874,4875
4874,4876
4875,4874
4875,4875
4875,4876
4875,4885
4876,10
4876,4873
4876,4874
4876,4875
4876,4876
4876,4877
4877,4872
4877,4876
4877,4877
4877,4878
4877,4879
4877,4881
4878,4877
4878,4878
4878,4879
4879,4878
4879,4879
4879,4880
4880,4875
4880,4877
4880,4879
4880,4880
4880,4881
4881,4869
4881,4872
4881,4873
4881,4874
4881,4881
4882,4873
4882,4882
4882,4883
4882,4885
4882,4887
4882,4896
4883,4883
4883,4884
4883,4891
4883,4896
4884,4882
4884,4884
4884,4885
4885,4876
4885,4882
4885,4883
4885,4885
4885,4886
4886,4877
4886,4886
4887,10
4887,4885
4887,4887
4887,4888
4887,4891
4887,4895
4888,36
4888,4807
4888,4888
4888,4889
4889,36
4889,4889
4889,4890
4889,4897
4889,4899
4890,38
4890,4887
4890,4890
4890,4891
4891,5
4891,4887
4891,4888
4891,4890
4891,4891
4891,4894
4892,4860
4892,4892
4893,4885
4893,4895
4894,4893
4894,4894
4895,4887
4896,4873
4896,4890
4897,4897
4897,4898
4898,4889
4898,4898
4899,4900
4900,4890
4900,4899
4901,36
4901,4901
